1.105892
1.114951
1.123880
1.132679
1.141346
1.149880
1.158280
1.166546
1.174676
1.182669
1.190523
1.198240
1.205816
1.213252
1.220546
1.227697
1.234706
1.241570
1.248289
1.254862
1.261289
1.267568
1.273700
1.279682
1.285515
1.291198
1.296731
1.302112
1.307341
1.312417
1.317340
1.322110
1.326726
1.331186
1.335492
1.339643
1.343637
1.347476
1.351157
1.354682
1.358049
1.361259
1.364310
1.367204
1.369939
1.372516
1.374934
1.377194
1.379294
1.381235
1.383017
1.384640
1.386104
1.387408
1.388553
1.389539
1.390366
1.391033
1.391542
1.391892
1.392083
1.392116
1.391990
1.391706
1.391265
1.390665
1.389909
1.388996
1.387925
1.386699
1.385317
1.383779
1.382085
1.380238
1.378235
1.376080
1.373770
1.371308
1.368694
1.365928
1.363011
1.359943
1.356725
1.353358
1.349843
1.346179
1.342368
1.338410
1.334306
1.330057
1.325664
1.321127
1.316447
1.311624
1.306661
1.301557
1.296313
1.290930
1.285410
1.279752
1.273958
1.268029
1.261966
1.255769
1.249440
1.242979
1.236388
1.229667
1.222817
1.215841
1.208737
1.201508
1.194155
1.186678
1.179079
1.171359
1.163518
1.155559
1.147481
1.139287
1.130976
1.122552
1.114013
1.105363
1.096601
1.087729
1.078748
1.069659
1.060464
1.051164
1.041759
1.032251
1.022642
1.012932
1.003123
0.993215
0.983211
0.973111
0.962916
0.952629
0.942249
0.931778
0.921218
0.910570
0.899835
0.889014
0.878108
0.867119
0.856048
0.844897
0.833665
0.822356
0.810970
0.799508
0.787972
0.776362
0.764681
0.752929
0.741108
0.729218
0.717262
0.705240
0.693155
0.681006
0.668795
0.656524
0.644194
0.631806
0.619361
0.606861
0.594307
0.581699
0.569041
0.556332
0.543573
0.530767
0.517915
0.505017
0.492075
0.479090
0.466063
0.452997
0.439891
0.426747
0.413566
0.400350
0.387100
0.373816
0.360501
0.347156
0.333781
0.320377
0.306947
0.293491
0.280011
0.266507
0.252981
0.239434
0.225867
0.212281
0.198678
0.185058
0.171424
0.157775
0.144113
0.130440
0.116756
0.103063
0.089361
0.075652
0.061937
0.048218
0.034494
0.020767
0.007039
-0.006689
-0.020417
-0.034144
-0.047867
-0.061587
-0.075302
-0.089011
-0.102713
-0.116407
-0.130092
-0.143767
-0.157430
-0.171082
-0.184720
-0.198343
-0.211952
-0.225544
-0.239119
-0.252675
-0.266212
-0.279729
-0.293224
-0.306698
-0.320148
-0.333573
-0.346974
-0.360348
-0.373696
-0.387015
-0.400305
-0.413565
-0.426795
-0.439992
-0.453157
-0.466289
-0.479386
-0.492447
-0.505472
-0.518460
-0.531410
-0.544321
-0.557192
-0.570022
-0.582810
-0.595557
-0.608259
-0.620918
-0.633532
-0.646100
-0.658621
-0.671095
-0.683521
-0.695897
-0.708223
-0.720499
-0.732724
-0.744895
-0.757014
-0.769079
-0.781090
-0.793044
-0.804943
-0.816785
-0.828569
-0.840295
-0.851961
-0.863567
-0.875113
-0.886598
-0.898020
-0.909380
-0.920675
-0.931907
-0.943074
-0.954175
-0.965210
-0.976178
-0.987078
-0.997909
-1.008672
-1.019365
-1.029987
-1.040539
-1.051019
-1.061427
-1.071761
-1.082022
-1.092209
-1.102321
-1.112358
-1.122318
-1.132202
-1.142009
-1.151737
-1.161388
-1.170959
-1.180451
-1.189862
-1.199193
-1.208442
-1.217609
-1.226694
-1.235696
-1.244615
-1.253449
-1.262199
-1.270863
-1.279442
-1.287934
-1.296340
-1.304659
-1.312890
-1.321032
-1.329086
-1.337050
-1.344925
-1.352710
-1.360404
-1.368007
-1.375518
-1.382937
-1.390263
-1.397497
-1.404637
-1.411683
-1.418634
-1.425491
-1.432253
-1.438919
-1.445489
-1.451963
-1.458340
-1.464619
-1.470801
-1.476885
-1.482870
-1.488756
-1.494544
-1.500231
-1.505819
-1.511306
-1.516692
-1.521978
-1.527162
-1.532244
-1.537224
-1.542102
-1.546877
-1.551549
-1.556117
-1.560582
-1.564943
-1.569199
-1.573351
-1.577397
-1.581339
-1.585175
-1.588905
-1.592528
-1.596046
-1.599457
-1.602761
-1.605958
-1.609047
-1.612029
-1.614903
-1.617668
-1.620326
-1.622874
-1.625314
-1.627645
-1.629866
-1.631978
-1.633981
-1.635873
-1.637656
-1.639328
-1.640890
-1.642341
-1.643681
-1.644910
-1.646029
-1.647036
-1.647931
-1.648715
-1.649388
-1.649948
-1.650397
-1.650733
-1.650957
-1.651069
-1.651069
-1.650956
-1.650730
-1.650392
-1.649941
-1.649377
-1.648700
-1.647910
-1.647007
-1.645991
-1.644861
-1.643619
-1.642263
-1.640794
-1.639211
-1.637515
-1.635706
-1.633784
-1.631748
-1.629599
-1.627336
-1.624960
-1.622471
-1.619868
-1.617152
-1.614323
-1.611381
-1.608326
-1.605157
-1.601876
-1.598481
-1.594974
-1.591354
-1.587622
-1.583777
-1.579819
-1.575749
-1.571567
-1.567273
-1.562866
-1.558348
-1.553718
-1.548977
-1.544124
-1.539160
-1.534085
-1.528900
-1.523603
-1.518196
-1.512679
-1.507052
-1.501315
-1.495468
-1.489512
-1.483446
-1.477272
-1.470989
-1.464598
-1.458099
-1.451492
-1.444777
-1.437955
-1.431027
-1.423991
-1.416849
-1.409601
-1.402248
-1.394789
-1.387226
-1.379557
-1.371785
-1.363908
-1.355928
-1.347845
-1.339659
-1.331371
-1.322982
-1.314490
-1.305898
-1.297205
-1.288412
-1.279520
-1.270528
-1.261437
-1.252249
-1.242962
-1.233579
-1.224099
-1.214522
-1.204850
-1.195083
-1.185221
-1.175266
-1.165217
-1.155075
-1.144841
-1.134515
-1.124099
-1.113592
-1.102995
-1.092309
-1.081535
-1.070673
-1.059724
-1.048688
-1.037567
-1.026360
-1.015069
-1.003695
-0.992237
-0.980698
-0.969077
-0.957375
-0.945594
-0.933733
-0.921795
-0.909778
-0.897685
-0.885516
-0.873273
-0.860955
-0.848563
-0.836099
-0.823564
-0.810958
-0.798282
-0.785538
-0.772725
-0.759845
-0.746900
-0.733889
-0.720814
-0.707675
-0.694475
-0.681213
-0.667892
-0.654511
-0.641072
-0.627575
-0.614023
-0.600416
-0.586755
-0.573040
-0.559275
-0.545458
-0.531592
-0.517678
-0.503716
-0.489708
-0.475656
-0.461559
-0.447420
-0.433239
-0.419019
-0.404759
-0.390461
-0.376127
-0.361757
-0.347354
-0.332918
-0.318450
-0.303952
-0.289424
-0.274870
-0.260288
-0.245682
-0.231053
-0.216400
-0.201727
-0.187034
-0.172323
-0.157595
-0.142852
-0.128094
-0.113323
-0.098542
-0.083750
-0.068950
-0.054143
-0.039331
-0.024514
-0.009695
0.005126
0.019946
0.034765
0.049580
0.064390
0.079194
0.093990
0.108777
0.123554
0.138317
0.153067
0.167802
0.182519
0.197218
0.211896
0.226554
0.241187
0.255796
0.270379
0.284933
0.299458
0.313952
0.328413
0.342840
0.357231
0.371584
0.385898
0.400172
0.414403
0.428590
0.442731
0.456825
0.470871
0.484866
0.498809
0.512698
0.526532
0.540310
0.554028
0.567687
0.581284
0.594818
0.608287
0.621689
0.635024
0.648289
0.661482
0.674603
0.687649
0.700619
0.713512
0.726326
0.739059
0.751709
0.764276
0.776758
0.789153
0.801459
0.813676
0.825801
0.837833
0.849771
0.861613
0.873358
0.885004
0.896550
0.907994
0.919335
0.930571
0.941702
0.952725
0.963640
0.974444
0.985137
0.995717
1.006183
1.016534
1.026768
1.036884
1.046881
1.056757
1.066511
1.076143
1.085650
1.095031
1.104287
1.113414
1.122413
1.131281
1.140019
1.148624
1.157096
1.165433
1.173636
1.181702
1.189630
1.197420
1.205071
1.212582
1.219952
1.227179
1.234264
1.241205
1.248001
1.254653
1.261157
1.267515
1.273726
1.279788
1.285700
1.291463
1.297076
1.302538
1.307848
1.313005
1.318010
1.322862
1.327560
1.332103
1.336491
1.340725
1.344802
1.348724
1.352489
1.356097
1.359549
1.362842
1.365978
1.368956
1.371776
1.374438
1.376940
1.379285
1.381470
1.383496
1.385363
1.387071
1.388620
1.390009
1.391239
1.392310
1.393222
1.393975
1.394569
1.395003
1.395280
1.395397
1.395356
1.395157
1.394800
1.394286
1.393613
1.392784
1.391798
1.390655
1.389357
1.387902
1.386293
1.384528
1.382609
1.380535
1.378309
1.375929
1.373396
1.370712
1.367876
1.364890
1.361753
1.358466
1.355031
1.351447
1.347715
1.343836
1.339812
1.335641
1.331326
1.326866
1.322264
1.317518
1.312631
1.307603
1.302435
1.297128
1.291682
1.286099
1.280379
1.274524
1.268533
1.262409
1.256152
1.249763
1.243242
1.236592
1.229813
1.222906
1.215871
1.208711
1.201426
1.194016
1.186484
1.178830
1.171056
1.163162
1.155149
1.147019
1.138772
1.130411
1.121935
1.113346
1.104646
1.095834
1.086914
1.077885
1.068749
1.059507
1.050160
1.040710
1.031157
1.021504
1.011750
1.001897
0.991947
0.981901
0.971759
0.961524
0.951196
0.940777
0.930267
0.919669
0.908983
0.898210
0.887353
0.876411
0.865387
0.854282
0.843097
0.831832
0.820490
0.809072
0.797579
0.786012
0.774372
0.762662
0.750881
0.739032
0.727115
0.715132
0.703084
0.690973
0.678799
0.666564
0.654270
0.641916
0.629506
0.617040
0.604518
0.591944
0.579317
0.566639
0.553912
0.541136
0.528312
0.515443
0.502530
0.489572
0.476573
0.463532
0.450452
0.437333
0.424178
0.410985
0.397759
0.384498
0.371205
0.357881
0.344527
0.331145
0.317734
0.304298
0.290836
0.277350
0.263842
0.250312
0.236761
0.223192
0.209604
0.195999
0.182379
0.168744
0.155095
0.141434
0.127763
0.114081
0.100390
0.086692
0.072986
0.059276
0.045561
0.031843
0.018122
0.004401
-0.009320
-0.023041
-0.036759
-0.050473
-0.064184
-0.077889
-0.091587
-0.105278
-0.118960
-0.132633
-0.146295
-0.159945
-0.173582
-0.187206
-0.200814
-0.214407
-0.227983
-0.241542
-0.255081
-0.268601
-0.282099
-0.295576
-0.309030
-0.322461
-0.335866
-0.349246
-0.362599
-0.375925
-0.389222
-0.402490
-0.415727
-0.428933
-0.442107
-0.455247
-0.468353
-0.481425
-0.494460
-0.507459
-0.520420
-0.533343
-0.546226
-0.559068
-0.571870
-0.584629
-0.597346
-0.610019
-0.622647
-0.635230
-0.647767
-0.660256
-0.672698
-0.685091
-0.697434
-0.709727
-0.721969
-0.734159
-0.746297
-0.758380
-0.770410
-0.782384
-0.794303
-0.806165
-0.817970
-0.829717
-0.841404
-0.853033
-0.864601
-0.876107
-0.887553
-0.898935
-0.910255
-0.921510
-0.932701
-0.943827
-0.954886
-0.965879
-0.976805
-0.987663
-0.998451
-1.009171
-1.019820
-1.030399
-1.040907
-1.051342
-1.061705
-1.071994
-1.082210
-1.092351
-1.102417
-1.112407
-1.122321
-1.132158
-1.141917
-1.151598
-1.161201
-1.170724
-1.180167
-1.189530
-1.198811
-1.208011
-1.217129
-1.226164
-1.235116
-1.243984
-1.252767
-1.261466
-1.270079
-1.278607
-1.287048
-1.295401
-1.303668
-1.311846
-1.319936
-1.327937
-1.335848
-1.343670
-1.351401
-1.359041
-1.366589
-1.374046
-1.381411
-1.388682
-1.395861
-1.402945
-1.409936
-1.416832
-1.423633
-1.430339
-1.436949
-1.443463
-1.449880
-1.456199
-1.462422
-1.468546
-1.474573
-1.480500
-1.486329
-1.492058
-1.497688
-1.503217
-1.508646
-1.513974
-1.519200
-1.524325
-1.529349
-1.534269
-1.539088
-1.543803
-1.548415
-1.552924
-1.557328
-1.561629
-1.565825
-1.569916
-1.573902
-1.577783
-1.581558
-1.585227
-1.588790
-1.592246
-1.595596
-1.598838
-1.601973
-1.605001
-1.607921
-1.610733
-1.613436
-1.616032
-1.618518
-1.620896
-1.623164
-1.625323
-1.627372
-1.629312
-1.631142
-1.632861
-1.634470
-1.635969
-1.637357
-1.638634
-1.639800
-1.640855
-1.641799
-1.642631
-1.643352
-1.643960
-1.644457
-1.644842
-1.645115
-1.645275
-1.645324
-1.645259
-1.645082
-1.644793
-1.644390
-1.643875
-1.643247
-1.642506
-1.641652
-1.640685
-1.639605
-1.638411
-1.637105
-1.635685
-1.634151
-1.632505
-1.630745
-1.628871
-1.626885
-1.624784
-1.622571
-1.620244
-1.617804
-1.615251
-1.612584
-1.609804
-1.606911
-1.603905
-1.600785
-1.597553
-1.594208
-1.590749
-1.587178
-1.583495
-1.579698
-1.575789
-1.571768
-1.567635
-1.563389
-1.559031
-1.554561
-1.549980
-1.545287
-1.540482
-1.535566
-1.530539
-1.525402
-1.520153
-1.514794
-1.509324
-1.503744
-1.498054
-1.492255
-1.486346
-1.480328
-1.474200
-1.467964
-1.461620
-1.455167
-1.448606
-1.441938
-1.435162
-1.428279
-1.421289
-1.414193
-1.406990
-1.399682
-1.392268
-1.384749
-1.377125
-1.369397
-1.361565
-1.353629
-1.345590
-1.337448
-1.329203
-1.320856
-1.312408
-1.303858
-1.295208
-1.286457
-1.277607
-1.268657
-1.259608
-1.250460
-1.241215
-1.231872
-1.222432
-1.212896
-1.203264
-1.193536
-1.183714
-1.173797
-1.163787
-1.153683
-1.143487
-1.133200
-1.122820
-1.112351
-1.101791
-1.091141
-1.080403
-1.069577
-1.058663
-1.047662
-1.036575
-1.025403
-1.014146
-1.002805
-0.991381
-0.979874
-0.968286
-0.956616
-0.944867
-0.933037
-0.921129
-0.909143
-0.897080
-0.884941
-0.872726
-0.860437
-0.848074
-0.835638
-0.823130
-0.810551
-0.797901
-0.785183
-0.772396
-0.759541
-0.746620
-0.733633
-0.720582
-0.707467
-0.694289
-0.681049
-0.667749
-0.654389
-0.640970
-0.627494
-0.613961
-0.600373
-0.586730
-0.573034
-0.559286
-0.545486
-0.531636
-0.517737
-0.503791
-0.489798
-0.475759
-0.461676
-0.447549
-0.433381
-0.419172
-0.404923
-0.390636
-0.376311
-0.361951
-0.347556
-0.333128
-0.318667
-0.304176
-0.289655
-0.275105
-0.260529
-0.245927
-0.231301
-0.216651
-0.201980
-0.187289
-0.172579
-0.157851
-0.143107
-0.128348
-0.113576
-0.098792
-0.083997
-0.069193
-0.054382
-0.039564
-0.024742
-0.009916
0.004912
0.019740
0.034567
0.049392
0.064212
0.079027
0.093835
0.108634
0.123423
0.138201
0.152965
0.167714
0.182447
0.197163
0.211859
0.226534
0.241186
0.255815
0.270417
0.284993
0.299539
0.314055
0.328540
0.342990
0.357405
0.371784
0.386124
0.400424
0.414683
0.428898
0.443068
0.457192
0.471268
0.485294
0.499269
0.513191
0.527058
0.540869
0.554623
0.568317
0.581950
0.595521
0.609027
0.622468
0.635841
0.649145
0.662379
0.675541
0.688629
0.701642
0.714578
0.727435
0.740212
0.752908
0.765521
0.778049
0.790491
0.802846
0.815111
0.827285
0.839367
0.851355
0.863249
0.875045
0.886743
0.898342
0.909840
0.921235
0.932526
0.943712
0.954791
0.965762
0.976624
0.987375
0.998013
1.008538
1.018948
1.029242
1.039418
1.049476
1.059414
1.069230
1.078924
1.088494
1.097940
1.107259
1.116451
1.125515
1.134449
1.143252
1.151924
1.160462
1.168867
1.177137
1.185271
1.193268
1.201127
1.208848
1.216428
1.223868
1.231166
1.238321
1.245333
1.252201
1.258924
1.265501
1.271931
1.278214
1.284349
1.290335
1.296172
1.301858
1.307394
1.312778
1.318010
1.323090
1.328017
1.332789
1.337408
1.341872
1.346181
1.350335
1.354332
1.358173
1.361858
1.365386
1.368756
1.371968
1.375023
1.377920
1.380658
1.383238
1.385659
1.387921
1.390024
1.391968
1.393753
1.395379
1.396845
1.398153
1.399300
1.400289
1.401119
1.401790
1.402301
1.402654
1.402848
1.402884
1.402761
1.402481
1.402042
1.401446
1.400693
1.399782
1.398715
1.397492
1.396113
1.394578
1.392888
1.391044
1.389045
1.386893
1.384587
1.382128
1.379517
1.376755
1.373841
1.370777
1.367563
1.364200
1.360688
1.357028
1.353220
1.349266
1.345167
1.340922
1.336532
1.331999
1.327323
1.322505
1.317545
1.312446
1.307206
1.301828
1.296312
1.290658
1.284869
1.278944
1.272886
1.266693
1.260369
1.253913
1.247326
1.240610
1.233766
1.226794
1.219695
1.212471
1.205123
1.197651
1.190057
1.182342
1.174507
1.166553
1.158480
1.150291
1.141987
1.133567
1.125034
1.116389
1.107633
1.098767
1.089792
1.080709
1.071520
1.062225
1.052827
1.043325
1.033722
1.024018
1.014215
1.004313
0.994315
0.984222
0.974033
0.963752
0.953379
0.942915
0.932361
0.921719
0.910991
0.900176
0.889277
0.878295
0.867231
0.856087
0.844862
0.833560
0.822181
0.810726
0.799197
0.787594
0.775920
0.764176
0.752362
0.740479
0.728531
0.716516
0.704438
0.692297
0.680094
0.667830
0.655507
0.643127
0.630690
0.618197
0.605651
0.593052
0.580401
0.567699
0.554949
0.542151
0.529306
0.516417
0.503483
0.490506
0.477487
0.464429
0.451331
0.438195
0.425023
0.411815
0.398573
0.385298
0.371992
0.358654
0.345288
0.331893
0.318471
0.305024
0.291552
0.278057
0.264539
0.251001
0.237442
0.223865
0.210271
0.196660
0.183034
0.169395
0.155742
0.142077
0.128402
0.114718
0.101025
0.087325
0.073620
0.059909
0.046194
0.032477
0.018758
0.005038
-0.008681
-0.022398
-0.036112
-0.049823
-0.063529
-0.077229
-0.090921
-0.104606
-0.118282
-0.131947
-0.145601
-0.159243
-0.172872
-0.186486
-0.200085
-0.213667
-0.227233
-0.240780
-0.254307
-0.267815
-0.281301
-0.294764
-0.308205
-0.321621
-0.335012
-0.348376
-0.361714
-0.375024
-0.388304
-0.401555
-0.414775
-0.427963
-0.441118
-0.454240
-0.467327
-0.480378
-0.493394
-0.506372
-0.519312
-0.532213
-0.545074
-0.557895
-0.570673
-0.583410
-0.596103
-0.608752
-0.621356
-0.633914
-0.646425
-0.658889
-0.671305
-0.683672
-0.695988
-0.708254
-0.720468
-0.732631
-0.744740
-0.756795
-0.768795
-0.780740
-0.792629
-0.804461
-0.816235
-0.827951
-0.839607
-0.851204
-0.862740
-0.874214
-0.885627
-0.896976
-0.908262
-0.919484
-0.930641
-0.941732
-0.952757
-0.963715
-0.974605
-0.985427
-0.996180
-1.006863
-1.017476
-1.028018
-1.038488
-1.048885
-1.059210
-1.069462
-1.079639
-1.089741
-1.099768
-1.109719
-1.119593
-1.129390
-1.139109
-1.148749
-1.158311
-1.167793
-1.177194
-1.186515
-1.195755
-1.204913
-1.213988
-1.222981
-1.231889
-1.240714
-1.249454
-1.258109
-1.266679
-1.275162
-1.283558
-1.291867
-1.300089
-1.308222
-1.316266
-1.324222
-1.332087
-1.339862
-1.347547
-1.355141
-1.362642
-1.370052
-1.377370
-1.384594
-1.391725
-1.398762
-1.405704
-1.412552
-1.419305
-1.425962
-1.432523
-1.438988
-1.445356
-1.451627
-1.457800
-1.463875
-1.469851
-1.475729
-1.481507
-1.487186
-1.492765
-1.498244
-1.503622
-1.508899
-1.514074
-1.519148
-1.524120
-1.528989
-1.533756
-1.538419
-1.542980
-1.547436
-1.551789
-1.556037
-1.560180
-1.564219
-1.568152
-1.571980
-1.575702
-1.579318
-1.582828
-1.586231
-1.589527
-1.592716
-1.595798
-1.598772
-1.601638
-1.604396
-1.607046
-1.609587
-1.612020
-1.614343
-1.616557
-1.618662
-1.620657
-1.622542
-1.624318
-1.625983
-1.627537
-1.628982
-1.630315
-1.631537
-1.632649
-1.633649
-1.634538
-1.635315
-1.635981
-1.636535
-1.636977
-1.637306
-1.637524
-1.637630
-1.637623
-1.637503
-1.637271
-1.636927
-1.636469
-1.635899
-1.635216
-1.634420
-1.633511
-1.632489
-1.631354
-1.630105
-1.628744
-1.627269
-1.625681
-1.623979
-1.622164
-1.620236
-1.618195
-1.616040
-1.613772
-1.611390
-1.608896
-1.606288
-1.603567
-1.600733
-1.597785
-1.594725
-1.591551
-1.588265
-1.584865
-1.581353
-1.577728
-1.573991
-1.570141
-1.566179
-1.562104
-1.557917
-1.553618
-1.549207
-1.544685
-1.540050
-1.535304
-1.530447
-1.525479
-1.520400
-1.515209
-1.509909
-1.504497
-1.498976
-1.493344
-1.487603
-1.481752
-1.475792
-1.469723
-1.463545
-1.457258
-1.450863
-1.444360
-1.437749
-1.431030
-1.424205
-1.417272
-1.410233
-1.403087
-1.395836
-1.388479
-1.381016
-1.373449
-1.365777
-1.358001
-1.350121
-1.342137
-1.334051
-1.325862
-1.317570
-1.309177
-1.300682
-1.292087
-1.283390
-1.274594
-1.265698
-1.256703
-1.247609
-1.238418
-1.229128
-1.219741
-1.210258
-1.200678
-1.191003
-1.181232
-1.171368
-1.161409
-1.151357
-1.141212
-1.130975
-1.120646
-1.110226
-1.099716
-1.089116
-1.078427
-1.067650
-1.056785
-1.045832
-1.034794
-1.023669
-1.012459
-1.001165
-0.989788
-0.978327
-0.966785
-0.955161
-0.943456
-0.931671
-0.919808
-0.907866
-0.895846
-0.883750
-0.871578
-0.859331
-0.847010
-0.834615
-0.822148
-0.809609
-0.797000
-0.784321
-0.771573
-0.758757
-0.745874
-0.732925
-0.719911
-0.706832
-0.693691
-0.680487
-0.667222
-0.653897
-0.640512
-0.627070
-0.613570
-0.600014
-0.586403
-0.572738
-0.559021
-0.545251
-0.531431
-0.517561
-0.503643
-0.489678
-0.475666
-0.461610
-0.447509
-0.433366
-0.419182
-0.404957
-0.390694
-0.376392
-0.362054
-0.347681
-0.333273
-0.318833
-0.304361
-0.289858
-0.275327
-0.260768
-0.246183
-0.231573
-0.216939
-0.202282
-0.187605
-0.172908
-0.158192
-0.143460
-0.128712
-0.113950
-0.099175
-0.084389
-0.069593
-0.054789
-0.039977
-0.025160
-0.010339
0.004485
0.019310
0.034134
0.048957
0.063777
0.078592
0.093401
0.108202
0.122993
0.137774
0.152542
0.167297
0.182036
0.196758
0.211461
0.226144
0.240806
0.255444
0.270058
0.284645
0.299204
0.313734
0.328232
0.342698
0.357129
0.371525
0.385882
0.400201
0.414479
0.428714
0.442906
0.457052
0.471150
0.485200
0.499199
0.513147
0.527040
0.540879
0.554660
0.568383
0.582046
0.595647
0.609185
0.622658
0.636065
0.649403
0.662672
0.675869
0.688994
0.702044
0.715017
0.727914
0.740731
0.753467
0.766122
0.778692
0.791177
0.803575
0.815885
0.828104
0.840233
0.852268
0.864209
0.876054
0.887801
0.899450
0.910998
0.922445
0.933788
0.945027
0.956160
0.967185
0.978101
0.988908
0.999603
1.010185
1.020652
1.031005
1.041240
1.051357
1.061355
1.071233
1.080988
1.090620
1.100128
1.109511
1.118766
1.127894
1.136893
1.145762
1.154500
1.163105
1.171577
1.179914
1.188116
1.196182
1.204110
1.211899
1.219550
1.227059
1.234428
1.241654
1.248738
1.255678
1.262472
1.269122
1.275625
1.281981
1.288189
1.294249
1.300160
1.305921
1.311531
1.316990
1.322297
1.327452
1.332454
1.337302
1.341997
1.346537
1.350922
1.355152
1.359226
1.363144
1.366905
1.370509
1.373957
1.377246
1.380378
1.383352
1.386167
1.388824
1.391322
1.393661
1.395841
1.397863
1.399725
1.401427
1.402971
1.404355
1.405579
1.406645
1.407551
1.408298
1.408886
1.409315
1.409585
1.409696
1.409649
1.409444
1.409081
1.408560
1.407881
1.407045
1.406053
1.404904
1.403598
1.402137
1.400520
1.398749
1.396822
1.394742
1.392508
1.390121
1.387582
1.384890
1.382047
1.379053
1.375909
1.372615
1.369172
1.365581
1.361841
1.357955
1.353923
1.349745
1.345422
1.340955
1.336344
1.331591
1.326696
1.321661
1.316485
1.311170
1.305716
1.300125
1.294398
1.288534
1.282536
1.276404
1.270139
1.263742
1.257214
1.250556
1.243769
1.236854
1.229812
1.222643
1.215350
1.207933
1.200394
1.192732
1.184950
1.177048
1.169027
1.160889
1.152635
1.144266
1.135783
1.127186
1.118478
1.109660
1.100732
1.091695
1.082552
1.073302
1.063948
1.054491
1.044931
1.035270
1.025509
1.015649
1.005692
0.995638
0.985490
0.975247
0.964912
0.954486
0.943970
0.933365
0.922672
0.911893
0.901028
0.890080
0.879050
0.867938
0.856746
0.845475
0.834127
0.822702
0.811203
0.799629
0.787984
0.776267
0.764480
0.752625
0.740702
0.728713
0.716659
0.704542
0.692362
0.680122
0.667822
0.655463
0.643047
0.630575
0.618048
0.605468
0.592836
0.580153
0.567420
0.554639
0.541811
0.528937
0.516018
0.503056
0.490051
0.477006
0.463921
0.450797
0.437637
0.424440
0.411209
0.397944
0.384647
0.371318
0.357960
0.344573
0.331158
0.317718
0.304252
0.290762
0.277249
0.263715
0.250161
0.236587
0.222996
0.209387
0.195763
0.182124
0.168472
0.154808
0.141133
0.127447
0.113753
0.100051
0.086343
0.072629
0.058911
0.045190
0.031466
0.017742
0.004017
-0.009706
-0.023427
-0.037145
-0.050858
-0.064566
-0.078267
-0.091960
-0.105645
-0.119321
-0.132985
-0.146638
-0.160278
-0.173904
-0.187515
-0.201110
-0.214689
-0.228249
-0.241791
-0.255313
-0.268813
-0.282292
-0.295749
-0.309181
-0.322589
-0.335971
-0.349326
-0.362653
-0.375952
-0.389222
-0.402461
-0.415669
-0.428844
-0.441986
-0.455094
-0.468167
-0.481204
-0.494205
-0.507167
-0.520091
-0.532976
-0.545820
-0.558623
-0.571384
-0.584102
-0.596776
-0.609406
-0.621990
-0.634528
-0.647019
-0.659462
-0.671856
-0.684201
-0.696495
-0.708738
-0.720929
-0.733068
-0.745152
-0.757183
-0.769158
-0.781078
-0.792941
-0.804747
-0.816495
-0.828183
-0.839812
-0.851381
-0.862889
-0.874335
-0.885719
-0.897039
-0.908295
-0.919487
-0.930613
-0.941674
-0.952668
-0.963594
-0.974452
-0.985242
-0.995962
-1.006612
-1.017192
-1.027700
-1.038136
-1.048499
-1.058790
-1.069006
-1.079148
-1.089214
-1.099205
-1.109120
-1.118957
-1.128717
-1.138399
-1.148002
-1.157526
-1.166970
-1.176333
-1.185615
-1.194816
-1.203934
-1.212970
-1.221922
-1.230791
-1.239575
-1.248274
-1.256888
-1.265416
-1.273858
-1.282212
-1.290479
-1.298658
-1.306749
-1.314751
-1.322663
-1.330485
-1.338216
-1.345857
-1.353407
-1.360864
-1.368229
-1.375502
-1.382681
-1.389767
-1.396758
-1.403655
-1.410457
-1.417164
-1.423774
-1.430289
-1.436707
-1.443028
-1.449251
-1.455376
-1.461404
-1.467332
-1.473162
-1.478892
-1.484523
-1.490053
-1.495483
-1.500812
-1.506040
-1.511166
-1.516190
-1.521113
-1.525932
-1.530649
-1.535262
-1.539772
-1.544178
-1.548480
-1.552677
-1.556770
-1.560758
-1.564640
-1.568416
-1.572087
-1.575651
-1.579109
-1.582460
-1.585705
-1.588842
-1.591871
-1.594793
-1.597607
-1.600312
-1.602909
-1.605398
-1.607777
-1.610048
-1.612209
-1.614260
-1.616202
-1.618034
-1.619756
-1.621368
-1.622869
-1.624259
-1.625539
-1.626707
-1.627765
-1.628711
-1.629546
-1.630269
-1.630881
-1.631380
-1.631768
-1.632044
-1.632207
-1.632258
-1.632197
-1.632023
-1.631737
-1.631338
-1.630826
-1.630201
-1.629463
-1.628613
-1.627649
-1.626573
-1.625383
-1.624080
-1.622663
-1.621134
-1.619491
-1.617735
-1.615866
-1.613883
-1.611787
-1.609578
-1.607255
-1.604820
-1.602271
-1.599608
-1.596833
-1.593944
-1.590943
-1.587828
-1.584601
-1.581260
-1.577807
-1.574241
-1.570562
-1.566771
-1.562867
-1.558851
-1.554723
-1.550483
-1.546131
-1.541666
-1.537091
-1.532403
-1.527605
-1.522695
-1.517674
-1.512542
-1.507299
-1.501946
-1.496483
-1.490909
-1.485226
-1.479433
-1.473531
-1.467519
-1.461399
-1.455169
-1.448832
-1.442386
-1.435832
-1.429171
-1.422402
-1.415526
-1.408544
-1.401455
-1.394260
-1.386960
-1.379553
-1.372042
-1.364426
-1.356706
-1.348882
-1.340954
-1.332923
-1.324789
-1.316553
-1.308215
-1.299775
-1.291234
-1.282592
-1.273850
-1.265008
-1.256067
-1.247027
-1.237889
-1.228653
-1.219319
-1.209888
-1.200361
-1.190739
-1.181021
-1.171208
-1.161301
-1.151301
-1.141207
-1.131021
-1.120743
-1.110374
-1.099914
-1.089365
-1.078725
-1.067998
-1.057182
-1.046278
-1.035288
-1.024212
-1.013051
-1.001805
-0.990475
-0.979061
-0.967566
-0.955988
-0.944330
-0.932591
-0.920773
-0.908877
-0.896902
-0.884850
-0.872723
-0.860520
-0.848242
-0.835890
-0.823466
-0.810970
-0.798403
-0.785765
-0.773059
-0.760283
-0.747441
-0.734532
-0.721557
-0.708518
-0.695415
-0.682250
-0.669022
-0.655735
-0.642387
-0.628981
-0.615517
-0.601997
-0.588421
-0.574791
-0.561107
-0.547372
-0.533585
-0.519748
-0.505862
-0.491928
-0.477947
-0.463921
-0.449851
-0.435738
-0.421582
-0.407386
-0.393150
-0.378876
-0.364564
-0.350217
-0.335835
-0.321419
-0.306972
-0.292493
-0.277985
-0.263449
-0.248886
-0.234297
-0.219683
-0.205047
-0.190389
-0.175711
-0.161013
-0.146298
-0.131567
-0.116822
-0.102062
-0.087291
-0.072509
-0.057718
-0.042919
-0.028114
-0.013305
0.001509
0.016324
0.031139
0.045954
0.060766
0.075574
0.090376
0.105171
0.119958
0.134735
0.149500
0.164252
0.178989
0.193710
0.208413
0.223097
0.237760
0.252400
0.267017
0.281608
0.296171
0.310706
0.325211
0.339683
0.354122
0.368526
0.382893
0.397222
0.411511
0.425758
0.439962
0.454121
0.468234
0.482299
0.496314
0.510278
0.524189
0.538046
0.551847
0.565590
0.579274
0.592897
0.606457
0.619953
0.633384
0.646747
0.660042
0.673266
0.686418
0.699496
0.712499
0.725425
0.738273
0.751041
0.763728
0.776332
0.788851
0.801284
0.813629
0.825885
0.838051
0.850124
0.862104
0.873989
0.885777
0.897467
0.909057
0.920546
0.931933
0.943216
0.954394
0.965466
0.976429
0.987283
0.998025
1.008656
1.019174
1.029576
1.039863
1.050032
1.060082
1.070012
1.079822
1.089508
1.099071
1.108510
1.117822
1.127007
1.136064
1.144991
1.153787
1.162452
1.170984
1.179382
1.187646
1.195773
1.203763
1.211616
1.219330
1.226904
1.234337
1.241628
1.248777
1.255783
1.262644
1.269361
1.275931
1.282355
1.288632
1.294760
1.300740
1.306570
1.312250
1.317780
1.323157
1.328383
1.333456
1.338377
1.343143
1.347755
1.352213
1.356515
1.360662
1.364653
1.368488
1.372166
1.375687
1.379050
1.382256
1.385304
1.388194
1.390925
1.393498
1.395912
1.398167
1.400264
1.402201
1.403978
1.405597
1.407056
1.408356
1.409497
1.410478
1.411300
1.411963
1.412467
1.412812
1.412999
1.413026
1.412896
1.412607
1.412161
1.411556
1.410795
1.409876
1.408801
1.407569
1.406181
1.404638
1.402939
1.401086
1.399078
1.396916
1.394602
1.392134
1.389514
1.386742
1.383819
1.380745
1.377521
1.374148
1.370626
1.366956
1.363139
1.359175
1.355065
1.350809
1.346410
1.341866
1.337179
1.332351
1.327380
1.322270
1.317019
1.311630
1.306102
1.300438
1.294637
1.288701
1.282631
1.276427
1.270090
1.263623
1.257024
1.250296
1.243439
1.236455
1.229345
1.222108
1.214747
1.207263
1.199657
1.191929
1.184081
1.176114
1.168029
1.159827
1.151509
1.143076
1.134530
1.125872
1.117102
1.108223
1.099234
1.090138
1.080935
1.071627
1.062214
1.052699
1.043081
1.033364
1.023546
1.013631
1.003619
0.993511
0.983308
0.973013
0.962625
0.952147
0.941579
0.930922
0.920179
0.909350
0.898437
0.887440
0.876361
0.865202
0.853963
0.842645
0.831251
0.819782
0.808238
0.796620
0.784931
0.773171
0.761342
0.749445
0.737482
0.725452
0.713359
0.701202
0.688984
0.676705
0.664368
0.651972
0.639520
0.627012
0.614451
0.601836
0.589170
0.576454
0.563688
0.550875
0.538015
0.525110
0.512161
0.499169
0.486136
0.473062
0.459949
0.446798
0.433611
0.420388
0.407131
0.393841
0.380519
0.367167
0.353786
0.340376
0.326939
0.313477
0.299990
0.286480
0.272948
0.259395
0.245822
0.232230
0.218621
0.204996
0.191355
0.177701
0.164034
0.150355
0.136666
0.122967
0.109260
0.095546
0.081825
0.068100
0.054372
0.040640
0.026907
0.013174
-0.000559
-0.014290
-0.028019
-0.041743
-0.055463
-0.069176
-0.082882
-0.096581
-0.110270
-0.123949
-0.137616
-0.151271
-0.164913
-0.178541
-0.192153
-0.205749
-0.219327
-0.232887
-0.246428
-0.259948
-0.273447
-0.286923
-0.300376
-0.313805
-0.327209
-0.340586
-0.353936
-0.367258
-0.380551
-0.393814
-0.407046
-0.420246
-0.433413
-0.446547
-0.459646
-0.472710
-0.485737
-0.498727
-0.511679
-0.524591
-0.537464
-0.550296
-0.563086
-0.575834
-0.588538
-0.601199
-0.613814
-0.626383
-0.638905
-0.651380
-0.663807
-0.676184
-0.688512
-0.700788
-0.713013
-0.725186
-0.737306
-0.749371
-0.761382
-0.773337
-0.785236
-0.797079
-0.808863
-0.820589
-0.832255
-0.843862
-0.855408
-0.866892
-0.878314
-0.889673
-0.900969
-0.912200
-0.923367
-0.934468
-0.945502
-0.956469
-0.967369
-0.978200
-0.988962
-0.999654
-1.010276
-1.020826
-1.031305
-1.041712
-1.052046
-1.062306
-1.072491
-1.082602
-1.092638
-1.102597
-1.112479
-1.122285
-1.132012
-1.141661
-1.151231
-1.160721
-1.170131
-1.179460
-1.188707
-1.197873
-1.206956
-1.215957
-1.224873
-1.233706
-1.242453
-1.251116
-1.259693
-1.268184
-1.276587
-1.284904
-1.293133
-1.301273
-1.309325
-1.317287
-1.325160
-1.332943
-1.340634
-1.348235
-1.355744
-1.363160
-1.370485
-1.377716
-1.384854
-1.391897
-1.398847
-1.405701
-1.412461
-1.419124
-1.425692
-1.432163
-1.438538
-1.444815
-1.450994
-1.457075
-1.463058
-1.468942
-1.474726
-1.480412
-1.485997
-1.491481
-1.496865
-1.502148
-1.507330
-1.512410
-1.517387
-1.522262
-1.527035
-1.531704
-1.536270
-1.540732
-1.545091
-1.549344
-1.553493
-1.557538
-1.561477
-1.565310
-1.569038
-1.572659
-1.576174
-1.579583
-1.582884
-1.586079
-1.589166
-1.592145
-1.595016
-1.597780
-1.600435
-1.602981
-1.605419
-1.607747
-1.609966
-1.612076
-1.614076
-1.615967
-1.617747
-1.619417
-1.620976
-1.622425
-1.623764
-1.624991
-1.626107
-1.627112
-1.628006
-1.628788
-1.629459
-1.630017
-1.630464
-1.630799
-1.631021
-1.631131
-1.631129
-1.631014
-1.630787
-1.630447
-1.629994
-1.629429
-1.628750
-1.627959
-1.627054
-1.626037
-1.624906
-1.623662
-1.622305
-1.620835
-1.619251
-1.617554
-1.615744
-1.613820
-1.611783
-1.609633
-1.607370
-1.604993
-1.602503
-1.599899
-1.597183
-1.594353
-1.591410
-1.588354
-1.585185
-1.581903
-1.578508
-1.575001
-1.571380
-1.567647
-1.563802
-1.559844
-1.555774
-1.551591
-1.547297
-1.542891
-1.538373
-1.533743
-1.529002
-1.524149
-1.519185
-1.514111
-1.508925
-1.503629
-1.498222
-1.492706
-1.487079
-1.481342
-1.475496
-1.469541
-1.463476
-1.457303
-1.451021
-1.444631
-1.438133
-1.431527
-1.424813
-1.417992
-1.411065
-1.404030
-1.396890
-1.389644
-1.382292
-1.374834
-1.367272
-1.359605
-1.351834
-1.343960
-1.335982
-1.327900
-1.319717
-1.311431
-1.303043
-1.294554
-1.285963
-1.277273
-1.268482
-1.259592
-1.250603
-1.241515
-1.232328
-1.223045
-1.213664
-1.204186
-1.194613
-1.184943
-1.175179
-1.165321
-1.155368
-1.145322
-1.135184
-1.124953
-1.114631
-1.104217
-1.093714
-1.083120
-1.072438
-1.061667
-1.050809
-1.039864
-1.028832
-1.017714
-1.006512
-0.995225
-0.983854
-0.972401
-0.960866
-0.949249
-0.937552
-0.925775
-0.913919
-0.901985
-0.889973
-0.877885
-0.865721
-0.853482
-0.841169
-0.828782
-0.816323
-0.803793
-0.791192
-0.778522
-0.765782
-0.752975
-0.740101
-0.727161
-0.714155
-0.701086
-0.687954
-0.674759
-0.661503
-0.648188
-0.634813
-0.621380
-0.607889
-0.594343
-0.580742
-0.567088
-0.553380
-0.539621
-0.525811
-0.511952
-0.498044
-0.484089
-0.470088
-0.456043
-0.441953
-0.427821
-0.413648
-0.399434
-0.385182
-0.370892
-0.356565
-0.342203
-0.327807
-0.313379
-0.298919
-0.284428
-0.269909
-0.255362
-0.240789
-0.226192
-0.211570
-0.196926
-0.182261
-0.167577
-0.152875
-0.138155
-0.123421
-0.108672
-0.093910
-0.079138
-0.064355
-0.049564
-0.034767
-0.019963
-0.005156
0.009654
0.024465
0.039275
0.054084
0.068889
0.083689
0.098484
0.113270
0.128047
0.142812
0.157566
0.172305
0.187029
0.201736
0.216424
0.231092
0.245738
0.260361
0.274959
0.289530
0.304074
0.318587
0.333070
0.347520
0.361935
0.376314
0.390655
0.404958
0.419219
0.433438
0.447613
0.461742
0.475824
0.489857
0.503840
0.517771
0.531647
0.545469
0.559233
0.572939
0.586585
0.600169
0.613690
0.627146
0.640535
0.653856
0.667107
0.680287
0.693394
0.706427
0.719383
0.732262
0.745062
0.757780
0.770417
0.782970
0.795437
0.807818
0.820110
0.832312
0.844422
0.856440
0.868363
0.880190
0.891920
0.903551
0.915082
0.926510
0.937836
0.949057
0.960172
0.971180
0.982079
0.992868
1.003545
1.014109
1.024560
1.034894
1.045112
1.055212
1.065192
1.075052
1.084790
1.094405
1.103896
1.113261
1.122500
1.131610
1.140592
1.149444
1.158164
1.166753
1.175207
1.183528
1.191713
1.199762
1.207673
1.215446
1.223080
1.230573
1.237925
1.245135
1.252202
1.259125
1.265904
1.272537
1.279024
1.285364
1.291556
1.297600
1.303495
1.309240
1.314834
1.320278
1.325569
1.330709
1.335695
1.340528
1.345208
1.349733
1.354103
1.358317
1.362376
1.366279
1.370026
1.373615
1.377048
1.380322
1.383440
1.386399
1.389200
1.391842
1.394326
1.396651
1.398817
1.400824
1.402672
1.404361
1.405891
1.407261
1.408472
1.409524
1.410416
1.411150
1.411724
1.412140
1.412397
1.412495
1.412435
1.412216
1.411840
1.411306
1.410614
1.409766
1.408760
1.407598
1.406280
1.404806
1.403177
1.401393
1.399454
1.397361
1.395115
1.392716
1.390164
1.387460
1.384605
1.381599
1.378442
1.375136
1.371681
1.368078
1.364327
1.360429
1.356384
1.352195
1.347860
1.343381
1.338759
1.333994
1.329087
1.324040
1.318853
1.313526
1.308061
1.302458
1.296719
1.290844
1.284834
1.278691
1.272414
1.266006
1.259466
1.252797
1.245998
1.239072
1.232018
1.224839
1.217534
1.210106
1.202555
1.194882
1.187088
1.179175
1.171143
1.162994
1.154728
1.146348
1.137853
1.129245
1.120526
1.111696
1.102757
1.093709
1.084554
1.075293
1.065928
1.056459
1.046887
1.037215
1.027442
1.017571
1.007602
0.997537
0.987377
0.977123
0.966777
0.956339
0.945811
0.935195
0.924490
0.913699
0.902824
0.891864
0.880822
0.869698
0.858494
0.847212
0.835852
0.824415
0.812904
0.801319
0.789662
0.777933
0.766134
0.754267
0.742332
0.730332
0.718266
0.706137
0.693945
0.681693
0.669380
0.657010
0.644582
0.632098
0.619559
0.606967
0.594323
0.581627
0.568882
0.556089
0.543249
0.530362
0.517431
0.504457
0.491440
0.478383
0.465286
0.452150
0.438977
0.425768
0.412524
0.399247
0.385937
0.372597
0.359226
0.345827
0.332400
0.318946
0.305468
0.291966
0.278441
0.264895
0.251328
0.237742
0.224138
0.210517
0.196880
0.183229
0.169564
0.155888
0.142200
0.128502
0.114795
0.101081
0.087360
0.073634
0.059904
0.046170
0.032434
0.018697
0.004960
-0.008776
-0.022509
-0.036239
-0.049965
-0.063685
-0.077398
-0.091104
-0.104801
-0.118489
-0.132166
-0.145831
-0.159483
-0.173121
-0.186745
-0.200352
-0.213943
-0.227516
-0.241070
-0.254604
-0.268117
-0.281608
-0.295076
-0.308521
-0.321940
-0.335334
-0.348702
-0.362041
-0.375352
-0.388634
-0.401885
-0.415104
-0.428291
-0.441445
-0.454565
-0.467650
-0.480699
-0.493711
-0.506685
-0.519621
-0.532517
-0.545373
-0.558187
-0.570960
-0.583689
-0.596375
-0.609016
-0.621612
-0.634161
-0.646663
-0.659117
-0.671523
-0.683878
-0.696184
-0.708438
-0.720640
-0.732789
-0.744885
-0.756927
-0.768913
-0.780844
-0.792718
-0.804534
-0.816292
-0.827992
-0.839631
-0.851211
-0.862729
-0.874185
-0.885579
-0.896910
-0.908177
-0.919379
-0.930515
-0.941586
-0.952590
-0.963526
-0.974394
-0.985194
-0.995924
-1.006584
-1.017173
-1.027691
-1.038137
-1.048510
-1.058810
-1.069036
-1.079187
-1.089263
-1.099263
-1.109187
-1.119033
-1.128803
-1.138493
-1.148105
-1.157638
-1.167091
-1.176463
-1.185754
-1.194963
-1.204091
-1.213135
-1.222096
-1.230973
-1.239766
-1.248473
-1.257096
-1.265632
-1.274082
-1.282444
-1.290719
-1.298907
-1.307005
-1.315015
-1.322934
-1.330764
-1.338504
-1.346152
-1.353709
-1.361174
-1.368547
-1.375827
-1.383013
-1.390106
-1.397105
-1.404009
-1.410818
-1.417532
-1.424150
-1.430671
-1.437096
-1.443423
-1.449654
-1.455786
-1.461820
-1.467755
-1.473591
-1.479328
-1.484965
-1.490501
-1.495938
-1.501273
-1.506507
-1.511639
-1.516670
-1.521598
-1.526423
-1.531146
-1.535765
-1.540281
-1.544692
-1.549000
-1.553203
-1.557301
-1.561294
-1.565182
-1.568963
-1.572639
-1.576209
-1.579672
-1.583029
-1.586278
-1.589420
-1.592454
-1.595381
-1.598200
-1.600910
-1.603512
-1.606005
-1.608389
-1.610664
-1.612830
-1.614886
-1.616832
-1.618668
-1.620394
-1.622010
-1.623516
-1.624910
-1.626194
-1.627367
-1.628428
-1.629378
-1.630217
-1.630944
-1.631560
-1.632063
-1.632454
-1.632734
-1.632901
-1.632956
-1.632898
-1.632728
-1.632445
-1.632049
-1.631540
-1.630919
-1.630185
-1.629337
-1.628377
-1.627303
-1.626117
-1.624817
-1.623403
-1.621877
-1.620237
-1.618484
-1.616617
-1.614638
-1.612544
-1.610338
-1.608018
-1.605585
-1.603038
-1.600379
-1.597606
-1.594720
-1.591721
-1.588609
-1.585383
-1.582045
-1.578594
-1.575031
-1.571354
-1.567565
-1.563664
-1.559650
-1.555524
-1.551286
-1.546936
-1.542473
-1.537900
-1.533214
-1.528418
-1.523509
-1.518490
-1.513360
-1.508120
-1.502768
-1.497307
-1.491735
-1.486054
-1.480262
-1.474362
-1.468352
-1.462233
-1.456005
-1.449669
-1.443225
-1.436672
-1.430013
-1.423245
-1.416371
-1.409390
-1.402303
-1.395109
-1.387810
-1.380405
-1.372895
-1.365281
-1.357562
-1.349739
-1.341812
-1.333783
-1.325650
-1.317415
-1.309078
-1.300639
-1.292099
-1.283459
-1.274718
-1.265877
-1.256937
-1.247899
-1.238761
-1.229526
-1.220194
-1.210764
-1.201238
-1.191617
-1.181900
-1.172088
-1.162182
-1.152183
-1.142090
-1.131906
-1.121629
-1.111261
-1.100802
-1.090253
-1.079615
-1.068889
-1.058074
-1.047171
-1.036182
-1.025107
-1.013947
-1.002702
-0.991373
-0.979961
-0.968466
-0.956890
-0.945233
-0.933495
-0.921678
-0.909783
-0.897810
-0.885759
-0.873633
-0.861431
-0.849154
-0.836804
-0.824381
-0.811886
-0.799320
-0.786684
-0.773979
-0.761205
-0.748364
-0.735456
-0.722483
-0.709445
-0.696344
-0.683180
-0.669954
-0.656668
-0.643322
-0.629917
-0.616455
-0.602937
-0.589363
-0.575734
-0.562052
-0.548318
-0.534533
-0.520698
-0.506814
-0.492882
-0.478904
-0.464880
-0.450811
-0.436700
-0.422547
-0.408353
-0.394119
-0.379847
-0.365538
-0.351193
-0.336814
-0.322401
-0.307956
-0.293480
-0.278974
-0.264441
-0.249880
-0.235294
-0.220683
-0.206050
-0.191395
-0.176720
-0.162026
-0.147314
-0.132586
-0.117844
-0.103088
-0.088320
-0.073542
-0.058754
-0.043959
-0.029158
-0.014352
0.000458
0.015269
0.030080
0.044891
0.059698
0.074502
0.089300
0.104091
0.118873
0.133645
0.148406
0.163153
0.177885
0.192601
0.207299
0.221978
0.236636
0.251271
0.265882
0.280468
0.295026
0.309555
0.324054
0.338520
0.352954
0.367351
0.381712
0.396035
0.410317
0.424558
0.438756
0.452908
0.467014
0.481072
0.495081
0.509038
0.522942
0.536791
0.550585
0.564320
0.577997
0.591612
0.605164
0.618653
0.632076
0.645431
0.658717
0.671933
0.685076
0.698146
0.711141
0.724059
0.736898
0.749657
0.762335
0.774929
0.787439
0.799863
0.812199
0.824445
0.836601
0.848665
0.860635
0.872510
0.884288
0.895967
0.907548
0.919027
0.930403
0.941676
0.952843
0.963904
0.974856
0.985699
0.996431
1.007051
1.017557
1.027948
1.038224
1.048381
1.058420
1.068339
1.078136
1.087811
1.097363
1.106789
1.116089
1.125262
1.134307
1.143222
1.152006
1.160659
1.169178
1.177564
1.185815
1.193930
1.201908
1.209747
1.217448
1.225010
1.232430
1.239709
1.246845
1.253837
1.260686
1.267389
1.273947
1.280358
1.286621
1.292736
1.298703
1.304520
1.310187
1.315703
1.321067
1.326280
1.331340
1.336246
1.340999
1.345598
1.350043
1.354332
1.358465
1.362443
1.366264
1.369929
1.373437
1.376787
1.379979
1.383014
1.385891
1.388609
1.391168
1.393569
1.395811
1.397894
1.399818
1.401583
1.403188
1.404635
1.405922
1.407049
1.408018
1.408827
1.409477
1.409969
1.410301
1.410475
