0.000000
0.000000
0.000000
0.000000
0.000000
0.000000
0.000000
0.000000
0.000000
0.000000
0.000001
0.000001
0.000001
0.000001
0.000001
0.000001
0.000001
0.000002
0.000002
0.000002
0.000002
0.000002
0.000003
0.000003
0.000003
0.000003
0.000004
0.000004
0.000004
0.000005
0.000005
0.000005
0.000006
0.000006
0.000006
0.000007
0.000007
0.000007
0.000008
0.000008
0.000009
0.000009
0.000009
0.000010
0.000010
0.000011
0.000011
0.000012
0.000012
0.000013
0.000013
0.000014
0.000014
0.000015
0.000015
0.000016
0.000016
0.000017
0.000018
0.000018
0.000019
0.000019
0.000020
0.000021
0.000021
0.000022
0.000023
0.000023
0.000024
0.000025
0.000025
0.000026
0.000027
0.000027
0.000028
0.000029
0.000030
0.000030
0.000031
0.000032
0.000033
0.000034
0.000034
0.000035
0.000036
0.000037
0.000038
0.000039
0.000039
0.000040
0.000041
0.000042
0.000043
0.000044
0.000045
0.000046
0.000047
0.000048
0.000049
0.000050
0.000051
0.000052
0.000053
0.000054
0.000055
0.000056
0.000057
0.000058
0.000059
0.000060
0.000061
0.000062
0.000063
0.000064
0.000066
0.000067
0.000068
0.000069
0.000070
0.000071
0.000073
0.000074
0.000075
0.000076
0.000077
0.000079
0.000080
0.000081
0.000082
0.000084
0.000085
0.000086
0.000088
0.000089
0.000090
0.000092
0.000093
0.000095
0.000096
0.000097
0.000099
0.000100
0.000102
0.000103
0.000105
0.000106
0.000108
0.000109
0.000111
0.000112
0.000114
0.000115
0.000117
0.000118
0.000120
0.000122
0.000123
0.000125
0.000127
0.000128
0.000130
0.000132
0.000133
0.000135
0.000137
0.000139
0.000140
0.000142
0.000144
0.000146
0.000148
0.000149
0.000151
0.000153
0.000155
0.000157
0.000159
0.000161
0.000163
0.000165
0.000166
0.000168
0.000170
0.000172
0.000174
0.000176
0.000178
0.000181
0.000183
0.000185
0.000187
0.000189
0.000191
0.000193
0.000195
0.000197
0.000200
0.000202
0.000204
0.000206
0.000208
0.000211
0.000213
0.000215
0.000217
0.000220
0.000222
0.000224
0.000227
0.000229
0.000231
0.000234
0.000236
0.000239
0.000241
0.000244
0.000246
0.000248
0.000251
0.000253
0.000256
0.000258
0.000261
0.000263
0.000266
0.000269
0.000271
0.000274
0.000276
0.000279
0.000282
0.000284
0.000287
0.000290
0.000292
0.000295
0.000298
0.000301
0.000303
0.000306
0.000309
0.000312
0.000314
0.000317
0.000320
0.000323
0.000326
0.000329
0.000331
0.000334
0.000337
0.000340
0.000343
0.000346
0.000349
0.000352
0.000355
0.000358
0.000361
0.000364
0.000367
0.000370
0.000373
0.000376
0.000379
0.000382
0.000386
0.000389
0.000392
0.000395
0.000398
0.000401
0.000404
0.000408
0.000411
0.000414
0.000417
0.000421
0.000424
0.000427
0.000430
0.000434
0.000437
0.000440
0.000444
0.000447
0.000450
0.000454
0.000457
0.000460
0.000464
0.000467
0.000471
0.000474
0.000478
0.000481
0.000485
0.000488
0.000492
0.000495
0.000499
0.000502
0.000506
0.000509
0.000513
0.000516
0.000520
0.000524
0.000527
0.000531
0.000534
0.000538
0.000542
0.000545
0.000549
0.000553
0.000557
0.000560
0.000564
0.000568
0.000572
0.000575
0.000579
0.000583
0.000587
0.000591
0.000594
0.000598
0.000602
0.000606
0.000610
0.000614
0.000618
0.000622
0.000626
0.000630
0.000634
0.000638
0.000642
0.000646
0.000650
0.000654
0.000658
0.000662
0.000666
0.000670
0.000674
0.000678
0.000682
0.000687
0.000691
0.000695
0.000699
0.000703
0.000708
0.000712
0.000716
0.000720
0.000725
0.000729
0.000733
0.000738
0.000742
0.000746
0.000751
0.000755
0.000759
0.000764
0.000768
0.000772
0.000777
0.000781
0.000786
0.000790
0.000795
0.000799
0.000804
0.000808
0.000813
0.000817
0.000822
0.000827
0.000831
0.000836
0.000840
0.000845
0.000850
0.000854
0.000859
0.000864
0.000868
0.000873
0.000878
0.000883
0.000887
0.000892
0.000897
0.000902
0.000906
0.000911
0.000916
0.000921
0.000926
0.000931
0.000936
0.000941
0.000945
0.000950
0.000955
0.000960
0.000965
0.000970
0.000975
0.000980
0.000985
0.000990
0.000995
0.001000
0.001006
0.001011
0.001016
0.001021
0.001026
0.001031
0.001036
0.001042
0.001047
0.001052
0.001057
0.001062
0.001068
0.001073
0.001078
0.001083
0.001089
0.001094
0.001099
0.001105
0.001110
0.001115
0.001121
0.001126
0.001132
0.001137
0.001142
0.001148
0.001153
0.001159
0.001164
0.001170
0.001175
0.001181
0.001186
0.001192
0.001197
0.001203
0.001208
0.001214
0.001219
0.001225
0.001231
0.001236
0.001242
0.001247
0.001253
0.001259
0.001264
0.001270
0.001276
0.001281
0.001287
0.001293
0.001299
0.001304
0.001310
0.001316
0.001322
0.001327
0.001333
0.001339
0.001345
0.001351
0.001357
0.001362
0.001368
0.001374
0.001380
0.001386
0.001392
0.001398
0.001404
0.001410
0.001416
0.001421
0.001427
0.001433
0.001439
0.001445
0.001451
0.001457
0.001463
0.001470
0.001476
0.001482
0.001488
0.001494
0.001500
0.001506
0.001512
0.001518
0.001524
0.001531
0.001537
0.001543
0.001549
0.001555
0.001561
0.001568
0.001574
0.001580
0.001586
0.001593
0.001599
0.001605
0.001612
0.001618
0.001624
0.001630
0.001637
0.001643
0.001649
0.001656
0.001662
0.001669
0.001675
0.001681
0.001688
0.001694
0.001701
0.001707
0.001714
0.001720
0.001727
0.001733
0.001740
0.001746
0.001753
0.001759
0.001766
0.001772
0.001779
0.001785
0.001792
0.001799
0.001805
0.001812
0.001819
0.001825
0.001832
0.001839
0.001845
0.001852
0.001859
0.001865
0.001872
0.001879
0.001886
0.001892
0.001899
0.001906
0.001913
0.001920
0.001926
0.001933
0.001940
0.001947
0.001954
0.001961
0.001968
0.001975
0.001982
0.001989
0.001996
0.002003
0.002010
0.002017
0.002024
0.002031
0.002038
0.002045
0.002052
0.002059
0.002066
0.002073
0.002080
0.002088
0.002095
0.002102
0.002109
0.002116
0.002124
0.002131
0.002138
0.002145
0.002153
0.002160
0.002167
0.002174
0.002182
0.002189
0.002197
0.002204
0.002211
0.002219
0.002226
0.002234
0.002241
0.002248
0.002256
0.002263
0.002271
0.002278
0.002286
0.002293
0.002301
0.002309
0.002316
0.002324
0.002331
0.002339
0.002347
0.002354
0.002362
0.002370
0.002377
0.002385
0.002393
0.002400
0.002408
0.002416
0.002424
0.002431
0.002439
0.002447
0.002455
0.002463
0.002471
0.002478
0.002486
0.002494
0.002502
0.002510
0.002518
0.002526
0.002534
0.002542
0.002550
0.002558
0.002566
0.002574
0.002582
0.002590
0.002598
0.002606
0.002614
0.002622
0.002630
0.002638
0.002647
0.002655
0.002663
0.002671
0.002679
0.002687
0.002696
0.002704
0.002712
0.002720
0.002729
0.002737
0.002745
0.002753
0.002762
0.002770
0.002778
0.002787
0.002795
0.002803
0.002812
0.002820
0.002829
0.002837
0.002845
0.002854
0.002862
0.002871
0.002879
0.002888
0.002896
0.002905
0.002913
0.002922
0.002930
0.002939
0.002947
0.002956
0.002964
0.002973
0.002981
0.002990
0.002998
0.003007
0.003016
0.003024
0.003033
0.003042
0.003050
0.003059
0.003068
0.003076
0.003085
0.003094
0.003102
0.003111
0.003120
0.003128
0.003137
0.003146
0.003155
0.003163
0.003172
0.003181
0.003190
0.003199
0.003207
0.003216
0.003225
0.003234
0.003243
0.003251
0.003260
0.003269
0.003278
0.003287
0.003296
0.003305
0.003314
0.003323
0.003332
0.003340
0.003349
0.003358
0.003367
0.003376
0.003385
0.003394
0.003403
0.003412
0.003421
0.003430
0.003439
0.003448
0.003457
0.003466
0.003476
0.003485
0.003494
0.003503
0.003512
0.003521
0.003530
0.003539
0.003548
0.003558
0.003567
0.003576
0.003585
0.003594
0.003603
0.003613
0.003622
0.003631
0.003640
0.003649
0.003659
0.003668
0.003677
0.003686
0.003696
0.003705
0.003714
0.003724
0.003733
0.003742
0.003752
0.003761
0.003770
0.003780
0.003789
0.003798
0.003808
0.003817
0.003827
0.003836
0.003845
0.003855
0.003864
0.003874
0.003883
0.003893
0.003902
0.003912
0.003921
0.003931
0.003940
0.003950
0.003959
0.003969
0.003978
0.003988
0.003997
0.004007
0.004016
0.004026
0.004036
0.004045
0.004055
0.004065
0.004074
0.004084
0.004093
0.004103
0.004113
0.004123
0.004132
0.004142
0.004152
0.004161
0.004171
0.004181
0.004191
0.004200
0.004210
0.004220
0.004230
0.004240
0.004249
0.004259
0.004269
0.004279
0.004289
0.004299
0.004308
0.004318
0.004328
0.004338
0.004348
0.004358
0.004368
0.004378
0.004388
0.004398
0.004408
0.004418
0.004428
0.004438
0.004448
0.004458
0.004468
0.004478
0.004488
0.004498
0.004508
0.004518
0.004528
0.004538
0.004548
0.004558
0.004569
0.004579
0.004589
0.004599
0.004609
0.004619
0.004629
0.004640
0.004650
0.004660
0.004670
0.004680
0.004691
0.004701
0.004711
0.004721
0.004731
0.004742
0.004752
0.004762
0.004772
0.004783
0.004793
0.004803
0.004814
0.004824
0.004834
0.004845
0.004855
0.004865
0.004876
0.004886
0.004896
0.004907
0.004917
0.004927
0.004938
0.004948
0.004959
0.004969
0.004979
0.004990
0.005000
0.005011
0.005021
0.005032
0.005042
0.005053
0.005063
0.005074
0.005084
0.005095
0.005105
0.005116
0.005126
0.005137
0.005147
0.005158
0.005168
0.005179
0.005189
0.005200
0.005210
0.005221
0.005232
0.005242
0.005253
0.005263
0.005274
0.005285
0.005295
0.005306
0.005317
0.005327
0.005338
0.005349
0.005359
0.005370
0.005381
0.005391
0.005402
0.005413
0.005423
0.005434
0.005445
0.005455
0.005466
0.005477
0.005488
0.005498
0.005509
0.005520
0.005531
0.005541
0.005552
0.005563
0.005574
0.005585
0.005595
0.005606
0.005617
0.005628
0.005639
0.005649
0.005660
0.005671
0.005682
0.005693
0.005704
0.005715
0.005725
0.005736
0.005747
0.005758
0.005769
0.005780
0.005791
0.005802
0.005813
0.005824
0.005835
0.005846
0.005856
0.005867
0.005878
0.005889
0.005900
0.005911
0.005922
0.005933
0.005944
0.005955
0.005966
0.005978
0.005989
0.006000
0.006011
0.006022
0.006033
0.006044
0.006055
0.006066
0.006077
0.006088
0.006099
0.006111
0.006122
0.006133
0.006144
0.006155
0.006166
0.006177
0.006189
0.006200
0.006211
0.006222
0.006233
0.006245
0.006256
0.006267
0.006278
0.006290
0.006301
0.006312
0.006323
0.006335
0.006346
0.006357
0.006369
0.006380
0.006391
0.006403
0.006414
0.006425
0.006437
0.006448
0.006459
0.006471
0.006482
0.006493
0.006505
0.006516
0.006528
0.006539
0.006550
0.006562
0.006573
0.006585
0.006596
0.006607
0.006619
0.006630
0.006642
0.006653
0.006665
0.006676
0.006688
0.006699
0.006711
0.006722
0.006734
0.006745
0.006757
0.006768
0.006780
0.006791
0.006803
0.006815
0.006826
0.006838
0.006849
0.006861
0.006872
0.006884
0.006896
0.006907
0.006919
0.006930
0.006942
0.006954
0.006965
0.006977
0.006988
0.007000
0.007012
0.007023
0.007035
0.007047
0.007058
0.007070
0.007082
0.007093
0.007105
0.007117
0.007128
0.007140
0.007152
0.007163
0.007175
0.007187
0.007199
0.007210
0.007222
0.007234
0.007245
0.007257
0.007269
0.007281
0.007292
0.007304
0.007316
0.007328
0.007339
0.007351
0.007363
0.007375
0.007386
0.007398
0.007410
0.007422
0.007433
0.007445
0.007457
0.007469
0.007480
0.007492
0.007504
0.007516
0.007528
0.007539
0.007551
0.007563
0.007575
0.007586
0.007598
0.007610
0.007622
0.007634
0.007645
0.007657
0.007669
0.007681
0.007692
0.007704
0.007716
0.007728
0.007740
0.007751
0.007763
0.007775
0.007787
0.007799
0.007810
0.007822
0.007834
0.007846
0.007858
0.007869
0.007881
0.007893
0.007905
0.007917
0.007928
0.007940
0.007952
0.007964
0.007976
0.007987
0.007999
0.008011
0.008023
0.008035
0.008047
0.008058
0.008070
0.008082
0.008094
0.008106
0.008117
0.008129
0.008141
0.008153
0.008165
0.008177
0.008188
0.008200
0.008212
0.008224
0.008236
0.008248
0.008259
0.008271
0.008283
0.008295
0.008307
0.008319
0.008330
0.008342
0.008354
0.008366
0.008378
0.008390
0.008402
0.008413
0.008425
0.008437
0.008449
0.008461
0.008473
0.008485
0.008496
0.008508
0.008520
0.008532
0.008544
0.008556
0.008568
0.008580
0.008591
0.008603
0.008615
0.008627
0.008639
0.008651
0.008663
0.008675
0.008686
0.008698
0.008710
0.008722
0.008734
0.008746
0.008758
0.008770
0.008782
0.008794
0.008806
0.008817
0.008829
0.008841
0.008853
0.008865
0.008877
0.008889
0.008901
0.008913
0.008925
0.008937
0.008949
0.008961
0.008973
0.008985
0.008997
0.009009
0.009021
0.009033
0.009045
0.009057
0.009068
0.009080
0.009092
0.009104
0.009116
0.009128
0.009140
0.009152
0.009164
0.009177
0.009189
0.009201
0.009213
0.009225
0.009237
0.009249
0.009261
0.009273
0.009285
0.009297
0.009309
0.009321
0.009333
0.009345
0.009357
0.009369
0.009381
0.009393
0.009405
0.009417
0.009430
0.009442
0.009454
0.009466
0.009478
0.009490
0.009502
0.009514
0.009526
0.009538
0.009550
0.009562
0.009575
0.009587
0.009599
0.009611
0.009623
0.009635
0.009647
0.009659
0.009671
0.009684
0.009696
0.009708
0.009720
0.009732
0.009744
0.009756
0.009768
0.009780
0.009793
0.009805
0.009817
0.009829
0.009841
0.009853
0.009865
0.009877
0.009890
0.009902
0.009914
0.009926
0.009938
0.009950
0.009962
0.009975
0.009987
0.009999
0.010011
0.010023
0.010035
0.010047
0.010059
0.010072
0.010084
0.010096
0.010108
0.010120
0.010132
0.010144
0.010157
0.010169
0.010181
0.010193
0.010205
0.010217
0.010229
0.010242
0.010254
0.010266
0.010278
0.010290
0.010302
0.010314
0.010326
0.010339
0.010351
0.010363
0.010375
0.010387
0.010399
0.010411
0.010423
0.010436
0.010448
0.010460
0.010472
0.010484
0.010496
0.010508
0.010520
0.010532
0.010545
0.010557
0.010569
0.010581
0.010593
0.010605
0.010617
0.010629
0.010641
0.010653
0.010665
0.010678
0.010690
0.010702
0.010714
0.010726
0.010738
0.010750
0.010762
0.010774
0.010786
0.010798
0.010810
0.010822
0.010834
0.010846
0.010858
0.010871
0.010883
0.010895
0.010907
0.010919
0.010931
0.010943
0.010955
0.010967
0.010979
0.010991
0.011003
0.011015
0.011027
0.011039
0.011051
0.011063
0.011075
0.011087
0.011099
0.011111
0.011123
0.011135
0.011147
0.011159
0.011171
0.011183
0.011195
0.011207
0.011219
0.011231
0.011243
0.011255
0.011267
0.011279
0.011291
0.011303
0.011315
0.011327
0.011339
0.011351
0.011363
0.011375
0.011387
0.011399
0.011411
0.011423
0.011435
0.011447
0.011459
0.011471
0.011483
0.011495
0.011507
0.011519
0.011531
0.011543
0.011555
0.011567
0.011578
0.011590
0.011602
0.011614
0.011626
0.011638
0.011650
0.011662
0.011674
0.011686
0.011698
0.011710
0.011722
0.011734
0.011746
0.011757
0.011769
0.011781
0.011793
0.011805
0.011817
0.011829
0.011841
0.011853
0.011865
0.011877
0.011888
0.011900
0.011912
0.011924
0.011936
0.011948
0.011960
0.011972
0.011984
0.011995
0.012007
0.012019
0.012031
0.012043
0.012055
0.012067
0.012078
0.012090
0.012102
0.012114
0.012126
0.012138
0.012150
0.012161
0.012173
0.012185
0.012197
0.012209
0.012221
0.012232
0.012244
0.012256
0.012268
0.012280
0.012291
0.012303
0.012315
0.012327
0.012339
0.012350
0.012362
0.012374
0.012386
0.012397
0.012409
0.012421
0.012433
0.012445
0.012456
0.012468
0.012480
0.012491
0.012503
0.012515
0.012527
0.012538
0.012550
0.012562
0.012574
0.012585
0.012597
0.012609
0.012620
0.012632
0.012644
0.012655
0.012667
0.012679
0.012690
0.012702
0.012714
0.012725
0.012737
0.012748
0.012760
0.012772
0.012783
0.012795
0.012806
0.012818
0.012830
0.012841
0.012853
0.012864
0.012876
0.012887
0.012899
0.012910
0.012922
0.012934
0.012945
0.012957
0.012968
0.012980
0.012991
0.013003
0.013014
0.013026
0.013037
0.013049
0.013060
0.013071
0.013083
0.013094
0.013106
0.013117
0.013129
0.013140
0.013152
0.013163
0.013174
0.013186
0.013197
0.013209
0.013220
0.013231
0.013243
0.013254
0.013265
0.013277
0.013288
0.013300
0.013311
0.013322
0.013334
0.013345
0.013356
0.013368
0.013379
0.013390
0.013402
0.013413
0.013424
0.013435
0.013447
0.013458
0.013469
0.013481
0.013492
0.013503
0.013514
0.013526
0.013537
0.013548
0.013559
0.013571
0.013582
0.013593
0.013604
0.013615
0.013627
0.013638
0.013649
0.013660
0.013671
0.013683
0.013694
0.013705
0.013716
0.013727
0.013738
0.013750
0.013761
0.013772
0.013783
0.013794
0.013805
0.013816
0.013828
0.013839
0.013850
0.013861
0.013872
0.013883
0.013894
0.013905
0.013916
0.013928
0.013939
0.013950
0.013961
0.013972
0.013983
0.013994
0.014005
0.014016
0.014027
0.014038
0.014049
0.014060
0.014071
0.014082
0.014093
0.014105
0.014116
0.014127
0.014138
0.014149
0.014160
0.014171
0.014182
0.014193
0.014204
0.014215
0.014226
0.014237
0.014248
0.014259
0.014270
0.014281
0.014292
0.014303
0.014314
0.014325
0.014336
0.014347
0.014358
0.014369
0.014380
0.014390
0.014401
0.014412
0.014423
0.014434
0.014445
0.014456
0.014467
0.014478
0.014489
0.014500
0.014511
0.014522
0.014533
0.014543
0.014554
0.014565
0.014576
0.014587
0.014598
0.014609
0.014620
0.014630
0.014641
0.014652
0.014663
0.014674
0.014685
0.014696
0.014706
0.014717
0.014728
0.014739
0.014750
0.014760
0.014771
0.014782
0.014793
0.014804
0.014814
0.014825
0.014836
0.014847
0.014857
0.014868
0.014879
0.014890
0.014900
0.014911
0.014922
0.014932
0.014943
0.014954
0.014965
0.014975
0.014986
0.014997
0.015007
0.015018
0.015029
0.015039
0.015050
0.015061
0.015071
0.015082
0.015092
0.015103
0.015114
0.015124
0.015135
0.015145
0.015156
0.015166
0.015177
0.015188
0.015198
0.015209
0.015219
0.015230
0.015240
0.015251
0.015261
0.015272
0.015282
0.015293
0.015303
0.015313
0.015324
0.015334
0.015345
0.015355
0.015366
0.015376
0.015386
0.015397
0.015407
0.015417
0.015428
0.015438
0.015448
0.015459
0.015469
0.015479
0.015490
0.015500
0.015510
0.015520
0.015531
0.015541
0.015551
0.015561
0.015572
0.015582
0.015592
0.015602
0.015612
0.015623
0.015633
0.015643
0.015653
0.015663
0.015673
0.015683
0.015693
0.015704
0.015714
0.015724
0.015734
0.015744
0.015754
0.015764
0.015774
0.015784
0.015794
0.015804
0.015814
0.015824
0.015834
0.015844
0.015854
0.015864
0.015874
0.015884
0.015894
0.015904
0.015913
0.015923
0.015933
0.015943
0.015953
0.015963
0.015973
0.015983
0.015992
0.016002
0.016012
0.016022
0.016032
0.016041
0.016051
0.016061
0.016071
0.016081
0.016090
0.016100
0.016110
0.016120
0.016129
0.016139
0.016149
0.016158
0.016168
0.016178
0.016187
0.016197
0.016207
0.016216
0.016226
0.016236
0.016245
0.016255
0.016265
0.016274
0.016284
0.016293
0.016303
0.016312
0.016322
0.016332
0.016341
0.016351
0.016360
0.016370
0.016379
0.016389
0.016398
0.016408
0.016417
0.016427
0.016436
0.016446
0.016455
0.016465
0.016474
0.016483
0.016493
0.016502
0.016512
0.016521
0.016530
0.016540
0.016549
0.016559
0.016568
0.016577
0.016587
0.016596
0.016605
0.016615
0.016624
0.016633
0.016643
0.016652
0.016661
0.016671
0.016680
0.016689
0.016698
0.016708
0.016717
0.016726
0.016735
0.016745
0.016754
0.016763
0.016772
0.016781
0.016791
0.016800
0.016809
0.016818
0.016827
0.016837
0.016846
0.016855
0.016864
0.016873
0.016882
0.016891
0.016901
0.016910
0.016919
0.016928
0.016937
0.016946
0.016955
0.016964
0.016973
0.016982
0.016991
0.017000
0.017009
0.017018
0.017027
0.017036
0.017045
0.017054
0.017063
0.017072
0.017081
0.017090
0.017099
0.017108
0.017117
0.017126
0.017135
0.017144
0.017152
0.017161
0.017170
0.017179
0.017188
0.017197
0.017206
0.017214
0.017223
0.017232
0.017241
0.017250
0.017258
0.017267
0.017276
0.017285
0.017293
0.017302
0.017311
0.017320
0.017328
0.017337
0.017346
0.017354
0.017363
0.017372
0.017380
0.017389
0.017398
0.017406
0.017415
0.017423
0.017432
0.017441
0.017449
0.017458
0.017466
0.017475
0.017483
0.017492
0.017500
0.017509
0.017517
0.017526
0.017534
0.017543
0.017551
0.017560
0.017568
0.017577
0.017585
0.017594
0.017602
0.017610
0.017619
0.017627
0.017636
0.017644
0.017652
0.017661
0.017669
0.017677
0.017686
0.017694
0.017702
0.017711
0.017719
0.017727
0.017735
0.017744
0.017752
0.017760
0.017768
0.017777
0.017785
0.017793
0.017801
0.017809
0.017817
0.017826
0.017834
0.017842
0.017850
0.017858
0.017866
0.017874
0.017883
0.017891
0.017899
0.017907
0.017915
0.017923
0.017931
0.017939
0.017947
0.017955
0.017963
0.017971
0.017979
0.017987
0.017995
0.018003
0.018011
0.018019
0.018027
0.018035
0.018043
0.018050
0.018058
0.018066
0.018074
0.018082
0.018090
0.018098
0.018106
0.018113
0.018121
0.018129
0.018137
0.018145
0.018153
0.018160
0.018168
0.018176
0.018184
0.018192
0.018199
0.018207
0.018215
0.018222
0.018230
0.018238
0.018246
0.018253
0.018261
0.018269
0.018276
0.018284
0.018292
0.018299
0.018307
0.018315
0.018322
0.018330
0.018338
0.018345
0.018353
0.018360
0.018368
0.018376
0.018383
0.018391
0.018398
0.018406
0.018413
0.018421
0.018428
0.018436
0.018443
0.018451
0.018458
0.018466
0.018473
0.018481
0.018488
0.018496
0.018503
0.018511
0.018518
0.018525
0.018533
0.018540
0.018548
0.018555
0.018562
0.018570
0.018577
0.018584
0.018592
0.018599
0.018606
0.018614
0.018621
0.018628
0.018635
0.018643
0.018650
0.018657
0.018664
0.018672
0.018679
0.018686
0.018693
0.018700
0.018708
0.018715
0.018722
0.018729
0.018736
0.018743
0.018750
0.018757
0.018765
0.018772
0.018779
0.018786
0.018793
0.018800
0.018807
0.018814
0.018821
0.018828
0.018835
0.018842
0.018849
0.018856
0.018863
0.018870
0.018877
0.018884
0.018890
0.018897
0.018904
0.018911
0.018918
0.018925
0.018932
0.018938
0.018945
0.018952
0.018959
0.018966
0.018972
0.018979
0.018986
0.018993
0.018999
0.019006
0.019013
0.019019
0.019026
0.019033
0.019039
0.019046
0.019053
0.019059
0.019066
0.019073
0.019079
0.019086
0.019092
0.019099
0.019105
0.019112
0.019118
0.019125
0.019131
0.019138
0.019144
0.019151
0.019157
0.019163
0.019170
0.019176
0.019183
0.019189
0.019195
0.019202
0.019208
0.019214
0.019221
0.019227
0.019233
0.019239
0.019246
0.019252
0.019258
0.019264
0.019271
0.019277
0.019283
0.019289
0.019295
0.019301
0.019308
0.019314
0.019320
0.019326
0.019332
0.019338
0.019344
0.019350
0.019356
0.019362
0.019368
0.019374
0.019380
0.019386
0.019392
0.019398
0.019404
0.019410
0.019416
0.019422
0.019428
0.019434
0.019440
0.019445
0.019451
0.019457
0.019463
0.019469
0.019475
0.019480
0.019486
0.019492
0.019498
0.019504
0.019509
0.019515
0.019521
0.019527
0.019532
0.019538
0.019544
0.019549
0.019555
0.019561
0.019566
0.019572
0.019578
0.019583
0.019589
0.019595
0.019600
0.019606
0.019611
0.019617
0.019622
0.019628
0.019634
0.019639
0.019645
0.019650
0.019656
0.019661
0.019667
0.019672
0.019677
0.019683
0.019688
0.019694
0.019699
0.019705
0.019710
0.019716
0.019721
0.019726
0.019732
0.019737
0.019742
0.019748
0.019753
0.019758
0.019764
0.019769
0.019774
0.019780
0.019785
0.019790
0.019796
0.019801
0.019806
0.019811
0.019817
0.019822
0.019827
0.019832
0.019837
0.019843
0.019848
0.019853
0.019858
0.019863
0.019869
0.019874
0.019879
0.019884
0.019889
0.019894
0.019899
0.019904
0.019910
0.019915
0.019920
0.019925
0.019930
0.019935
0.019940
0.019945
0.019950
0.019955
0.019960
0.019965
0.019970
0.019975
0.019980
0.019985
0.019990
0.019995
0.020000
0.020005
0.020010
0.020015
0.020020
0.020025
0.020030
0.020035
0.020039
0.020044
0.020049
0.020054
0.020059
0.020064
0.020069
0.020073
0.020078
0.020083
0.020088
0.020093
0.020097
0.020102
0.020107
0.020112
0.020116
0.020121
0.020126
0.020130
0.020135
0.020140
0.020144
0.020149
0.020154
0.020158
0.020163
0.020168
0.020172
0.020177
0.020182
0.020186
0.020191
0.020195
0.020200
0.020204
0.020209
0.020213
0.020218
0.020222
0.020227
0.020231
0.020236
0.020240
0.020245
0.020249
0.020254
0.020258
0.020262
0.020267
0.020271
0.020276
0.020280
0.020284
0.020289
0.020293
0.020297
0.020302
0.020306
0.020310
0.020314
0.020319
0.020323
0.020327
0.020331
0.020336
0.020340
0.020344
0.020348
0.020352
0.020357
0.020361
0.020365
0.020369
0.020373
0.020377
0.020381
0.020385
0.020389
0.020394
0.020398
0.020402
0.020406
0.020410
0.020414
0.020418
0.020422
0.020426
0.020430
0.020433
0.020437
0.020441
0.020445
0.020449
0.020453
0.020457
0.020461
0.020465
0.020468
0.020472
0.020476
0.020480
0.020484
0.020487
0.020491
0.020495
0.020499
0.020502
0.020506
0.020510
0.020514
0.020517
0.020521
0.020525
0.020528
0.020532
0.020536
0.020539
0.020543
0.020546
0.020550
0.020554
0.020557
0.020561
0.020564
0.020568
0.020571
0.020575
0.020578
0.020582
0.020585
0.020589
0.020592
0.020596
0.020599
0.020603
0.020606
0.020609
0.020613
0.020616
0.020620
0.020623
0.020626
0.020630
0.020633
0.020636
0.020640
0.020643
0.020646
0.020650
0.020653
0.020656
0.020659
0.020663
0.020666
0.020669
0.020672
0.020676
0.020679
0.020682
0.020685
0.020688
0.020692
0.020695
0.020698
0.020701
0.020704
0.020707
0.020710
0.020713
0.020717
0.020720
0.020723
0.020726
0.020729
0.020732
0.020735
0.020738
0.020741
0.020744
0.020747
0.020750
0.020753
0.020756
0.020759
0.020762
0.020765
0.020768
0.020770
0.020773
0.020776
0.020779
0.020782
0.020785
0.020788
0.020791
0.020793
0.020796
0.020799
0.020802
0.020805
0.020807
0.020810
0.020813
0.020816
0.020818
0.020821
0.020824
0.020827
0.020829
0.020832
0.020835
0.020837
0.020840
0.020843
0.020845
0.020848
0.020851
0.020853
0.020856
0.020858
0.020861
0.020864
0.020866
0.020869
0.020871
0.020874
0.020876
0.020879
0.020881
0.020884
0.020886
0.020889
0.020891
0.020894
0.020896
0.020899
0.020901
0.020903
0.020906
0.020908
0.020911
0.020913
0.020915
0.020918
0.020920
0.020922
0.020925
0.020927
0.020929
0.020932
0.020934
0.020936
0.020939
0.020941
0.020943
0.020945
0.020947
0.020950
0.020952
0.020954
0.020956
0.020958
0.020961
0.020963
0.020965
0.020967
0.020969
0.020971
0.020973
0.020975
0.020977
0.020979
0.020981
0.020983
0.020985
0.020987
0.020989
0.020991
0.020993
0.020995
0.020997
0.020999
0.021001
0.021003
0.021005
0.021007
0.021009
0.021011
0.021013
0.021014
0.021016
0.021018
0.021020
0.021022
0.021024
0.021025
0.021027
0.021029
0.021031
0.021032
0.021034
0.021036
0.021038
0.021039
0.021041
0.021043
0.021044
0.021046
0.021048
0.021049
0.021051
0.021052
0.021054
0.021056
0.021057
0.021059
0.021060
0.021062
0.021064
0.021065
0.021067
0.021068
0.021070
0.021071
0.021073
0.021074
0.021076
0.021077
0.021079
0.021080
0.021082
0.021083
0.021084
0.021086
0.021087
0.021089
0.021090
0.021092
0.021093
0.021094
0.021096
0.021097
0.021098
0.021100
0.021101
0.021102
0.021104
0.021105
0.021106
0.021108
0.021109
0.021110
0.021111
0.021113
0.021114
0.021115
0.021116
0.021117
0.021119
0.021120
0.021121
0.021122
0.021123
0.021125
0.021126
0.021127
0.021128
0.021129
0.021130
0.021131
0.021133
0.021134
0.021135
0.021136
0.021137
0.021138
0.021139
0.021140
0.021141
0.021142
0.021143
0.021144
0.021145
0.021146
0.021148
0.021149
0.021150
0.021151
0.021152
0.021152
0.021153
0.021154
0.021155
0.021156
0.021157
0.021158
0.021159
0.021160
0.021161
0.021162
0.021163
0.021164
0.021165
0.021166
0.021166
0.021167
0.021168
0.021169
0.021170
0.021171
0.021172
0.021172
0.021173
0.021174
0.021175
0.021176
0.021177
0.021177
0.021178
0.021179
0.021180
0.021180
0.021181
0.021182
0.021183
0.021183
0.021184
0.021185
0.021186
0.021186
0.021187
0.021188
0.021188
0.021189
0.021190
0.021190
0.021191
0.021192
0.021192
0.021193
0.021193
0.021194
0.021195
0.021195
0.021196
0.021196
0.021197
0.021197
0.021198
0.021199
0.021199
0.021200
0.021200
0.021201
0.021201
0.021202
0.021202
0.021202
0.021203
0.021203
0.021204
0.021204
0.021205
0.021205
0.021205
0.021206
0.021206
0.021207
0.021207
0.021207
0.021208
0.021208
0.021208
0.021209
0.021209
0.021209
0.021209
0.021210
0.021210
0.021210
0.021210
0.021211
0.021211
0.021211
0.021211
0.021211
0.021212
0.021212
0.021212
0.021212
0.021212
0.021212
0.021212
0.021213
0.021213
0.021213
0.021213
0.021213
0.021213
0.021213
0.021213
0.021213
0.021213
0.021213
0.021213
0.021213
0.021213
0.021213
0.021213
0.021213
0.021213
0.021213
0.021213
0.021213
0.021212
0.021212
0.021212
0.021212
0.021212
0.021212
0.021212
0.021211
0.021211
0.021211
0.021211
0.021210
0.021210
0.021210
0.021210
0.021209
0.021209
0.021209
0.021209
0.021208
0.021208
0.021208
0.021207
0.021207
0.021206
0.021206
0.021206
0.021205
0.021205
0.021204
0.021204
0.021204
0.021203
0.021203
0.021202
0.021202
0.021201
0.021201
0.021200
0.021200
0.021199
0.021199
0.021198
0.021198
0.021197
0.021196
0.021196
0.021195
0.021195
0.021194
0.021193
0.021193
0.021192
0.021192
0.021191
0.021190
0.021190
0.021189
0.021188
0.021188
0.021187
0.021186
0.021185
0.021185
0.021184
0.021183
0.021182
0.021182
0.021181
0.021180
0.021179
0.021179
0.021178
0.021177
0.021176
0.021176
0.021175
0.021174
0.021173
0.021172
0.021171
0.021171
0.021170
0.021169
0.021168
0.021167
0.021166
0.021165
0.021164
0.021164
0.021163
0.021162
0.021161
0.021160
0.021159
0.021158
0.021157
0.021156
0.021155
0.021154
0.021153
0.021152
0.021151
0.021150
0.021149
0.021148
0.021147
0.021146
0.021145
0.021144
0.021143
0.021142
0.021141
0.021140
0.021139
0.021138
0.021137
0.021136
0.021135
0.021133
0.021132
0.021131
0.021130
0.021129
0.021128
0.021127
0.021126
0.021124
0.021123
0.021122
0.021121
0.021120
0.021119
0.021117
0.021116
0.021115
0.021114
0.021113
0.021112
0.021110
0.021109
0.021108
0.021107
0.021105
0.021104
0.021103
0.021102
0.021100
0.021099
0.021098
0.021097
0.021095
0.021094
0.021093
0.021091
0.021090
0.021089
0.021088
0.021086
0.021085
0.021084
0.021082
0.021081
0.021080
0.021078
0.021077
0.021075
0.021074
0.021073
0.021071
0.021070
0.021069
0.021067
0.021066
0.021064
0.021063
0.021061
0.021060
0.021059
0.021057
0.021056
0.021054
0.021053
0.021051
0.021050
0.021048
0.021047
0.021045
0.021044
0.021042
0.021041
0.021039
0.021038
0.021036
0.021034
0.021033
0.021031
0.021030
0.021028
0.021026
0.021025
0.021023
0.021022
0.021020
0.021018
0.021017
0.021015
0.021013
0.021012
0.021010
0.021008
0.021007
0.021005
0.021003
0.021002
0.021000
0.020998
0.020997
0.020995
0.020993
0.020991
0.020990
0.020988
0.020986
0.020984
0.020982
0.020981
0.020979
0.020977
0.020975
0.020974
0.020972
0.020970
0.020968
0.020966
0.020964
0.020963
0.020961
0.020959
0.020957
0.020955
0.020953
0.020951
0.020949
0.020948
0.020946
0.020944
0.020942
0.020940
0.020938
0.020936
0.020934
0.020932
0.020930
0.020928
0.020926
0.020924
0.020922
0.020920
0.020918
0.020916
0.020914
0.020912
0.020910
0.020908
0.020906
0.020904
0.020902
0.020900
0.020898
0.020896
0.020894
0.020892
0.020890
0.020888
0.020886
0.020884
0.020882
0.020880
0.020877
0.020875
0.020873
0.020871
0.020869
0.020867
0.020865
0.020863
0.020861
0.020858
0.020856
0.020854
0.020852
0.020850
0.020848
0.020845
0.020843
0.020841
0.020839
0.020837
0.020834
0.020832
0.020830
0.020828
0.020826
0.020823
0.020821
0.020819
0.020817
0.020815
0.020812
0.020810
0.020808
0.020806
0.020803
0.020801
0.020799
0.020796
0.020794
0.020792
0.020790
0.020787
0.020785
0.020783
0.020780
0.020778
0.020776
0.020774
0.020771
0.020769
0.020767
0.020764
0.020762
0.020760
0.020757
0.020755
0.020753
0.020750
0.020748
0.020746
0.020743
0.020741
0.020739
0.020736
0.020734
0.020731
0.020729
0.020727
0.020724
0.020722
0.020719
0.020717
0.020715
0.020712
0.020710
0.020707
0.020705
0.020702
0.020700
0.020698
0.020695
0.020693
0.020690
0.020688
0.020685
0.020683
0.020680
0.020678
0.020675
0.020673
0.020670
0.020668
0.020665
0.020663
0.020660
0.020658
0.020655
0.020653
0.020650
0.020647
0.020645
0.020642
0.020640
0.020637
0.020635
0.020632
0.020629
0.020627
0.020624
0.020622
0.020619
0.020616
0.020614
0.020611
0.020608
0.020606
0.020603
0.020601
0.020598
0.020595
0.020593
0.020590
0.020587
0.020584
0.020582
0.020579
0.020576
0.020574
0.020571
0.020568
0.020566
0.020563
0.020560
0.020557
0.020555
0.020552
0.020549
0.020546
0.020544
0.020541
0.020538
0.020535
0.020532
0.020530
0.020527
0.020524
0.020521
0.020518
0.020516
0.020513
0.020510
0.020507
0.020504
0.020501
0.020498
0.020496
0.020493
0.020490
0.020487
0.020484
0.020481
0.020478
0.020475
0.020472
0.020470
0.020467
0.020464
0.020461
0.020458
0.020455
0.020452
0.020449
0.020446
0.020443
0.020440
0.020437
0.020434
0.020431
0.020428
0.020425
0.020422
0.020419
0.020416
0.020413
0.020410
0.020407
0.020404
0.020401
0.020398
0.020395
0.020392
0.020389
0.020386
0.020383
0.020380
0.020377
0.020374
0.020371
0.020367
0.020364
0.020361
0.020358
0.020355
0.020352
0.020349
0.020346
0.020343
0.020340
0.020337
0.020333
0.020330
0.020327
0.020324
0.020321
0.020318
0.020315
0.020312
0.020309
0.020305
0.020302
0.020299
0.020296
0.020293
0.020290
0.020287
0.020284
0.020280
0.020277
0.020274
0.020271
0.020268
0.020265
0.020262
0.020259
0.020255
0.020252
0.020249
0.020246
0.020243
0.020240
0.020237
0.020233
0.020230
0.020227
0.020224
0.020221
0.020218
0.020215
0.020211
0.020208
0.020205
0.020202
0.020199
0.020196
0.020193
0.020189
0.020186
0.020183
0.020180
0.020177
0.020174
0.020170
0.020167
0.020164
0.020161
0.020158
0.020155
0.020152
0.020148
0.020145
0.020142
0.020139
0.020136
0.020133
0.020129
0.020126
0.020123
0.020120
0.020117
0.020114
0.020111
0.020107
0.020104
0.020101
0.020098
0.020095
0.020092
0.020089
0.020085
0.020082
0.020079
0.020076
0.020073
0.020070
0.020067
0.020063
0.020060
0.020057
0.020054
0.020051
0.020048
0.020045
0.020041
0.020038
0.020035
0.020032
0.020029
0.020026
0.020023
0.020019
0.020016
0.020013
0.020010
0.020007
0.020004
0.020001
0.019997
0.019994
0.019991
0.019988
0.019985
0.019982
0.019979
0.019975
0.019972
0.019969
0.019966
0.019963
0.019960
0.019957
0.019953
0.019950
0.019947
0.019944
0.019941
0.019938
0.019935
0.019931
0.019928
0.019925
0.019922
0.019919
0.019916
0.019912
0.019909
0.019906
0.019903
0.019900
0.019896
0.019893
0.019890
0.019887
0.019884
0.019881
0.019877
0.019874
0.019871
0.019868
0.019865
0.019861
0.019858
0.019855
0.019852
0.019849
0.019845
0.019842
0.019839
0.019836
0.019833
0.019829
0.019826
0.019823
0.019820
0.019816
0.019813
0.019810
0.019807
0.019803
0.019800
0.019797
0.019794
0.019791
0.019787
0.019784
0.019781
0.019778
0.019774
0.019771
0.019768
0.019765
0.019761
0.019758
0.019755
0.019751
0.019748
0.019745
0.019742
0.019738
0.019735
0.019732
0.019729
0.019725
0.019722
0.019719
0.019715
0.019712
0.019709
0.019706
0.019702
0.019699
0.019696
0.019693
0.019689
0.019686
0.019683
0.019679
0.019676
0.019673
0.019669
0.019666
0.019663
0.019660
0.019656
0.019653
0.019650
0.019646
0.019643
0.019640
0.019636
0.019633
0.019630
0.019626
0.019623
0.019620
0.019616
0.019613
0.019610
0.019607
0.019603
0.019600
0.019597
0.019593
0.019590
0.019587
0.019583
0.019580
0.019577
0.019573
0.019570
0.019567
0.019563
0.019560
0.019557
0.019553
0.019550
0.019547
0.019544
0.019540
0.019537
0.019534
0.019530
0.019527
0.019524
0.019520
0.019517
0.019514
0.019510
0.019507
0.019504
0.019501
0.019497
0.019494
0.019491
0.019487
0.019484
0.019481
0.019478
0.019474
0.019471
0.019468
0.019464
0.019461
0.019458
0.019455
0.019451
0.019448
0.019445
0.019442
0.019438
0.019435
0.019432
0.019429
0.019425
0.019422
0.019419
0.019416
0.019412
0.019409
0.019406
0.019403
0.019399
0.019396
0.019393
0.019390
0.019386
0.019383
0.019380
0.019377
0.019374
0.019370
0.019367
0.019364
0.019361
0.019357
0.019354
0.019351
0.019348
0.019345
0.019341
0.019338
0.019335
0.019332
0.019329
0.019325
0.019322
0.019319
0.019316
0.019313
0.019310
0.019306
0.019303
0.019300
0.019297
0.019294
0.019291
0.019287
0.019284
0.019281
0.019278
0.019275
0.019272
0.019268
0.019265
0.019262
0.019259
0.019256
0.019253
0.019249
0.019246
0.019243
0.019240
0.019237
0.019234
0.019231
0.019228
0.019224
0.019221
0.019218
0.019215
0.019212
0.019209
0.019206
0.019203
0.019200
0.019196
0.019193
0.019190
0.019187
0.019184
0.019181
0.019178
0.019175
0.019172
0.019169
0.019165
0.019162
0.019159
0.019156
0.019153
0.019150
0.019147
0.019144
0.019141
0.019138
0.019135
0.019132
0.019129
0.019126
0.019122
0.019119
0.019116
0.019113
0.019110
0.019107
0.019104
0.019101
0.019098
0.019095
0.019092
0.019089
0.019086
0.019083
0.019080
0.019077
0.019074
0.019071
0.019068
0.019065
0.019062
0.019059
0.019056
0.019053
0.019050
0.019047
0.019044
0.019041
0.019038
0.019035
0.019032
0.019029
0.019026
0.019023
0.019020
0.019017
0.019014
0.019011
0.019008
0.019005
0.019002
0.018999
0.018996
0.018993
0.018990
0.018987
0.018984
0.018981
0.018978
0.018975
0.018973
0.018970
0.018967
0.018964
0.018961
0.018958
0.018955
0.018952
0.018949
0.018946
0.018944
0.018941
0.018938
0.018935
0.018932
0.018929
0.018926
0.018924
0.018921
0.018918
0.018915
0.018912
0.018909
0.018907
0.018904
0.018901
0.018898
0.018896
0.018893
0.018890
0.018887
0.018884
0.018882
0.018879
0.018876
0.018873
0.018871
0.018868
0.018865
0.018863
0.018860
0.018857
0.018854
0.018852
0.018849
0.018846
0.018844
0.018841
0.018838
0.018836
0.018833
0.018830
0.018828
0.018825
0.018823
0.018820
0.018817
0.018815
0.018812
0.018809
0.018807
0.018804
0.018802
0.018799
0.018797
0.018794
0.018791
0.018789
0.018786
0.018784
0.018781
0.018779
0.018776
0.018774
0.018771
0.018769
0.018766
0.018764
0.018761
0.018759
0.018756
0.018754
0.018752
0.018749
0.018747
0.018744
0.018742
0.018739
0.018737
0.018735
0.018732
0.018730
0.018727
0.018725
0.018723
0.018720
0.018718
0.018716
0.018713
0.018711
0.018709
0.018706
0.018704
0.018702
0.018699
0.018697
0.018695
0.018692
0.018690
0.018688
0.018686
0.018683
0.018681
0.018679
0.018677
0.018674
0.018672
0.018670
0.018668
0.018665
0.018663
0.018661
0.018659
0.018656
0.018654
0.018652
0.018650
0.018648
0.018646
0.018643
0.018641
0.018639
0.018637
0.018635
0.018632
0.018630
0.018628
0.018626
0.018624
0.018622
0.018620
0.018617
0.018615
0.018613
0.018611
0.018609
0.018607
0.018605
0.018603
0.018601
0.018599
0.018596
0.018594
0.018592
0.018590
0.018588
0.018586
0.018584
0.018582
0.018580
0.018578
0.018576
0.018574
0.018572
0.018570
0.018568
0.018566
0.018564
0.018562
0.018560
0.018558
0.018556
0.018553
0.018551
0.018550
0.018548
0.018546
0.018544
0.018542
0.018540
0.018538
0.018536
0.018534
0.018532
0.018530
0.018528
0.018526
0.018524
0.018522
0.018520
0.018518
0.018516
0.018514
0.018512
0.018511
0.018509
0.018507
0.018505
0.018503
0.018501
0.018499
0.018497
0.018495
0.018494
0.018492
0.018490
0.018488
0.018486
0.018484
0.018483
0.018481
0.018479
0.018477
0.018475
0.018473
0.018472
0.018470
0.018468
0.018466
0.018464
0.018463
0.018461
0.018459
0.018457
0.018456
0.018454
0.018452
0.018450
0.018449
0.018447
0.018445
0.018444
0.018442
0.018440
0.018438
0.018437
0.018435
0.018433
0.018432
0.018430
0.018428
0.018427
0.018425
0.018424
0.018422
0.018420
