0.001634
-0.032769
-0.066836
-0.100231
-0.132645
-0.163800
-0.193455
-0.221408
-0.247493
-0.271580
-0.293577
-0.313417
-0.331066
-0.346508
-0.359752
-0.370821
-0.379750
-0.386590
-0.391395
-0.394230
-0.395162
-0.394263
-0.391607
-0.387270
-0.381329
-0.373861
-0.364942
-0.354648
-0.343055
-0.330237
-0.316269
-0.301224
-0.285172
-0.268185
-0.250333
-0.231685
-0.212309
-0.192274
-0.171647
-0.150495
-0.128885
-0.106884
-0.084559
-0.061978
-0.039209
-0.016320
0.006619
0.029538
0.052364
0.075024
0.097444
0.119546
0.141251
0.162479
0.183146
0.203165
0.222447
0.240900
0.258429
0.274936
0.290318
0.304470
0.317286
0.328653
0.338458
0.346587
0.352922
0.357348
0.359749
0.360014
0.358035
0.353715
0.346965
0.337714
0.325908
0.311517
0.294541
0.275012
0.253001
0.228619
0.202023
0.173413
0.143033
0.111169
0.078136
0.044277
0.009952
-0.024478
-0.058656
-0.092241
-0.124916
-0.156396
-0.186431
-0.214809
-0.241355
-0.265931
-0.288437
-0.308799
-0.326976
-0.342948
-0.356718
-0.368306
-0.377745
-0.385082
-0.390370
-0.393672
-0.395054
-0.394588
-0.392347
-0.388407
-0.382844
-0.375735
-0.367156
-0.357185
-0.345897
-0.333367
-0.319668
-0.304874
-0.289057
-0.272288
-0.254636
-0.236173
-0.216965
-0.197081
-0.176589
-0.155557
-0.134050
-0.112136
-0.089882
-0.067355
-0.044624
-0.021756
0.001178
0.024109
0.046965
0.069673
0.092158
0.114345
0.136154
0.157505
0.178315
0.198499
0.217968
0.236630
0.254391
0.271154
0.286817
0.301276
0.314424
0.326151
0.336344
0.344887
0.351666
0.356563
0.359463
0.360253
0.358824
0.355077
0.348921
0.340279
0.329092
0.315327
0.298973
0.280055
0.258634
0.234812
0.208734
0.180589
0.150613
0.119080
0.086299
0.052609
0.018364
-0.016073
-0.050342
-0.084099
-0.117019
-0.148810
-0.179213
-0.208007
-0.235007
-0.260068
-0.283079
-0.303962
-0.322668
-0.339171
-0.353470
-0.365580
-0.375532
-0.383370
-0.389146
-0.392919
-0.394757
-0.394728
-0.392907
-0.389369
-0.384189
-0.377444
-0.369212
-0.359569
-0.348590
-0.336351
-0.322926
-0.308388
-0.292809
-0.276262
-0.258816
-0.240540
-0.221504
-0.201776
-0.181423
-0.160513
-0.139113
-0.117290
-0.095110
-0.072642
-0.049953
-0.027111
-0.004185
0.018755
0.041637
0.064388
0.086935
0.109202
0.131111
0.152581
0.173531
0.193874
0.213525
0.232391
0.250379
0.267392
0.283331
0.298091
0.311566
0.323646
0.334220
0.343173
0.350388
0.355750
0.359143
0.360452
0.359569
0.356390
0.350822
0.342786
0.332218
0.319076
0.303346
0.285043
0.264219
0.240964
0.215415
0.187750
0.158192
0.127008
0.094499
0.060997
0.026854
-0.007569
-0.041909
-0.075819
-0.108967
-0.141054
-0.171812
-0.201011
-0.228456
-0.253995
-0.277507
-0.298907
-0.318139
-0.335172
-0.350000
-0.362634
-0.373102
-0.381443
-0.387709
-0.391958
-0.394254
-0.394668
-0.393271
-0.390138
-0.385345
-0.378969
-0.371087
-0.361775
-0.351110
-0.339167
-0.326020
-0.311742
-0.296407
-0.280085
-0.262848
-0.244765
-0.225905
-0.206336
-0.186127
-0.165344
-0.144055
-0.122326
-0.100225
-0.077819
-0.055176
-0.032363
-0.009450
0.013494
0.036397
0.059188
0.081792
0.104134
0.126137
0.147722
0.168806
0.189304
0.209131
0.228195
0.246405
0.263663
0.279871
0.294925
0.308721
0.321148
0.332096
0.341451
0.349096
0.354916
0.358795
0.360617
0.360272
0.357656
0.352672
0.345238
0.335285
0.322766
0.307659
0.289973
0.269749
0.247070
0.222059
0.194885
0.165761
0.134942
0.102723
0.069429
0.035408
0.001021
-0.033371
-0.067415
-0.100774
-0.133141
-0.164240
-0.193832
-0.221713
-0.247722
-0.271729
-0.293642
-0.313397
-0.330960
-0.346316
-0.359475
-0.370459
-0.379306
-0.386065
-0.390792
-0.393551
-0.394409
-0.393440
-0.390716
-0.386315
-0.380312
-0.372784
-0.363808
-0.353460
-0.341816
-0.328951
-0.314938
-0.299849
-0.283757
-0.266733
-0.248846
-0.230165
-0.210760
-0.190697
-0.170045
-0.148870
-0.127240
-0.105222
-0.082882
-0.060288
-0.037509
-0.014613
0.008331
0.031252
0.054078
0.076735
0.099148
0.121241
0.142935
0.164148
0.184796
0.204794
0.224051
0.242476
0.259974
0.276444
0.291787
0.305896
0.318664
0.329980
0.339729
0.347798
0.354068
0.358425
0.360753
0.360941
0.358881
0.354476
0.347639
0.338298
0.326400
0.311918
0.294850
0.275232
0.253134
0.228671
0.202000
0.173325
0.142889
0.110979
0.077914
0.044036
0.009705
-0.024718
-0.058875
-0.092427
-0.125058
-0.156484
-0.186456
-0.214764
-0.241235
-0.265732
-0.288154
-0.308431
-0.326522
-0.342408
-0.356092
-0.367595
-0.376951
-0.384206
-0.389415
-0.392640
-0.393948
-0.393410
-0.391101
-0.387095
-0.381469
-0.374299
-0.365664
-0.355638
-0.344298
-0.331719
-0.317974
-0.303136
-0.287278
-0.270471
-0.252784
-0.234287
-0.215049
-0.195137
-0.174620
-0.153564
-0.132036
-0.110104
-0.087834
-0.065294
-0.042552
-0.019677
0.003263
0.026197
0.049053
0.071759
0.094239
0.116418
0.138216
0.159553
0.180346
0.200510
0.219954
0.238589
0.256320
0.273048
0.288673
0.303090
0.316191
0.327868
0.338006
0.346490
0.353205
0.358035
0.360862
0.361576
0.360067
0.356236
0.349993
0.341261
0.329983
0.316124
0.299678
0.280670
0.259161
0.235255
0.209100
0.180887
0.150851
0.119269
0.086452
0.052739
0.018484
-0.015949
-0.050201
-0.083927
-0.116806
-0.148545
-0.178887
-0.207612
-0.234537
-0.259519
-0.282447
-0.303244
-0.321863
-0.338278
-0.352490
-0.364515
-0.374383
-0.382138
-0.387833
-0.391528
-0.393290
-0.393189
-0.391298
-0.387692
-0.382448
-0.375642
-0.367352
-0.357653
-0.346621
-0.334332
-0.320860
-0.306278
-0.290658
-0.274072
-0.256589
-0.238280
-0.219213
-0.199456
-0.179077
-0.158144
-0.136722
-0.114880
-0.092685
-0.070203
-0.047502
-0.024652
-0.001720
0.021223
0.044105
0.066855
0.089397
0.111656
0.133554
0.155011
0.175944
0.196268
0.215895
0.234734
0.252692
0.269672
0.285573
0.300291
0.313721
0.325752
0.336272
0.345166
0.352320
0.357615
0.360937
0.362171
0.361209
0.357948
0.352295
0.344170
0.333512
0.320279
0.304457
0.286064
0.265152
0.241814
0.216187
0.188452
0.158834
0.127599
0.095051
0.061523
0.027367
-0.007054
-0.041381
-0.075264
-0.108375
-0.140413
-0.171113
-0.200245
-0.227619
-0.253080
-0.276511
-0.297827
-0.316973
-0.333921
-0.348663
-0.361212
-0.371595
-0.379855
-0.386040
-0.390211
-0.392432
-0.392773
-0.391306
-0.388106
-0.383248
-0.376811
-0.368870
-0.359503
-0.348784
-0.336791
-0.323596
-0.309274
-0.293896
-0.277535
-0.260261
-0.242143
-0.223251
-0.203653
-0.183417
-0.162610
-0.141299
-0.119551
-0.097434
-0.075013
-0.052358
-0.029536
-0.006617
0.016331
0.039236
0.062025
0.084625
0.106961
0.128954
0.150525
0.171593
0.192073
0.211877
0.230916
0.249096
0.266322
0.282493
0.297507
0.311258
0.323637
0.334533
0.343830
0.351415
0.357170
0.360979
0.362727
0.362305
0.359608
0.354540
0.347018
0.336976
0.324367
0.309169
0.291393
0.271082
0.248319
0.223230
0.195984
0.166798
0.135927
0.103667
0.070344
0.036307
0.001917
-0.032464
-0.066484
-0.099808
-0.132129
-0.163173
-0.192701
-0.220512
-0.246445
-0.270373
-0.292203
-0.311874
-0.329351
-0.344623
-0.357697
-0.368597
-0.377363
-0.384041
-0.388691
-0.391374
-0.392160
-0.391120
-0.388329
-0.383863
-0.377798
-0.370211
-0.361179
-0.350778
-0.339083
-0.326170
-0.312111
-0.296980
-0.280849
-0.263787
-0.245865
-0.227153
-0.207718
-0.187628
-0.166951
-0.145755
-0.124105
-0.102069
-0.079715
-0.057109
-0.034321
-0.011417
0.011531
0.034453
0.057278
0.079931
0.102339
0.124422
0.146104
0.167301
0.187931
0.207907
0.227139
0.245536
0.263001
0.279436
0.294739
0.308805
0.321525
0.332789
0.342483
0.350492
0.356699
0.360987
0.363243
0.363354
0.361214
0.356726
0.349802
0.340372
0.328385
0.313811
0.296654
0.276948
0.254765
0.230223
0.203479
0.174738
0.144248
0.112294
0.079196
0.045299
0.010962
-0.023454
-0.057591
-0.091111
-0.123699
-0.155073
-0.184984
-0.213224
-0.239621
-0.264040
-0.286381
-0.306575
-0.324581
-0.340382
-0.353982
-0.365402
-0.374676
-0.381851
-0.386983
-0.390132
-0.391367
-0.390759
-0.388382
-0.384311
-0.378623
-0.371394
-0.362703
-0.352623
-0.341233
-0.328605
-0.314815
-0.299934
-0.284036
-0.267191
-0.249470
-0.230940
-0.211672
-0.191733
-0.171191
-0.150113
-0.128565
-0.106616
-0.084331
-0.061779
-0.039027
-0.016144
0.006800
0.029736
0.052592
0.075294
0.097768
0.119937
0.141723
0.163046
0.183821
0.203963
0.223383
0.241990
0.259689
0.276382
0.291968
0.306342
0.319397
0.331023
0.341106
0.349532
0.356183
0.360945
0.363701
0.364339
0.362751
0.358837
0.352507
0.343687
0.332319
0.318369
0.301833
0.282735
0.261140
0.237153
0.210923
0.182642
0.152549
0.120920
0.088067
0.054331
0.020067
-0.014362
-0.048597
-0.082294
-0.115133
-0.146822
-0.177105
-0.205763
-0.232616
-0.257520
-0.280368
-0.301082
-0.319617
-0.335948
-0.350076
-0.362016
-0.371802
-0.379477
-0.385094
-0.388713
-0.390402
-0.390230
-0.388271
-0.384600
-0.379293
-0.372428
-0.364080
-0.354327
-0.343244
-0.330907
-0.317389
-0.302764
-0.287103
-0.270479
-0.252961
-0.234619
-0.215522
-0.195738
-0.175334
-0.154377
-0.132936
-0.111076
-0.088865
-0.066371
-0.043660
-0.020801
0.002135
0.025081
0.047963
0.070710
0.093246
0.115497
0.137384
0.158826
0.179741
0.200045
0.219648
0.238460
0.256387
0.273333
0.289195
0.303872
0.317255
0.329236
0.339702
0.348538
0.355628
0.360856
0.364107
0.365266
0.364224
0.360880
0.355140
0.346927
0.336177
0.322852
0.306939
0.288455
0.267455
0.244033
0.218328
0.190522
0.160843
0.129557
0.096970
0.063416
0.029247
-0.005175
-0.039488
-0.073345
-0.106418
-0.138408
-0.169051
-0.198118
-0.225420
-0.250805
-0.274156
-0.295389
-0.314451
-0.331314
-0.345971
-0.358436
-0.368737
-0.376915
-0.383022
-0.387116
-0.389263
-0.389532
-0.387996
-0.384730
-0.379810
-0.373313
-0.365315
-0.355893
-0.345123
-0.333080
-0.319839
-0.305474
-0.290055
-0.273656
-0.256347
-0.238197
-0.219274
-0.199649
-0.179387
-0.158558
-0.137226
-0.115461
-0.093328
-0.070895
-0.048230
-0.025400
-0.002475
0.020475
0.043379
0.066166
0.088760
0.111087
0.133069
0.154626
0.175677
0.196136
0.215916
0.234928
0.253078
0.270269
0.286403
0.301375
0.315081
0.327411
0.338253
0.347493
0.355016
0.360704
0.364443
0.366117
0.365617
0.362838
0.357685
0.350075
0.339943
0.327243
0.311954
0.294088
0.273688
0.250841
0.225673
0.198355
0.169105
0.138181
0.105879
0.072527
0.038473
0.004079
-0.030293
-0.064290
-0.097581
-0.129858
-0.160848
-0.190313
-0.218056
-0.243915
-0.267765
-0.289515
-0.309103
-0.326497
-0.341685
-0.354676
-0.365494
-0.374179
-0.380780
-0.385352
-0.387962
-0.388676
-0.387568
-0.384711
-0.380182
-0.374056
-0.366412
-0.357325
-0.346872
-0.335129
-0.322169
-0.308067
-0.292895
-0.276725
-0.259628
-0.241673
-0.222930
-0.203467
-0.183352
-0.162652
-0.141435
-0.119767
-0.097716
-0.075349
-0.052733
-0.029936
-0.007027
0.015924
0.038846
0.061668
0.084316
0.106715
0.128788
0.150455
0.171636
0.192246
0.212198
0.231404
0.249770
0.267202
0.283599
0.298862
0.312883
0.325554
0.336765
0.346402
0.354349
0.360491
0.364710
0.366892
0.366925
0.364704
0.360131
0.353120
0.343601
0.331522
0.316858
0.299610
0.279814
0.257547
0.232924
0.206106
0.177299
0.146753
0.114754
0.081623
0.047706
0.013362
-0.021048
-0.055167
-0.088656
-0.121203
-0.152525
-0.182377
-0.210551
-0.236875
-0.261218
-0.283479
-0.303592
-0.321515
-0.337233
-0.350750
-0.362088
-0.371282
-0.378378
-0.383433
-0.386508
-0.387672
-0.386995
-0.384551
-0.380417
-0.374668
-0.367382
-0.358635
-0.348503
-0.337063
-0.324389
-0.310554
-0.295633
-0.279696
-0.262815
-0.245060
-0.226500
-0.207204
-0.187239
-0.166674
-0.145574
-0.124009
-0.102044
-0.079746
-0.057183
-0.034423
-0.011535
0.011412
0.034349
0.057202
0.079899
0.102365
0.124523
0.146295
0.167601
0.188356
0.208475
0.227869
0.246446
0.264111
0.280767
0.296312
0.310642
0.323648
0.335221
0.345247
0.353611
0.360198
0.364890
0.367572
0.368132
0.366463
0.362464
0.356047
0.347136
0.335676
0.321635
0.305006
0.285818
0.264136
0.240066
0.213759
0.185410
0.155257
0.123579
0.090690
0.056930
0.022655
-0.011772
-0.045992
-0.079663
-0.112463
-0.144103
-0.174329
-0.202923
-0.229705
-0.254535
-0.277304
-0.297937
-0.316389
-0.332638
-0.346683
-0.358542
-0.368247
-0.375843
-0.381383
-0.384928
-0.386545
-0.386304
-0.384278
-0.380543
-0.375176
-0.368252
-0.359849
-0.350043
-0.338911
-0.326527
-0.312964
-0.298298
-0.282598
-0.265938
-0.248387
-0.230014
-0.210888
-0.191078
-0.170650
-0.149673
-0.128214
-0.106338
-0.084114
-0.061609
-0.038890
-0.016026
0.006914
0.029859
0.052739
0.075481
0.098009
0.120249
0.142122
0.163547
0.184443
0.204723
0.224299
0.243082
0.260975
0.277883
0.293705
0.308337
0.321672
0.333600
0.344008
0.352783
0.359808
0.364967
0.368143
0.369224
0.368101
0.364671
0.358844
0.350539
0.339697
0.326279
0.310271
0.291695
0.270606
0.247099
0.221315
0.193437
0.163695
0.132357
0.099730
0.066148
0.031964
-0.002459
-0.036760
-0.070593
-0.103630
-0.135574
-0.166161
-0.195166
-0.222398
-0.247709
-0.270982
-0.292135
-0.311115
-0.327894
-0.342469
-0.354852
-0.365072
-0.373172
-0.379201
-0.383221
-0.385295
-0.385495
-0.383892
-0.380562
-0.375580
-0.369024
-0.360970
-0.351495
-0.340675
-0.328585
-0.315300
-0.300892
-0.285435
-0.268999
-0.251656
-0.233474
-0.214523
-0.194871
-0.174586
-0.153735
-0.132385
-0.110603
-0.088457
-0.066013
-0.043339
-0.020503
0.002425
0.025376
0.048279
0.071060
0.093647
0.115964
0.137933
0.159474
0.180505
0.200941
0.220696
0.239678
0.257795
0.274949
0.291042
0.305970
0.319627
0.331905
0.342690
0.351869
0.359326
0.364945
0.368610
0.370205
0.369623
0.366758
0.361515
0.353814
0.343588
0.330792
0.315408
0.297447
0.276956
0.254021
0.228770
0.201378
0.172062
0.141082
0.108736
0.075352
0.041281
0.006882
-0.027481
-0.061457
-0.094714
-0.126947
-0.157883
-0.187287
-0.214962
-0.240747
-0.264520
-0.286189
-0.305696
-0.323007
-0.338113
-0.351021
-0.361759
-0.370365
-0.376888
-0.381386
-0.383923
-0.384568
-0.383392
-0.380471
-0.375881
-0.369697
-0.361997
-0.352857
-0.342354
-0.330563
-0.317559
-0.303415
-0.288204
-0.271998
-0.254867
-0.236881
-0.218109
-0.198620
-0.178481
-0.157760
-0.136525
-0.114841
-0.092777
-0.070398
-0.047774
-0.024971
-0.002059
0.020893
0.043813
0.066631
0.089271
0.111660
0.133719
0.155370
0.176532
0.197119
0.217046
0.236222
0.254556
0.271951
0.288309
0.303527
0.317501
0.330120
0.341275
0.350852
0.358735
0.364807
0.368953
0.371058
0.371010
0.368705
0.364043
0.356941
0.347329
0.335155
0.320395
0.303053
0.283165
0.260809
0.236102
0.209207
0.180332
0.149727
0.117681
0.084515
0.050576
0.016223
-0.018182
-0.052284
-0.085744
-0.118250
-0.149522
-0.179316
-0.207423
-0.233677
-0.257944
-0.280127
-0.300159
-0.318000
-0.333637
-0.347073
-0.358330
-0.367445
-0.374465
-0.379445
-0.382448
-0.383541
-0.382797
-0.380289
-0.376093
-0.370286
-0.362944
-0.354144
-0.343962
-0.332474
-0.319755
-0.305879
-0.290918
-0.274945
-0.258030
-0.240243
-0.221655
-0.202332
-0.182343
-0.161757
-0.140639
-0.119057
-0.097078
-0.074769
-0.052198
-0.029432
-0.006540
0.016408
0.039342
0.062191
0.084880
0.107336
0.129482
0.151238
0.172525
0.193258
0.213351
0.232716
0.251261
0.268890
0.285507
0.301008
0.315290
0.328245
0.339763
0.349729
0.358030
0.364548
0.369167
0.371773
0.372252
0.370498
0.366411
0.359903
0.350899
0.339344
0.325207
0.308482
0.289201
0.267428
0.243273
0.216887
0.188466
0.158251
0.126523
0.093595
0.059810
0.025522
-0.008903
-0.043110
-0.076754
-0.109516
-0.141109
-0.171278
-0.199808
-0.226521
-0.251276
-0.273967
-0.294521
-0.312891
-0.329058
-0.343022
-0.354800
-0.364427
-0.371945
-0.377410
-0.380882
-0.382429
-0.382120
-0.380029
-0.376232
-0.370805
-0.363825
-0.355369
-0.345513
-0.334332
-0.321903
-0.308298
-0.293592
-0.277855
-0.261161
-0.243577
-0.225175
-0.206023
-0.186189
-0.165740
-0.144744
-0.123268
-0.101379
-0.079143
-0.056629
-0.033904
-0.011037
0.011904
0.034848
0.057724
0.080458
0.102977
0.125203
0.147060
0.168467
0.189340
0.209595
0.229143
0.247893
0.265751
0.282620
0.298398
0.312983
0.326266
0.338139
0.348488
0.357199
0.364156
0.369242
0.372342
0.373342
0.372134
0.368616
0.362696
0.354297
0.343359
0.329844
0.313740
0.295068
0.273886
0.250291
0.224424
0.196472
0.166664
0.135272
0.102602
0.068990
0.034790
0.000364
-0.033927
-0.067737
-0.100739
-0.132638
-0.163172
-0.192114
-0.219278
-0.244515
-0.267711
-0.288784
-0.307683
-0.324381
-0.338874
-0.351176
-0.361317
-0.369338
-0.375292
-0.379238
-0.381242
-0.381373
-0.379704
-0.376311
-0.371270
-0.364656
-0.356548
-0.347022
-0.336154
-0.324018
-0.310690
-0.296242
-0.280747
-0.264277
-0.246901
-0.228690
-0.209713
-0.190036
-0.169730
-0.148859
-0.127493
-0.105697
-0.083539
-0.061086
-0.038406
-0.015567
0.007362
0.030312
0.053210
0.075984
0.098562
0.120865
0.142818
0.164340
0.185349
0.205760
0.225486
0.244436
0.262517
0.279632
0.295681
0.310562
0.324168
0.336390
0.347115
0.356230
0.363619
0.369165
0.372752
0.374267
0.373599
0.370645
0.365310
0.357513
0.347190
0.334296
0.318813
0.300755
0.280169
0.257143
0.231808
0.204338
0.174953
0.143915
0.111523
0.078106
0.044015
0.009610
-0.024746
-0.058702
-0.091927
-0.124117
-0.155001
-0.184345
-0.211952
-0.237665
-0.261361
-0.282952
-0.302378
-0.319607
-0.334631
-0.347459
-0.358117
-0.366645
-0.373092
-0.377516
-0.379981
-0.380557
-0.379316
-0.376331
-0.371680
-0.365439
-0.357684
-0.348493
-0.337941
-0.326104
-0.313057
-0.298872
-0.283623
-0.267382
-0.250218
-0.232202
-0.213403
-0.193889
-0.173728
-0.152988
-0.131735
-0.110037
-0.087960
-0.065572
-0.042940
-0.020133
0.002780
0.025731
0.048648
0.071459
0.094090
0.116466
0.138511
0.160144
0.181283
0.201846
0.221745
0.240890
0.259188
0.276545
0.292860
0.308031
0.321954
0.334519
0.345614
0.355127
0.362942
0.368942
0.373011
0.375035
0.374902
0.372507
0.367753
0.360556
0.350845
0.338573
0.323713
0.306272
0.286288
0.263839
0.239045
0.212071
0.183125
0.152458
0.120363
0.087161
0.053199
0.018836
-0.015565
-0.049649
-0.083080
-0.115545
-0.146767
-0.176502
-0.204545
-0.230727
-0.254919
-0.277024
-0.296975
-0.314736
-0.330292
-0.343647
-0.354825
-0.363863
-0.370806
-0.375713
-0.378644
-0.379670
-0.378860
-0.376289
-0.372033
-0.366168
-0.358772
-0.349920
-0.339690
-0.328156
-0.315394
-0.301477
-0.286479
-0.270471
-0.253523
-0.235707
-0.217091
-0.197744
-0.177733
-0.157127
-0.135992
-0.114396
-0.092405
-0.070087
-0.047508
-0.024738
-0.001845
0.021103
0.044034
0.066876
0.089556
0.112000
0.134131
0.155870
0.177135
0.197844
0.217909
0.237244
0.255754
0.273345
0.289920
0.305375
0.319608
0.332509
0.343968
0.353872
0.362105
0.368552
0.373096
0.375622
0.376017
0.374175
0.369996
0.363393
0.354292
0.342639
0.328402
0.311579
0.292201
0.270335
0.246091
0.219623
0.191128
0.160850
0.129069
0.096101
0.062288
0.027988
-0.006438
-0.040631
-0.074249
-0.106975
-0.138520
-0.168634
-0.197101
-0.223745
-0.248426
-0.271041
-0.291516
-0.309806
-0.325893
-0.339777
-0.351476
-0.361025
-0.368468
-0.373860
-0.377261
-0.378739
-0.378364
-0.376210
-0.372353
-0.366869
-0.359835
-0.351327
-0.341422
-0.330195
-0.317723
-0.304078
-0.289333
-0.273562
-0.256835
-0.239222
-0.220793
-0.201616
-0.181759
-0.161291
-0.140278
-0.118787
-0.096886
-0.074641
-0.052119
-0.029390
-0.006520
0.016420
0.039360
0.062230
0.084955
0.107462
0.129675
0.151514
0.172900
0.193749
0.213977
0.233495
0.252211
0.270032
0.286859
0.302592
0.317128
0.330358
0.342174
0.352461
0.361106
0.367993
0.373004
0.376025
0.376942
0.375646
0.372037
0.366024
0.357529
0.346492
0.332877
0.316674
0.297904
0.276627
0.252942
0.226991
0.198962
0.169088
0.137640
0.104926
0.071283
0.037066
0.002637
-0.031645
-0.065432
-0.098400
-0.130255
-0.160734
-0.189615
-0.216712
-0.241877
-0.264996
-0.285991
-0.304810
-0.321427
-0.335840
-0.348063
-0.358126
-0.366071
-0.371950
-0.375825
-0.377759
-0.377824
-0.376092
-0.372638
-0.367538
-0.360870
-0.352710
-0.343134
-0.332219
-0.320040
-0.306670
-0.292184
-0.276654
-0.260151
-0.242745
-0.224506
-0.205504
-0.185805
-0.165478
-0.144590
-0.123209
-0.101401
-0.079233
-0.056773
-0.034088
-0.011246
0.011683
0.034629
0.057522
0.080288
0.102854
0.125143
0.147079
0.168581
0.189566
0.209951
0.229646
0.248563
0.266607
0.283681
0.299686
0.314519
0.328072
0.340237
0.350901
0.359951
0.367270
0.372742
0.376250
0.377682
0.376927
0.373882
0.368453
0.360560
0.350137
0.337143
0.321560
0.303402
0.282720
0.259601
0.234179
0.206629
0.177174
0.146077
0.113637
0.080185
0.046072
0.011661
-0.022689
-0.056626
-0.089820
-0.121968
-0.152801
-0.182085
-0.209626
-0.235267
-0.258888
-0.280400
-0.299746
-0.316895
-0.331837
-0.344585
-0.355165
-0.363615
-0.369987
-0.374339
-0.376734
-0.377243
-0.375937
-0.372890
-0.368180
-0.361883
-0.354076
-0.344834
-0.334235
-0.322354
-0.309265
-0.295041
-0.279756
-0.263481
-0.246287
-0.228243
-0.209418
-0.189882
-0.169700
-0.148942
-0.127674
-0.105963
-0.083876
-0.061481
-0.038844
-0.016035
0.006879
0.029827
0.052738
0.075541
0.098161
0.120524
0.142551
0.164164
0.185280
0.205817
0.225686
0.244797
0.263059
0.280375
0.296646
0.311770
0.325640
0.338148
0.349183
0.358631
0.366376
0.372302
0.376293
0.378234
0.378015
0.375529
0.370681
0.363387
0.353577
0.341204
0.326244
0.308703
0.288621
0.266078
0.241196
0.214140
0.185121
0.154393
0.122247
0.089007
0.055020
0.020647
-0.013751
-0.047819
-0.081222
-0.113648
-0.144821
-0.174498
-0.202476
-0.228588
-0.252706
-0.274733
-0.294606
-0.312287
-0.327762
-0.341037
-0.352137
-0.361098
-0.367966
-0.372800
-0.375662
-0.376619
-0.375745
-0.373112
-0.368796
-0.362875
-0.355425
-0.346523
-0.336245
-0.324667
-0.311863
-0.297907
-0.282872
-0.266829
-0.249851
-0.232006
-0.213363
-0.193993
-0.173961
-0.153336
-0.132186
-0.110576
-0.088574
-0.066247
-0.043663
-0.020890
0.002005
0.024950
0.047876
0.070711
0.093381
0.115812
0.137927
0.159646
0.180889
0.201572
0.221609
0.240911
0.259386
0.276937
0.293469
0.308877
0.323058
0.335904
0.347303
0.357143
0.365308
0.371682
0.376149
0.378593
0.378903
0.376971
0.372700
0.366001
0.356802
0.345048
0.330711
0.313788
0.294312
0.272352
0.248018
0.221467
0.192899
0.162556
0.130722
0.097714
0.063874
0.029559
-0.004866
-0.039046
-0.072639
-0.105328
-0.136828
-0.166886
-0.195291
-0.221866
-0.246475
-0.269014
-0.289411
-0.307622
-0.323629
-0.337434
-0.349056
-0.358529
-0.365897
-0.371217
-0.374548
-0.375959
-0.375519
-0.373304
-0.369388
-0.363848
-0.356760
-0.348202
-0.338249
-0.326978
-0.314463
-0.300779
-0.285998
-0.270193
-0.253435
-0.235793
-0.217338
-0.198137
-0.178260
-0.157773
-0.136744
-0.115239
-0.093327
-0.071073
-0.048546
-0.025813
-0.002943
0.019996
0.042932
0.065794
0.088510
0.111004
0.133201
0.155022
0.176386
0.197211
0.217410
0.236896
0.255578
0.273360
0.290145
0.305832
0.320317
0.333494
0.345251
0.355476
0.364054
0.370869
0.375804
0.378745
0.379578
0.378194
0.374494
0.368385
0.359792
0.348657
0.334942
0.318638
0.299771
0.278398
0.254622
0.228587
0.200482
0.170540
0.139036
0.106279
0.072605
0.038370
0.003937
-0.030335
-0.064101
-0.097036
-0.128847
-0.159274
-0.188094
-0.215125
-0.240219
-0.263264
-0.284182
-0.302922
-0.319461
-0.333795
-0.345941
-0.355927
-0.363798
-0.369605
-0.373410
-0.375277
-0.375277
-0.373483
-0.369970
-0.364814
-0.358092
-0.349882
-0.340258
-0.329298
-0.317077
-0.303668
-0.289146
-0.273581
-0.257047
-0.239612
-0.221347
-0.202320
-0.182600
-0.162255
-0.141351
-0.119956
-0.098136
-0.075960
-0.053493
-0.030804
-0.007961
0.014966
0.037908
0.060794
0.083551
0.106105
0.128379
0.150297
0.171778
0.192739
0.213096
0.232761
0.251644
0.269650
0.286683
0.302643
0.317427
0.330927
0.343034
0.353637
0.362621
0.369870
0.375268
0.378698
0.380046
0.379204
0.376069
0.370546
0.362556
0.352035
0.338941
0.323258
0.305002
0.284223
0.261013
0.235505
0.207877
0.178352
0.147196
0.114709
0.081223
0.047089
0.012670
-0.021674
-0.055592
-0.088756
-0.120862
-0.151644
-0.180870
-0.208346
-0.233918
-0.257464
-0.278900
-0.298168
-0.315238
-0.330102
-0.342772
-0.353275
-0.361651
-0.367950
-0.372231
-0.374559
-0.375002
-0.373634
-0.370528
-0.365761
-0.359410
-0.351551
-0.342261
-0.331617
-0.319692
-0.306563
-0.292303
-0.276983
-0.260676
-0.243452
-0.225382
-0.206533
-0.186974
-0.166774
-0.145999
-0.124716
-0.102994
-0.080897
-0.058495
-0.035854
-0.013043
0.009870
0.032814
0.055720
0.078513
0.101122
0.123470
0.145480
0.167073
0.188166
0.208676
0.228515
0.247593
0.265818
0.283094
0.299321
0.314396
0.328214
0.340666
0.351641
0.361024
0.368700
0.374553
0.378466
0.380325
0.380019
0.377443
0.372502
0.365111
0.355203
0.342730
0.327669
0.310028
0.289849
0.267212
0.242241
0.215104
0.186012
0.155221
0.123024
0.089746
0.055735
0.021350
-0.013045
-0.047098
-0.080472
-0.112860
-0.143984
-0.173605
-0.201518
-0.227561
-0.251605
-0.273556
-0.293350
-0.310951
-0.326347
-0.339544
-0.350566
-0.359451
-0.366245
-0.371007
-0.373800
-0.374691
-0.373752
-0.371059
-0.366686
-0.360709
-0.353207
-0.344256
-0.333931
-0.322309
-0.309464
-0.295470
-0.280400
-0.264325
-0.247317
-0.229444
-0.210777
-0.191384
-0.171333
-0.150691
-0.129526
-0.107904
-0.085892
-0.063558
-0.040969
-0.018194
0.004700
0.027642
0.050563
0.073389
0.096048
0.118465
0.140562
0.162262
0.183482
0.204139
0.224147
0.243416
0.261854
0.279367
0.295854
0.311215
0.325345
0.338135
0.349475
0.359251
0.367349
0.373650
0.378040
0.380404
0.380629
0.378608
0.374245
0.367451
0.358154
0.346301
0.331865
0.314843
0.295269
0.273215
0.248793
0.222159
0.193517
0.163110
0.131223
0.098174
0.064306
0.029978
-0.004449
-0.038617
-0.072185
-0.104839
-0.136292
-0.166297
-0.194640
-0.221148
-0.245685
-0.268149
-0.288469
-0.306603
-0.322532
-0.336259
-0.347803
-0.357201
-0.364495
-0.369743
-0.373006
-0.374350
-0.373847
-0.371570
-0.367596
-0.362000
-0.354860
-0.346252
-0.336252
-0.324937
-0.312381
-0.298658
-0.283842
-0.268003
-0.251214
-0.233544
-0.215063
-0.195840
-0.175942
-0.155437
-0.134393
-0.112876
-0.090953
-0.068691
-0.046159
-0.023423
-0.000552
0.022384
0.045315
0.068170
0.090875
0.113356
0.135537
0.157339
0.178681
0.199481
0.219652
0.239106
0.257752
0.275496
0.292238
0.307880
0.322315
0.335437
0.347136
0.357298
0.365810
0.372554
0.377414
0.380276
0.381025
0.379554
0.375763
0.369561
0.360871
0.349638
0.335824
0.319422
0.300457
0.278991
0.255125
0.229007
0.200827
0.170819
0.139260
0.106459
0.072755
0.038503
0.004066
-0.030197
-0.063941
-0.096843
-0.128611
-0.158986
-0.187748
-0.214713
-0.239736
-0.262708
-0.283550
-0.302213
-0.318674
-0.332931
-0.344999
-0.354910
-0.362708
-0.368444
-0.372179
-0.373979
-0.373915
-0.372060
-0.368488
-0.363277
-0.356502
-0.348241
-0.338571
-0.327566
-0.315303
-0.301855
-0.287296
-0.271698
-0.255133
-0.237669
-0.219379
-0.200329
-0.180588
-0.160224
-0.139304
-0.117896
-0.096065
-0.073880
-0.051408
-0.028716
-0.005872
0.017054
0.039992
0.062870
0.085618
0.108159
0.130418
0.152317
0.173777
0.194714
0.215043
0.234678
0.253526
0.271495
0.288486
0.304401
0.319135
0.332583
0.344634
0.355175
0.364094
0.371273
0.376597
0.379949
0.381215
0.380287
0.377062
0.371447
0.363361
0.352743
0.339551
0.323770
0.305417
0.284543
0.261243
0.235650
0.207945
0.178352
0.147138
0.114605
0.081085
0.046931
0.012505
-0.021834
-0.055734
-0.088867
-0.120934
-0.151666
-0.180835
-0.208248
-0.233750
-0.257225
-0.278585
-0.297777
-0.314769
-0.329556
-0.342150
-0.352577
-0.360880
-0.367107
-0.371319
-0.373579
-0.373958
-0.372528
-0.369363
-0.364540
-0.358135
-0.350226
-0.340889
-0.330199
-0.318233
-0.305064
-0.290767
-0.275413
-0.259075
-0.241822
-0.223725
-0.204852
-0.185272
-0.165053
-0.144262
-0.122965
-0.101231
-0.079126
-0.056717
-0.034073
-0.011260
0.011652
0.034592
0.057491
0.080276
0.102873
0.125206
0.147198
0.168770
0.189840
0.210323
0.230132
0.249178
0.267366
0.284601
0.300784
0.315811
0.329577
0.341974
0.352888
0.362207
0.369815
0.375595
0.379431
0.381209
0.380819
0.378154
0.373121
0.365636
0.355631
0.343060
0.327901
0.310162
0.289888
0.267160
0.242103
0.214886
0.185724
0.154873
0.122627
0.089313
0.055278
0.020883
-0.013510
-0.047547
-0.080894
-0.113244
-0.144320
-0.173884
-0.201736
-0.227711
-0.251682
-0.273558
-0.293276
-0.310800
-0.326117
-0.339237
-0.350183
-0.358993
-0.365716
-0.370407
-0.373132
-0.373958
-0.372957
-0.370203
-0.365773
-0.359743
-0.352189
-0.343189
-0.332819
-0.321154
-0.308268
-0.294237
-0.279131
-0.263024
-0.245986
-0.228086
-0.209394
-0.189979
-0.169908
-0.149249
-0.128069
-0.106435
-0.084414
-0.062073
-0.039479
-0.016701
0.006192
0.029132
0.052047
0.074865
0.097513
0.119916
0.141997
0.163677
0.184875
0.205507
0.225485
0.244722
0.263125
0.280598
0.297043
0.312357
0.326436
0.339172
0.350453
0.360166
0.368196
0.374426
0.378740
0.381023
0.381164
0.379056
0.374601
0.367712
0.358318
0.346367
0.331831
0.314711
0.295041
0.272893
0.248383
0.221668
0.192952
0.162481
0.130542
0.097453
0.063558
0.029216
-0.005210
-0.039365
-0.072909
-0.105526
-0.136933
-0.166882
-0.195164
-0.221604
-0.246069
-0.268458
-0.288701
-0.306756
-0.322606
-0.336254
-0.347722
-0.357044
-0.364265
-0.369441
-0.372634
-0.373912
-0.373345
-0.371007
-0.366975
-0.361324
-0.354131
-0.345473
-0.335427
-0.324068
-0.311471
-0.297709
-0.282857
-0.266986
-0.250166
-0.232468
-0.213962
-0.194716
-0.174798
-0.154275
-0.133216
-0.111686
-0.089753
-0.067483
-0.044945
-0.022207
0.000664
0.023598
0.046524
0.069371
0.092066
0.114534
0.136699
0.158482
0.179802
0.200577
0.220720
0.240143
0.258754
0.276459
0.293160
0.308756
0.323142
0.336210
0.347852
0.357953
0.366398
0.373072
0.377858
0.380641
0.381308
0.379751
0.375870
0.369575
0.360791
0.349460
0.335548
0.319049
0.299988
0.278429
0.254475
0.228275
0.200020
0.169947
0.138333
0.105490
0.071756
0.037487
0.003046
-0.031207
-0.064929
-0.097798
-0.129523
-0.159846
-0.188548
-0.215447
-0.240400
-0.263298
-0.284064
-0.302650
-0.319033
-0.333212
-0.345203
-0.355039
-0.362762
-0.368426
-0.372092
-0.373826
-0.373697
-0.371780
-0.368149
-0.362882
-0.356054
-0.347743
-0.338025
-0.326975
-0.314670
-0.301183
-0.286588
-0.270956
-0.254358
-0.236867
-0.218549
-0.199476
-0.179714
-0.159332
-0.138396
-0.116974
-0.095132
-0.072938
-0.050460
-0.027764
-0.004919
0.018005
0.040939
0.063811
0.086549
0.109077
0.131322
0.153203
0.174642
0.195555
0.215857
0.235461
0.254276
0.272207
0.289158
0.305028
0.319714
0.333109
0.345104
0.355585
0.364439
0.371550
0.376801
0.380076
0.381261
0.380248
0.376935
0.371228
0.363048
0.352334
0.339045
0.323167
0.304718
0.283752
0.260362
0.234686
0.206905
0.177246
0.145975
0.113397
0.079844
0.045671
0.011238
-0.023094
-0.056975
-0.090078
-0.122103
-0.152786
-0.181896
-0.209245
-0.234678
-0.258080
-0.279364
-0.298478
-0.315393
-0.330102
-0.342618
-0.352970
-0.361197
-0.367352
-0.371494
-0.373686
-0.374000
-0.372507
-0.369282
-0.364402
-0.357943
-0.349982
-0.340596
-0.329861
-0.317852
-0.304643
-0.290308
-0.274919
-0.258548
-0.241266
-0.223142
-0.204244
-0.184643
-0.164404
-0.143596
-0.122285
-0.100539
-0.078424
-0.056008
-0.033359
-0.010545
0.012366
0.035304
0.058196
0.080973
0.103558
0.125877
0.147852
0.169404
0.190451
0.210908
0.230687
0.249699
0.267851
0.285047
0.301186
0.316166
0.329881
0.342222
0.353077
0.362332
0.369872
0.375580
0.379340
0.381038
0.380563
0.377811
0.372687
0.365108
0.355007
0.342339
0.327083
0.309248
0.288880
0.266061
0.240919
0.213625
0.184394
0.153483
0.121189
0.087839
0.053781
0.019377
-0.015012
-0.049033
-0.082352
-0.114663
-0.145691
-0.175199
-0.202987
-0.228894
-0.252793
-0.274593
-0.294233
-0.311679
-0.326918
-0.339960
-0.350829
-0.359564
-0.366213
-0.370833
-0.373489
-0.374248
-0.373183
-0.370369
-0.365880
-0.359795
-0.352189
-0.343139
-0.332722
-0.321013
-0.308086
-0.294016
-0.278874
-0.262734
-0.245665
-0.227737
-0.209020
-0.189582
-0.169491
-0.148814
-0.127618
-0.105971
-0.083940
-0.061591
-0.038992
-0.016212
0.006682
0.029619
0.052529
0.075339
0.097977
0.120366
0.142431
0.164092
0.185267
0.205873
0.225823
0.245028
0.263395
0.280829
0.297231
0.312499
0.326528
0.339209
0.350431
0.360082
0.368045
0.374204
0.378442
0.380646
0.380703
0.378508
0.373962
0.366980
0.357490
0.345442
0.330809
0.313591
0.293826
0.271587
0.246990
0.220195
0.191408
0.160875
0.128885
0.095758
0.061838
0.027483
-0.006942
-0.041083
-0.074601
-0.107181
-0.138541
-0.168435
-0.196654
-0.223026
-0.247419
-0.269731
-0.289896
-0.307872
-0.323643
-0.337213
-0.348603
-0.357847
-0.364994
-0.370098
-0.373221
-0.374431
-0.373799
-0.371399
-0.367307
-0.361600
-0.354353
-0.345644
-0.335550
-0.324145
-0.311506
-0.297705
-0.282815
-0.266909
-0.250057
-0.232331
-0.213798
-0.194527
-0.174588
-0.154046
-0.132970
-0.111426
-0.089481
-0.067202
-0.044658
-0.021915
0.000957
0.023890
0.046812
0.069653
0.092338
0.114794
0.136944
0.158709
0.180009
0.200759
0.220875
0.240267
0.258844
0.276512
0.293171
0.308721
0.323057
0.336073
0.347657
0.357696
0.366075
0.372679
0.377390
0.380094
0.380678
0.379034
0.375062
0.368674
0.359793
0.348365
0.334355
0.317757
0.298600
0.276948
0.252905
0.226623
0.198294
0.168156
0.136489
0.103604
0.069842
0.035559
0.001117
-0.033125
-0.066823
-0.099656
-0.131335
-0.161603
-0.190243
-0.217075
-0.241955
-0.264777
-0.285464
-0.303970
-0.320273
-0.334372
-0.346285
-0.356043
-0.363690
-0.369281
-0.372876
-0.374541
-0.374346
-0.372366
-0.368675
-0.363350
-0.356467
-0.348104
-0.338337
-0.327242
-0.314893
-0.301366
-0.286732
-0.271065
-0.254435
-0.236913
-0.218569
-0.199471
-0.179686
-0.159284
-0.138331
-0.116894
-0.095040
-0.072837
-0.050351
-0.027650
-0.004803
0.018120
0.041051
0.063917
0.086647
0.109164
0.131394
0.153259
0.174677
0.195567
0.215843
0.235417
0.254199
0.272094
0.289004
0.304831
0.319469
0.332812
0.344751
0.355172
0.363962
0.371004
0.376182
0.379380
0.380485
0.379387
0.375985
0.370187
0.361913
0.351102
0.337716
0.321741
0.303197
0.282138
0.258659
0.232900
0.205044
0.175318
0.143992
0.111370
0.077786
0.043595
0.009157
-0.025166
-0.059026
-0.092097
-0.124079
-0.154710
-0.183760
-0.211043
-0.236405
-0.259731
-0.280938
-0.299973
-0.316808
-0.331437
-0.343874
-0.354148
-0.362299
-0.368380
-0.372450
-0.374573
-0.374819
-0.373262
-0.369976
-0.365038
-0.358523
-0.350510
-0.341073
-0.330291
-0.318237
-0.304987
-0.290613
-0.275188
-0.258783
-0.241470
-0.223317
-0.204394
-0.184769
-0.164509
-0.143683
-0.122356
-0.100597
-0.078471
-0.056047
-0.033393
-0.010575
0.012337
0.035272
0.058160
0.080929
0.103504
0.125810
0.147769
0.169302
0.190327
0.210758
0.230509
0.249490
0.267606
0.284763
0.300859
0.315792
0.329457
0.341743
0.352540
0.361733
0.369205
0.374842
0.378527
0.380145
0.379586
0.376747
0.371532
0.363860
0.353664
0.340899
0.325546
0.307616
0.287154
0.264246
0.239020
0.211649
0.182349
0.151381
0.119041
0.085657
0.051578
0.017166
-0.017217
-0.051219
-0.084508
-0.116777
-0.147755
-0.177204
-0.204927
-0.230763
-0.254587
-0.276309
-0.295870
-0.313235
-0.328393
-0.341355
-0.352145
-0.360803
-0.367376
-0.371923
-0.374508
-0.375199
-0.374069
-0.371191
-0.366643
-0.360500
-0.352840
-0.343738
-0.333273
-0.321518
-0.308548
-0.294437
-0.279258
-0.263083
-0.245982
-0.228024
-0.209280
-0.189817
-0.169704
-0.149008
-0.127795
-0.106134
-0.084090
-0.061732
-0.039126
-0.016342
0.006554
0.029490
0.052396
0.075200
0.097828
0.120206
0.142256
0.163899
0.185053
0.205635
0.225557
0.244731
0.263064
0.280460
0.296820
0.312043
0.326022
0.338650
0.349815
0.359403
0.367300
0.373388
0.377552
0.379677
0.379651
0.377369
0.372734
0.365659
0.356074
0.343929
0.329199
0.311885
0.292025
0.269695
0.245012
0.218139
0.189280
0.158687
0.126648
0.093484
0.059539
0.025174
-0.009248
-0.043373
-0.076863
-0.109404
-0.140715
-0.170551
-0.198705
-0.225007
-0.249325
-0.271559
-0.291644
-0.309539
-0.325228
-0.338716
-0.350026
-0.359192
-0.366261
-0.371290
-0.374341
-0.375481
-0.374782
-0.372318
-0.368164
-0.362398
-0.355096
-0.346334
-0.336190
-0.324738
-0.312054
-0.298211
-0.283282
-0.267340
-0.250455
-0.232697
-0.214136
-0.194840
-0.174877
-0.154315
-0.133220
-0.111660
-0.089703
-0.067414
-0.044862
-0.022114
0.000761
0.023694
0.046614
0.069449
0.092126
0.114571
0.136707
0.158455
0.179735
0.200462
0.220551
0.239913
0.258457
0.276087
0.292705
0.308211
0.322499
0.335461
0.346988
0.356966
0.365280
0.371814
0.376451
0.379077
0.379578
0.377847
0.373786
0.367305
0.358329
0.346803
0.332696
0.316001
0.296749
0.275004
0.250874
0.224511
0.196109
0.165909
0.134190
0.101265
0.067477
0.033180
-0.001261
-0.035489
-0.069161
-0.101956
-0.133587
-0.163799
-0.192374
-0.219135
-0.243941
-0.266684
-0.287291
-0.305715
-0.321935
-0.335952
-0.347784
-0.357462
-0.365032
-0.370547
-0.374068
-0.375661
-0.375398
-0.373353
-0.369599
-0.364214
-0.357274
-0.348857
-0.339038
-0.327894
-0.315500
-0.301929
-0.287255
-0.271551
-0.254886
-0.237332
-0.218957
-0.199832
-0.180023
-0.159598
-0.138626
-0.117172
-0.095303
-0.073088
-0.050592
-0.027885
-0.005034
0.017891
0.040821
0.063684
0.086406
0.108914
0.131132
0.152981
0.174381
0.195249
0.215500
0.235046
0.253795
0.271654
0.288526
0.304309
0.318900
0.332192
0.344075
0.354436
0.363162
0.370135
0.375240
0.378361
0.379384
0.378201
0.374710
0.368819
0.360450
0.349543
0.336059
0.319987
0.301347
0.280195
0.256628
0.230787
0.202856
0.173066
0.141685
0.109022
0.075409
0.041202
0.006763
-0.027548
-0.061384
-0.094419
-0.126355
-0.156929
-0.185917
-0.213130
-0.238417
-0.261666
-0.282792
-0.301745
-0.318497
-0.333044
-0.345399
-0.355593
-0.363666
-0.369670
-0.373665
-0.375717
-0.375895
-0.374271
-0.370922
-0.365923
-0.359351
-0.351282
-0.341794
-0.330962
-0.318862
-0.305568
-0.291153
-0.275690
-0.259250
-0.241903
-0.223720
-0.204769
-0.185118
-0.164836
-0.143989
-0.122645
-0.100870
-0.078732
-0.056298
-0.033635
-0.010812
0.012102
0.035037
0.057922
0.080685
0.103252
0.125547
0.147492
0.169007
0.190011
0.210419
0.230143
0.249093
0.267175
0.284294
0.300348
0.315236
0.328851
0.341084
0.351822
0.360953
0.368359
0.373925
0.377534
0.379072
0.378430
0.375504
0.370199
0.362433
0.352142
0.339281
0.323831
0.305806
0.285251
0.262254
0.236945
0.209498
0.180132
0.149108
0.116723
0.083307
0.049210
0.014794
-0.019581
-0.053562
-0.086817
-0.119043
-0.149967
-0.179355
-0.207009
-0.232772
-0.256519
-0.278161
-0.297640
-0.314922
-0.329998
-0.342878
-0.353588
-0.362166
-0.368662
-0.373134
-0.375647
-0.376268
-0.375071
-0.372129
-0.367519
-0.361318
-0.353601
-0.344447
-0.333931
-0.322129
-0.309115
-0.294962
-0.279744
-0.263532
-0.246396
-0.228408
-0.209635
-0.190146
-0.170009
-0.149291
-0.128060
-0.106382
-0.084324
-0.061955
-0.039340
-0.016549
0.006349
0.029286
0.052191
0.074990
0.097611
0.119979
0.142016
0.163643
0.184778
0.205337
0.225234
0.244379
0.262679
0.280039
0.296359
0.311537
0.325469
0.338044
0.349153
0.358681
0.366512
0.372532
0.376622
0.378669
0.378561
0.376194
0.371469
0.364302
0.354623
0.342383
0.327556
0.310147
0.290195
0.267775
0.243008
0.216058
0.187131
0.156479
0.124393
0.091194
0.057229
0.022857
-0.011560
-0.045666
-0.079125
-0.111624
-0.142883
-0.172659
-0.200745
-0.226974
-0.251215
-0.273369
-0.293371
-0.311182
-0.326788
-0.340193
-0.351421
-0.360507
-0.367498
-0.372450
-0.375427
-0.376496
-0.375728
-0.373199
-0.368982
-0.363156
-0.355796
-0.346980
-0.336784
-0.325283
-0.312553
-0.298667
-0.283698
-0.267718
-0.250797
-0.233007
-0.214415
-0.195092
-0.175104
-0.154519
-0.133405
-0.111827
-0.089855
-0.067553
-0.044991
-0.022236
0.000644
0.023579
0.046498
0.069330
0.092001
0.114437
0.136561
0.158294
0.179556
0.200262
0.220327
0.239661
0.258173
0.275768
0.292348
0.307811
0.322052
0.334964
0.346436
0.356354
0.364605
0.371071
0.375635
0.378184
0.378604
0.376789
0.372639
0.366067
0.356997
0.345376
0.331172
0.314382
0.295035
0.273200
0.248984
0.222542
0.194069
0.163807
0.132038
0.099077
0.065264
0.030956
-0.003482
-0.037694
-0.071337
-0.104092
-0.135673
-0.165825
-0.194334
-0.221022
-0.245750
-0.268413
-0.288936
-0.307276
-0.323412
-0.337345
-0.349093
-0.358689
-0.366179
-0.371615
-0.375061
-0.376582
-0.376249
-0.374135
-0.370317
-0.364870
-0.357872
-0.349399
-0.339527
-0.328333
-0.315891
-0.302276
-0.287560
-0.271816
-0.255115
-0.237527
-0.219121
-0.199967
-0.180132
-0.159684
-0.138690
-0.117218
-0.095333
-0.073105
-0.050598
-0.027883
-0.005026
0.017903
0.040833
0.063693
