12.291643
12.294766
12.297889
12.301011
12.304133
12.307254
12.310375
12.313495
12.316615
12.319734
12.322853
12.325971
12.329089
12.332206
12.335323
12.338439
12.341555
12.344671
12.347786
12.350900
12.354014
12.357127
12.360240
12.363353
12.366465
12.369576
12.372687
12.375798
12.378908
12.382017
12.385126
12.388235
12.391343
12.394450
12.397558
12.400664
12.403770
12.406876
12.409981
12.413086
12.416190
12.419293
12.422397
12.425499
12.428601
12.431703
12.434804
12.437905
12.441005
12.444105
12.447204
12.450303
12.453401
12.456499
12.459596
12.462693
12.465789
12.468885
12.471981
12.475075
12.478170
12.481264
12.484357
12.487450
12.490542
12.493634
12.496725
12.499816
12.502907
12.505997
12.509086
12.512175
12.515263
12.518351
12.521439
12.524526
12.527612
12.530698
12.533784
12.536869
12.539953
12.543037
12.546120
12.549203
12.552286
12.555368
12.558449
12.561530
12.564611
12.567691
12.570771
12.573850
12.576928
12.580006
12.583084
12.586161
12.589237
12.592313
12.595389
12.598464
12.601539
12.604613
12.607686
12.610759
12.613832
12.616904
12.619976
12.623047
12.626117
12.629187
12.632257
12.635326
12.638395
12.641463
12.644530
12.647597
12.650664
12.653730
12.656796
12.659861
12.662925
12.665990
12.669053
12.672116
12.675179
12.678241
12.681303
12.684364
12.687424
12.690485
12.693544
12.696603
12.699662
12.702720
12.705778
12.708835
12.711891
12.714948
12.718003
12.721058
12.724113
12.727167
12.730221
12.733274
12.736326
12.739379
12.742430
12.745481
12.748532
12.751582
12.754632
12.757681
12.760729
12.763777
12.766825
12.769872
12.772919
12.775965
12.779010
12.782056
12.785100
12.788144
12.791188
12.794231
12.797273
12.800316
12.803357
12.806398
12.809439
12.812479
12.815518
12.818557
12.821596
12.824634
12.827671
12.830708
12.833745
12.836781
12.839817
12.842852
12.845886
12.848920
12.851954
12.854987
12.858019
12.861051
12.864082
12.867113
12.870144
12.873174
12.876203
12.879232
12.882261
12.885289
12.888316
12.891343
12.894369
12.897395
12.900421
12.903445
12.906470
12.909494
12.912517
12.915540
12.918562
12.921584
12.924605
12.927626
12.930647
12.933666
12.936686
12.939704
12.942723
12.945741
12.948758
12.951775
12.954791
12.957807
12.960822
12.963836
12.966851
12.969864
12.972878
12.975890
12.978902
12.981914
12.984925
12.987936
12.990946
12.993956
12.996965
12.999973
13.002981
13.005989
13.008996
13.012003
13.015009
13.018014
13.021019
13.024024
13.027028
13.030031
13.033034
13.036037
13.039038
13.042040
13.045041
13.048041
13.051041
13.054041
13.057039
13.060038
13.063036
13.066033
13.069030
13.072026
13.075022
13.078017
13.081012
13.084006
13.087000
13.089993
13.092986
13.095978
13.098970
13.101961
13.104952
13.107942
13.110931
13.113920
13.116909
13.119897
13.122885
13.125872
13.128858
13.131844
13.134830
13.137815
13.140799
13.143783
13.146767
13.149749
13.152732
13.155714
13.158695
13.161676
13.164656
13.167636
13.170615
13.173594
13.176572
13.179550
13.182527
13.185504
13.188480
13.191456
13.194431
13.197406
13.200380
13.203354
13.206327
13.209299
13.212271
13.215243
13.218214
13.221184
13.224154
13.227124
13.230093
13.233061
13.236029
13.238997
13.241963
13.244930
13.247896
13.250861
13.253826
13.256790
13.259754
13.262717
13.265680
13.268642
13.271603
13.274565
13.277525
13.280485
13.283445
13.286404
13.289362
13.292321
13.295278
13.298235
13.301191
13.304147
13.307103
13.310058
13.313012
13.315966
13.318919
13.321872
13.324824
13.327776
13.330727
13.333678
13.336628
13.339578
13.342527
13.345476
13.348424
13.351371
13.354318
13.357265
13.360211
13.363156
13.366101
13.369046
13.371990
13.374933
13.377876
13.380818
13.383760
13.386701
13.389642
13.392582
13.395522
13.398461
13.401400
13.404338
13.407276
13.410213
13.413149
13.416085
13.419021
13.421956
13.424890
13.427824
13.430757
13.433690
13.436623
13.439555
13.442486
13.445417
13.448347
13.451277
13.454206
13.457134
13.460062
13.462990
13.465917
13.468844
13.471770
13.474695
13.477620
13.480545
13.483469
13.486392
13.489315
13.492237
13.495159
13.498080
13.501001
13.503921
13.506841
13.509760
13.512679
13.515597
13.518514
13.521431
13.524348
13.527264
13.530179
13.533094
13.536008
13.538922
13.541836
13.544748
13.547661
13.550572
13.553484
13.556394
13.559304
13.562214
13.565123
13.568032
13.570940
13.573847
13.576754
13.579661
13.582566
13.585472
13.588377
13.591281
13.594185
13.597088
13.599991
13.602893
13.605794
13.608696
13.611596
13.614496
13.617396
13.620295
13.623193
13.626091
13.628988
13.631885
13.634781
13.637677
13.640572
13.643467
13.646361
13.649255
13.652148
13.655041
13.657933
13.660824
13.663715
13.666605
13.669495
13.672385
13.675274
13.678162
13.681050
13.683937
13.686823
13.689710
13.692595
13.695480
13.698365
13.701249
13.704132
13.707015
13.709898
13.712779
13.715661
13.718542
13.721422
13.724302
13.727181
13.730059
13.732937
13.735815
13.738692
13.741568
13.744444
13.747320
13.750195
13.753069
13.755943
13.758816
13.761689
13.764561
13.767433
13.770304
13.773174
13.776044
13.778914
13.781783
13.784651
13.787519
13.790386
13.793253
13.796119
13.798985
13.801850
13.804715
13.807579
13.810443
13.813306
13.816168
13.819030
13.821891
13.824752
13.827613
13.830472
13.833332
13.836190
13.839048
13.841906
13.844763
13.847620
13.850476
13.853331
13.856186
13.859040
13.861894
13.864747
13.867600
13.870452
13.873304
13.876155
13.879006
13.881856
13.884705
13.887554
13.890403
13.893250
13.896098
13.898945
13.901791
13.904636
13.907482
13.910326
13.913170
13.916014
13.918857
13.921699
13.924541
13.927382
13.930223
13.933063
13.935903
13.938742
13.941581
13.944419
13.947256
13.950093
13.952930
13.955766
13.958601
13.961436
13.964270
13.967104
13.969937
13.972770
13.975602
13.978433
13.981264
13.984095
13.986924
13.989754
13.992583
13.995411
13.998239
14.001066
14.003892
14.006718
14.009544
14.012369
14.015193
14.018017
14.020840
14.023663
14.026485
14.029307
14.032128
14.034949
14.037769
14.040588
14.043407
14.046226
14.049043
14.051861
14.054678
14.057494
14.060309
14.063124
14.065939
14.068753
14.071566
14.074379
14.077192
14.080004
14.082815
14.085625
14.088436
14.091245
14.094054
14.096863
14.099671
14.102478
14.105285
14.108091
14.110897
14.113702
14.116507
14.119311
14.122115
14.124918
14.127720
14.130522
14.133323
14.136124
14.138924
14.141724
14.144523
14.147322
14.150120
14.152917
14.155714
14.158510
14.161306
14.164101
14.166896
14.169690
14.172484
14.175277
14.178070
14.180861
14.183653
14.186444
14.189234
14.192024
14.194813
14.197602
14.200390
14.203177
14.205964
14.208751
14.211536
14.214322
14.217106
14.219891
14.222674
14.225457
14.228240
14.231022
14.233803
14.236584
14.239365
14.242144
14.244923
14.247702
14.250480
14.253258
14.256035
14.258811
14.261587
14.264362
14.267137
14.269911
14.272685
14.275458
14.278231
14.281002
14.283774
14.286545
14.289315
14.292085
14.294854
14.297623
14.300391
14.303158
14.305925
14.308692
14.311457
14.314223
14.316987
14.319752
14.322515
14.325278
14.328041
14.330803
14.333564
14.336325
14.339085
14.341845
14.344604
14.347362
14.350121
14.352878
14.355635
14.358391
14.361147
14.363902
14.366657
14.369411
14.372165
14.374918
14.377670
14.380422
14.383173
14.385924
14.388674
14.391424
14.394173
14.396921
14.399669
14.402417
14.405163
14.407910
14.410655
14.413400
14.416145
14.418889
14.421632
14.424375
14.427118
14.429859
14.432601
14.435341
14.438081
14.440821
14.443560
14.446298
14.449036
14.451773
14.454510
14.457246
14.459982
14.462717
14.465451
14.468185
14.470918
14.473651
14.476383
14.479115
14.481846
14.484576
14.487306
14.490036
14.492765
14.495493
14.498220
14.500948
14.503674
14.506400
14.509126
14.511850
14.514575
14.517298
14.520022
14.522744
14.525466
14.528188
14.530909
14.533629
14.536349
14.539068
14.541786
14.544504
14.547222
14.549939
14.552655
14.555371
14.558086
14.560801
14.563515
14.566229
14.568942
14.571654
14.574366
14.577077
14.579788
14.582498
14.585207
14.587916
14.590625
14.593333
14.596040
14.598747
14.601453
14.604159
14.606864
14.609568
14.612272
14.614975
14.617678
14.620380
14.623082
14.625783
14.628483
14.631183
14.633882
14.636581
14.639279
14.641977
14.644674
14.647371
14.650066
14.652762
14.655457
14.658151
14.660844
14.663537
14.666230
14.668922
14.671613
14.674304
14.676994
14.679684
14.682373
14.685061
14.687749
14.690437
14.693123
14.695810
14.698495
14.701180
14.703865
14.706549
14.709232
14.711915
14.714597
14.717279
14.719960
14.722640
14.725320
14.728000
14.730678
14.733356
14.736034
14.738711
14.741388
14.744064
14.746739
14.749414
14.752088
14.754761
14.757434
14.760107
14.762779
14.765450
14.768121
14.770791
14.773461
14.776130
14.778798
14.781466
14.784133
14.786800
14.789466
14.792132
14.794797
14.797461
14.800125
14.802788
14.805451
14.808113
14.810775
14.813436
14.816096
14.818756
14.821415
14.824074
14.826732
14.829389
14.832046
14.834703
14.837358
14.840014
14.842668
14.845322
14.847976
14.850629
14.853281
14.855933
14.858584
14.861234
14.863884
14.866534
14.869183
14.871831
14.874479
14.877126
14.879772
14.882418
14.885064
14.887708
14.890353
14.892996
14.895639
14.898282
14.900924
14.903565
14.906206
14.908846
14.911486
14.914125
14.916763
14.919401
14.922038
14.924675
14.927311
14.929947
14.932582
14.935216
14.937850
14.940483
14.943116
14.945748
14.948379
14.951010
14.953640
14.956270
14.958899
14.961528
14.964156
14.966783
14.969410
14.972036
14.974662
14.977287
14.979912
14.982536
14.985159
14.987782
14.990404
14.993025
14.995646
14.998267
15.000887
15.003506
15.006125
15.008743
15.011360
15.013977
15.016594
15.019209
15.021825
15.024439
15.027053
15.029667
15.032279
15.034892
15.037503
15.040115
15.042725
15.045335
15.047944
15.050553
15.053161
15.055769
15.058376
15.060982
15.063588
15.066193
15.068798
15.071402
15.074006
15.076609
15.079211
15.081813
15.084414
15.087014
15.089614
15.092214
15.094813
15.097411
15.100009
15.102606
15.105202
15.107798
15.110393
15.112988
15.115582
15.118176
15.120769
15.123361
15.125953
15.128544
15.131135
15.133725
15.136314
15.138903
15.141491
15.144079
15.146666
15.149252
15.151838
15.154424
15.157008
15.159593
15.162176
15.164759
15.167341
15.169923
15.172504
15.175085
15.177665
15.180245
15.182823
15.185402
15.187979
15.190556
15.193133
15.195709
15.198284
15.200859
15.203433
15.206007
15.208580
15.211152
15.213724
15.216295
15.218865
15.221435
15.224005
15.226574
15.229142
15.231710
15.234277
15.236843
15.239409
15.241974
15.244539
15.247103
15.249667
15.252230
15.254792
15.257354
15.259915
15.262475
15.265035
15.267595
15.270153
15.272712
15.275269
15.277826
15.280383
15.282938
15.285494
15.288048
15.290602
15.293156
15.295709
15.298261
15.300813
15.303364
15.305914
15.308464
15.311013
15.313562
15.316110
15.318658
15.321205
15.323751
15.326297
15.328842
15.331386
15.333930
15.336474
15.339016
15.341558
15.344100
15.346641
15.349181
15.351721
15.354260
15.356799
15.359337
15.361874
15.364411
15.366947
15.369483
15.372018
15.374553
15.377086
15.379620
15.382152
15.384684
15.387216
15.389747
15.392277
15.394806
15.397336
15.399864
15.402392
15.404919
15.407446
15.409972
15.412497
15.415022
15.417547
15.420070
15.422593
15.425116
15.427638
15.430159
15.432680
15.435200
15.437719
15.440238
15.442757
15.445274
15.447791
15.450308
15.452824
15.455339
15.457854
15.460368
15.462882
15.465395
15.467907
15.470419
15.472930
15.475440
15.477950
15.480460
15.482968
15.485476
15.487984
15.490491
15.492997
15.495503
15.498008
15.500513
15.503017
15.505520
15.508023
15.510525
15.513026
15.515527
15.518028
15.520527
15.523026
15.525525
15.528023
15.530520
15.533017
15.535513
15.538009
15.540503
15.542998
15.545492
15.547985
15.550477
15.552969
15.555460
15.557951
15.560441
15.562931
15.565420
15.567908
15.570396
15.572883
15.575369
15.577855
15.580340
15.582825
15.585309
15.587793
15.590275
15.592758
15.595239
15.597720
15.600201
15.602681
15.605160
15.607639
15.610117
15.612594
15.615071
15.617547
15.620023
15.622498
15.624972
15.627446
15.629919
15.632392
15.634864
15.637335
15.639806
15.642276
15.644746
15.647215
15.649683
15.652151
15.654618
15.657085
15.659551
15.662016
15.664481
15.666945
15.669408
15.671871
15.674334
15.676795
15.679256
15.681717
15.684177
15.686636
15.689095
15.691553
15.694010
15.696467
15.698923
15.701379
15.703834
15.706288
15.708742
15.711195
15.713648
15.716100
15.718551
15.721002
15.723452
15.725902
15.728351
15.730799
15.733247
15.735694
15.738140
15.740586
15.743032
15.745476
15.747920
15.750364
15.752807
15.755249
15.757691
15.760132
15.762572
15.765012
15.767451
15.769890
15.772328
15.774765
15.777202
15.779638
15.782074
15.784509
15.786943
15.789377
15.791810
15.794242
15.796674
15.799105
15.801536
15.803966
15.806396
15.808824
15.811253
15.813680
15.816107
15.818534
15.820959
15.823385
15.825809
15.828233
15.830656
15.833079
15.835501
15.837923
15.840344
15.842764
15.845184
15.847603
15.850021
15.852439
15.854856
15.857273
15.859689
15.862104
15.864519
15.866933
15.869346
15.871759
15.874172
15.876583
15.878994
15.881405
15.883815
15.886224
15.888633
15.891041
15.893448
15.895855
15.898261
15.900666
15.903071
15.905476
15.907879
15.910283
15.912685
15.915087
15.917488
15.919889
15.922289
15.924688
15.927087
15.929485
15.931883
15.934280
15.936676
15.939072
15.941467
15.943861
15.946255
15.948648
15.951041
15.953433
15.955824
15.958215
15.960605
15.962995
15.965384
15.967772
15.970160
15.972547
15.974933
15.977319
15.979705
15.982089
15.984473
15.986857
15.989239
15.991621
15.994003
15.996384
15.998764
16.001144
16.003523
16.005901
16.008279
16.010656
16.013033
16.015409
16.017784
16.020159
16.022533
16.024907
16.027280
16.029652
16.032023
16.034394
16.036765
16.039135
16.041504
16.043872
16.046240
16.048608
16.050974
16.053340
16.055706
16.058071
16.060435
16.062798
16.065161
16.067524
16.069885
16.072247
16.074607
16.076967
16.079326
16.081685
16.084043
16.086400
16.088757
16.091113
16.093469
16.095823
16.098178
16.100531
16.102884
16.105237
16.107589
16.109940
16.112290
16.114640
16.116990
16.119338
16.121686
16.124034
16.126381
16.128727
16.131072
16.133417
16.135762
16.138105
16.140448
16.142791
16.145133
16.147474
16.149814
16.152154
16.154494
16.156833
16.159171
16.161508
16.163845
16.166181
16.168517
16.170852
16.173186
16.175520
16.177853
16.180185
16.182517
16.184849
16.187179
16.189509
16.191839
16.194167
16.196495
16.198823
16.201150
16.203476
16.205802
16.208127
16.210451
16.212775
16.215098
16.217420
16.219742
16.222063
16.224384
16.226704
16.229023
16.231342
16.233660
16.235978
16.238294
16.240611
16.242926
16.245241
16.247556
16.249869
16.252182
16.254495
16.256807
16.259118
16.261429
16.263739
16.266048
16.268357
16.270665
16.272972
16.275279
16.277585
16.279891
16.282196
16.284500
16.286804
16.289107
16.291409
16.293711
16.296012
16.298313
16.300613
16.302912
16.305211
16.307509
16.309806
16.312103
16.314399
16.316694
16.318989
16.321284
16.323577
16.325870
16.328163
16.330454
16.332745
16.335036
16.337326
16.339615
16.341904
16.344192
16.346479
16.348766
16.351052
16.353337
16.355622
16.357906
16.360190
16.362473
16.364755
16.367037
16.369318
16.371598
16.373878
16.376157
16.378435
16.380713
16.382991
16.385267
16.387543
16.389819
16.392093
16.394367
16.396641
16.398914
16.401186
16.403457
16.405728
16.407999
16.410268
16.412537
16.414806
16.417074
16.419341
16.421607
16.423873
16.426138
16.428403
16.430667
16.432930
16.435193
16.437455
16.439716
16.441977
16.444237
16.446497
16.448756
16.451014
16.453272
16.455529
16.457785
16.460041
16.462296
16.464550
16.466804
16.469057
16.471310
16.473562
16.475813
16.478064
16.480314
16.482563
16.484812
16.487060
16.489308
16.491555
16.493801
16.496046
16.498291
16.500536
16.502779
16.505022
16.507265
16.509507
16.511748
16.513988
16.516228
16.518467
16.520706
16.522944
16.525181
16.527418
16.529654
16.531889
16.534124
16.536358
16.538592
16.540825
16.543057
16.545288
16.547519
16.549750
16.551979
16.554208
16.556437
16.558665
16.560892
16.563118
16.565344
16.567569
16.569794
16.572018
16.574241
16.576464
16.578686
16.580907
16.583128
16.585348
16.587568
16.589786
16.592005
16.594222
16.596439
16.598655
16.600871
16.603086
16.605300
16.607514
16.609727
16.611940
16.614151
16.616363
16.618573
16.620783
16.622992
16.625201
16.627409
16.629616
16.631823
16.634029
16.636234
16.638439
16.640643
16.642847
16.645050
16.647252
16.649453
16.651654
16.653855
16.656054
16.658253
16.660452
16.662649
16.664846
16.667043
16.669239
16.671434
16.673628
16.675822
16.678015
16.680208
16.682400
16.684591
16.686782
16.688972
16.691161
16.693350
16.695538
16.697726
16.699913
16.702099
16.704284
16.706469
16.708653
16.710837
16.713020
16.715202
16.717384
16.719565
16.721745
16.723925
16.726104
16.728283
16.730460
16.732638
16.734814
16.736990
16.739165
16.741340
16.743514
16.745687
16.747860
16.750032
16.752203
16.754374
16.756544
16.758714
16.760882
16.763050
16.765218
16.767385
16.769551
16.771717
16.773882
16.776046
16.778209
16.780372
16.782535
16.784697
16.786858
16.789018
16.791178
16.793337
16.795495
16.797653
16.799810
16.801967
16.804123
16.806278
16.808433
16.810587
16.812740
16.814893
16.817045
16.819196
16.821347
16.823497
16.825646
16.827795
16.829943
16.832091
16.834238
16.836384
16.838529
16.840674
16.842818
16.844962
16.847105
16.849247
16.851389
16.853530
16.855670
16.857810
16.859949
16.862088
16.864225
16.866362
16.868499
16.870635
16.872770
16.874905
16.877038
16.879172
16.881304
16.883436
16.885567
16.887698
16.889828
16.891957
16.894086
16.896214
16.898342
16.900468
16.902594
16.904720
16.906845
16.908969
16.911092
16.913215
16.915337
16.917459
16.919580
16.921700
16.923820
16.925939
16.928057
16.930175
16.932292
16.934408
16.936524
16.938639
16.940753
16.942867
16.944980
16.947092
16.949204
16.951315
16.953426
16.955536
16.957645
16.959753
16.961861
16.963968
16.966075
16.968181
16.970286
16.972391
16.974495
16.976598
16.978701
16.980803
16.982904
16.985005
16.987105
16.989204
16.991303
16.993401
16.995499
16.997596
16.999692
17.001787
17.003882
17.005976
17.008070
17.010163
17.012255
17.014346
17.016437
17.018528
17.020617
17.022706
17.024795
17.026882
17.028969
17.031056
17.033141
17.035226
17.037311
17.039394
17.041477
17.043560
17.045642
17.047723
17.049803
17.051883
17.053962
17.056041
17.058118
17.060196
17.062272
17.064348
17.066423
17.068498
17.070572
17.072645
17.074718
17.076790
17.078861
17.080931
17.083001
17.085071
17.087139
17.089207
17.091275
17.093341
17.095407
17.097473
17.099538
17.101602
17.103665
17.105728
17.107790
17.109851
17.111912
17.113972
17.116032
17.118091
17.120149
17.122206
17.124263
17.126319
17.128375
17.130430
17.132484
17.134537
17.136590
17.138643
17.140694
17.142745
17.144795
17.146845
17.148894
17.150942
17.152990
17.155037
17.157083
17.159129
17.161174
17.163218
17.165262
17.167305
17.169347
17.171389
17.173430
17.175470
17.177510
17.179549
17.181588
17.183625
17.185662
17.187699
17.189735
17.191770
17.193804
17.195838
17.197871
17.199904
17.201935
17.203967
17.205997
17.208027
17.210056
17.212085
17.214113
17.216140
17.218166
17.220192
17.222217
17.224242
17.226266
17.228289
17.230312
17.232334
17.234355
17.236375
17.238395
17.240415
17.242433
17.244451
17.246468
17.248485
17.250501
17.252516
17.254531
17.256545
17.258558
17.260571
17.262583
17.264594
17.266605
17.268615
17.270624
17.272633
17.274641
17.276648
17.278655
17.280661
17.282666
17.284671
17.286675
17.288678
17.290681
17.292683
17.294685
17.296685
17.298685
17.300685
17.302683
17.304682
17.306679
17.308676
17.310672
17.312667
17.314662
17.316656
17.318649
17.320642
17.322634
17.324626
17.326617
17.328607
17.330596
17.332585
17.334573
17.336560
17.338547
17.340533
17.342519
17.344504
17.346488
17.348471
17.350454
17.352436
17.354418
17.356398
17.358378
17.360358
17.362337
17.364315
17.366292
17.368269
17.370245
17.372221
17.374196
17.376170
17.378143
17.380116
17.382088
17.384060
17.386030
17.388001
17.389970
17.391939
17.393907
17.395874
17.397841
17.399807
17.401773
17.403738
17.405702
17.407665
17.409628
17.411590
17.413552
17.415513
17.417473
17.419432
17.421391
17.423349
17.425307
17.427263
17.429219
17.431175
17.433130
17.435084
17.437037
17.438990
17.440942
17.442894
17.444844
17.446795
17.448744
17.450693
17.452641
17.454588
17.456535
17.458481
17.460427
17.462371
17.464316
17.466259
17.468202
17.470144
17.472085
17.474026
17.475966
17.477906
17.479844
17.481782
17.483720
17.485657
17.487593
17.489528
17.491463
17.493397
17.495330
17.497263
17.499195
17.501126
17.503057
17.504987
17.506916
17.508845
17.510773
17.512700
17.514627
17.516553
17.518479
17.520403
17.522327
17.524250
17.526173
17.528095
17.530016
17.531937
17.533857
17.535776
17.537695
17.539613
17.541530
17.543447
17.545363
17.547278
17.549193
17.551107
17.553020
17.554932
17.556844
17.558756
17.560666
17.562576
17.564485
17.566394
17.568302
17.570209
17.572115
17.574021
17.575926
17.577831
17.579735
17.581638
17.583540
17.585442
17.587343
17.589244
17.591144
17.593043
17.594941
17.596839
17.598736
17.600632
17.602528
17.604423
17.606318
17.608211
17.610105
17.611997
17.613889
17.615780
17.617670
17.619560
17.621449
17.623337
17.625225
17.627112
17.628998
17.630884
17.632769
17.634653
17.636536
17.638419
17.640302
17.642183
17.644064
17.645944
17.647824
17.649703
17.651581
17.653459
17.655335
17.657212
17.659087
17.660962
17.662836
17.664710
17.666582
17.668455
17.670326
17.672197
17.674067
17.675936
17.677805
17.679673
17.681540
17.683407
17.685273
17.687139
17.689003
17.690867
17.692731
17.694593
17.696455
17.698317
17.700177
17.702037
17.703896
17.705755
17.707613
17.709470
17.711327
17.713183
17.715038
17.716892
17.718746
17.720599
17.722452
17.724304
17.726155
17.728005
17.729855
17.731704
17.733552
17.735400
17.737247
17.739094
17.740939
17.742784
17.744629
17.746472
17.748315
17.750158
17.751999
17.753840
17.755681
17.757520
17.759359
17.761197
17.763035
17.764872
17.766708
17.768543
17.770378
17.772212
17.774046
17.775879
17.777711
17.779542
17.781373
17.783203
17.785033
17.786861
17.788689
17.790517
17.792343
17.794169
17.795995
17.797819
17.799643
17.801467
17.803289
17.805111
17.806932
17.808753
17.810573
17.812392
17.814210
17.816028
17.817845
17.819662
17.821478
17.823293
17.825107
17.826921
17.828734
17.830546
17.832358
17.834169
17.835979
17.837789
17.839598
17.841406
17.843214
17.845021
17.846827
17.848632
17.850437
17.852242
17.854045
17.855848
17.857650
17.859451
17.861252
17.863052
17.864852
17.866650
17.868448
17.870246
17.872042
17.873838
17.875634
17.877428
17.879222
17.881016
17.882808
17.884600
17.886391
17.888182
17.889972
17.891761
17.893549
17.895337
17.897124
17.898911
17.900696
17.902481
17.904266
17.906049
17.907832
17.909615
17.911396
17.913177
17.914957
17.916737
17.918516
17.920294
17.922072
17.923849
17.925625
17.927400
17.929175
17.930949
17.932722
17.934495
17.936267
17.938038
17.939809
17.941579
17.943348
17.945117
17.946885
17.948652
17.950419
17.952185
17.953950
17.955714
17.957478
17.959241
17.961004
17.962765
17.964526
17.966287
17.968046
17.969805
17.971564
17.973321
17.975078
17.976835
17.978590
17.980345
17.982099
17.983853
17.985606
17.987358
17.989109
17.990860
17.992610
17.994359
17.996108
17.997856
17.999603
18.001350
18.003096
18.004841
18.006586
18.008330
18.010073
18.011815
18.013557
18.015298
18.017039
18.018778
18.020517
18.022256
18.023994
18.025730
18.027467
18.029202
18.030937
18.032672
18.034405
18.036138
18.037870
18.039602
18.041332
18.043063
18.044792
18.046521
18.048249
18.049976
18.051703
18.053429
18.055154
18.056879
18.058602
18.060326
18.062048
18.063770
18.065491
18.067212
18.068931
18.070650
18.072369
18.074086
18.075803
18.077520
18.079235
18.080950
18.082665
18.084378
18.086091
18.087803
18.089515
18.091225
18.092935
18.094645
18.096354
18.098062
18.099769
18.101476
18.103182
18.104887
18.106591
18.108295
18.109998
18.111701
18.113403
18.115104
18.116804
18.118504
18.120203
18.121901
18.123599
18.125296
18.126992
18.128688
18.130383
18.132077
18.133770
18.135463
18.137155
18.138847
18.140537
18.142227
18.143917
18.145605
18.147293
18.148980
18.150667
18.152353
18.154038
18.155723
18.157406
18.159089
18.160772
18.162454
18.164135
18.165815
18.167495
18.169173
18.170852
18.172529
18.174206
18.175882
18.177558
18.179233
18.180907
18.182580
18.184253
18.185925
18.187596
18.189267
18.190937
18.192606
18.194274
18.195942
18.197609
18.199276
18.200941
18.202606
18.204271
18.205934
18.207597
18.209260
18.210921
18.212582
18.214242
18.215902
18.217561
18.219219
18.220876
18.222533
18.224189
18.225844
18.227499
18.229153
18.230806
18.232459
18.234110
18.235762
18.237412
18.239062
18.240711
18.242359
18.244007
18.245654
18.247300
18.248946
18.250591
18.252235
18.253878
18.255521
18.257163
18.258804
18.260445
18.262085
18.263724
18.265363
18.267001
18.268638
18.270275
18.271911
18.273546
18.275180
18.276814
18.278447
18.280079
18.281711
18.283342
18.284972
18.286602
18.288230
18.289859
18.291486
18.293113
18.294739
18.296364
18.297989
18.299613
18.301236
18.302859
18.304480
18.306102
18.307722
18.309342
18.310961
18.312579
18.314197
18.315814
18.317430
18.319046
18.320661
18.322275
18.323888
18.325501
18.327113
18.328725
18.330335
18.331945
18.333555
18.335163
18.336771
18.338378
18.339985
18.341590
18.343196
18.344800
18.346404
18.348007
18.349609
18.351211
18.352811
18.354412
18.356011
18.357610
18.359208
18.360805
18.362402
18.363998
18.365593
18.367188
18.368782
18.370375
18.371967
18.373559
18.375150
18.376741
18.378330
18.379919
18.381508
18.383095
18.384682
18.386268
18.387854
18.389439
18.391023
18.392606
18.394189
18.395771
18.397352
18.398932
18.400512
18.402091
18.403670
18.405248
18.406825
18.408401
18.409977
18.411552
18.413126
18.414699
18.416272
18.417844
18.419416
18.420987
18.422557
18.424126
18.425695
18.427263
18.428830
18.430396
18.431962
18.433527
18.435092
18.436655
18.438218
18.439781
18.441342
18.442903
18.444463
18.446023
18.447582
18.449140
18.450697
18.452254
18.453810
18.455365
18.456920
18.458473
18.460027
18.461579
18.463131
18.464682
18.466232
18.467782
18.469331
18.470879
18.472427
18.473973
18.475520
18.477065
18.478610
18.480154
18.481697
18.483240
18.484781
18.486323
18.487863
18.489403
18.490942
18.492480
18.494018
18.495555
18.497091
18.498627
18.500162
18.501696
18.503229
18.504762
18.506294
18.507825
18.509356
18.510886
18.512415
18.513943
18.515471
18.516998
18.518525
18.520050
18.521575
18.523100
18.524623
18.526146
18.527668
18.529190
18.530710
18.532230
18.533750
18.535268
18.536786
18.538303
18.539820
18.541336
18.542851
18.544365
18.545879
18.547392
18.548904
18.550416
18.551926
18.553436
18.554946
18.556455
18.557963
18.559470
18.560977
18.562482
18.563988
18.565492
18.566996
18.568499
18.570001
18.571503
18.573004
18.574504
18.576004
18.577502
18.579000
18.580498
18.581995
18.583491
18.584986
18.586480
18.587974
18.589467
18.590960
18.592452
18.593943
18.595433
18.596922
18.598411
18.599900
18.601387
18.602874
18.604360
18.605845
18.607330
18.608814
18.610297
18.611780
18.613261
18.614742
18.616223
18.617703
18.619182
18.620660
18.622137
18.623614
18.625090
18.626566
18.628040
18.629514
18.630988
18.632460
18.633932
18.635403
18.636874
18.638344
18.639813
18.641281
18.642749
18.644215
18.645682
18.647147
18.648612
18.650076
18.651539
18.653002
18.654464
18.655925
18.657386
18.658845
18.660305
18.661763
18.663221
18.664678
18.666134
18.667589
18.669044
18.670498
18.671952
18.673404
18.674856
18.676308
18.677758
18.679208
18.680657
18.682106
18.683553
18.685000
18.686447
18.687892
18.689337
18.690781
18.692225
18.693667
18.695109
18.696551
18.697991
18.699431
18.700870
18.702309
18.703746
18.705184
18.706620
18.708055
18.709490
18.710925
18.712358
18.713791
18.715223
18.716654
18.718085
18.719515
18.720944
18.722372
18.723800
18.725227
18.726653
18.728079
18.729504
18.730928
18.732352
18.733775
18.735197
18.736618
18.738039
18.739458
18.740878
18.742296
18.743714
18.745131
18.746547
18.747963
18.749378
18.750792
18.752206
18.753618
18.755031
18.756442
18.757853
18.759262
18.760672
18.762080
18.763488
18.764895
18.766301
18.767707
18.769112
18.770516
18.771920
18.773322
18.774725
18.776126
18.777527
18.778926
18.780326
18.781724
18.783122
18.784519
18.785915
18.787311
18.788706
18.790100
18.791494
18.792886
18.794278
18.795670
18.797060
18.798450
18.799839
18.801228
18.802616
18.804003
18.805389
18.806775
18.808160
18.809544
18.810927
18.812310
18.813692
18.815073
18.816454
18.817834
18.819213
18.820592
18.821969
18.823346
18.824723
18.826098
18.827473
18.828847
18.830221
18.831593
18.832965
18.834337
18.835707
18.837077
18.838446
18.839815
18.841182
18.842549
18.843916
18.845281
18.846646
18.848010
18.849374
18.850736
18.852098
18.853459
18.854820
18.856180
18.857539
18.858897
18.860255
18.861612
18.862968
18.864324
18.865678
18.867032
18.868386
18.869738
18.871090
18.872442
18.873792
18.875142
18.876491
18.877839
18.879187
18.880534
18.881880
18.883225
18.884570
18.885914
18.887257
18.888600
18.889942
18.891283
18.892623
18.893963
18.895302
18.896640
18.897978
18.899315
18.900651
18.901986
18.903321
18.904655
18.905988
18.907321
18.908652
18.909983
18.911314
18.912643
18.913972
18.915301
18.916628
18.917955
18.919281
18.920606
18.921931
18.923255
18.924578
18.925900
18.927222
18.928543
18.929863
18.931183
18.932502
18.933820
18.935137
18.936454
18.937770
18.939085
18.940399
18.941713
18.943026
18.944339
18.945650
18.946961
18.948271
18.949581
18.950890
18.952198
18.953505
18.954812
18.956117
18.957423
18.958727
18.960031
18.961334
18.962636
18.963937
18.965238
18.966538
18.967838
18.969136
18.970434
18.971731
18.973028
18.974324
18.975619
18.976913
18.978207
18.979500
18.980792
18.982083
18.983374
18.984664
18.985953
18.987242
18.988529
18.989817
18.991103
18.992389
18.993674
18.994958
18.996241
18.997524
18.998806
19.000087
19.001368
19.002648
19.003927
19.005205
19.006483
19.007760
19.009036
19.010312
19.011587
19.012861
19.014134
19.015407
19.016679
19.017950
19.019220
19.020490
19.021759
19.023028
19.024295
19.025562
19.026828
19.028094
19.029358
19.030622
19.031885
19.033148
19.034410
19.035671
19.036931
19.038191
19.039450
19.040708
19.041965
19.043222
19.044478
19.045733
19.046988
19.048242
19.049495
19.050747
19.051999
19.053250
19.054500
19.055749
19.056998
19.058246
19.059493
19.060740
19.061986
19.063231
19.064475
19.065719
19.066962
19.068204
19.069446
19.070687
19.071927
19.073166
19.074405
19.075643
19.076880
19.078116
19.079352
19.080587
19.081821
19.083055
19.084287
19.085519
19.086751
19.087981
19.089211
19.090440
19.091669
19.092897
19.094124
19.095350
19.096575
19.097800
19.099024
19.100248
19.101470
19.102692
19.103914
19.105134
19.106354
19.107573
19.108791
19.110009
19.111225
19.112441
19.113657
19.114872
19.116085
19.117299
19.118511
19.119723
19.120934
19.122144
19.123354
19.124563
19.125771
19.126978
19.128185
19.129391
19.130596
19.131800
19.133004
19.134207
19.135409
19.136611
19.137812
19.139012
19.140211
19.141410
19.142608
19.143805
19.145001
19.146197
19.147392
19.148587
19.149780
19.150973
19.152165
19.153356
19.154547
19.155737
19.156926
19.158115
19.159302
19.160489
19.161676
19.162861
19.164046
19.165230
19.166413
19.167596
19.168778
19.169959
19.171140
19.172319
19.173498
19.174677
19.175854
19.177031
19.178207
19.179382
19.180557
19.181731
19.182904
19.184076
19.185248
19.186419
19.187589
19.188759
19.189928
19.191096
19.192263
19.193430
19.194596
19.195761
19.196925
19.198089
19.199252
19.200414
19.201575
19.202736
19.203896
19.205056
19.206214
19.207372
19.208529
19.209685
19.210841
19.211996
19.213150
19.214304
19.215456
19.216608
19.217760
19.218910
19.220060
19.221209
19.222357
19.223505
19.224652
19.225798
19.226944
19.228088
19.229232
19.230375
19.231518
19.232660
19.233801
19.234941
19.236081
19.237219
19.238358
19.239495
19.240632
19.241768
19.242903
19.244037
19.245171
19.246304
19.247436
19.248568
19.249699
19.250829
19.251958
19.253087
19.254214
19.255342
19.256468
19.257594
19.258719
19.259843
19.260966
19.262089
19.263211
19.264332
19.265453
19.266573
19.267692
19.268810
19.269928
19.271045
19.272161
19.273276
19.274391
19.275505
19.276618
19.277731
19.278843
19.279954
19.281064
19.282174
19.283282
19.284391
19.285498
19.286605
19.287711
19.288816
19.289920
19.291024
19.292127
19.293229
19.294331
19.295431
19.296531
19.297631
19.298729
19.299827
19.300924
19.302021
19.303116
19.304211
19.305305
19.306399
19.307492
19.308584
19.309675
19.310765
19.311855
19.312944
19.314033
19.315120
19.316207
19.317293
19.318378
19.319463
19.320547
19.321630
19.322713
19.323794
19.324875
19.325956
19.327035
19.328114
19.329192
19.330269
19.331346
19.332422
19.333497
19.334571
19.335645
19.336718
19.337790
19.338861
19.339932
19.341002
19.342071
19.343140
19.344207
19.345274
19.346341
19.347406
19.348471
19.349535
19.350598
19.351661
19.352723
19.353784
19.354845
19.355904
19.356963
19.358021
19.359079
19.360136
19.361192
19.362247
19.363301
19.364355
19.365408
19.366460
19.367512
19.368563
19.369613
19.370662
19.371711
19.372759
19.373806
19.374853
19.375898
19.376943
19.377987
19.379031
19.380074
19.381116
19.382157
19.383198
19.384237
19.385276
19.386315
19.387352
19.388389
19.389425
19.390461
19.391495
19.392529
19.393562
19.394595
19.395627
19.396658
19.397688
19.398717
19.399746
19.400774
19.401801
19.402828
19.403854
19.404879
19.405903
19.406927
19.407950
19.408972
19.409993
19.411014
19.412034
19.413053
19.414071
19.415089
19.416106
19.417122
19.418138
19.419153
19.420167
19.421180
19.422192
19.423204
19.424215
19.425226
19.426235
19.427244
19.428252
19.429260
19.430266
19.431272
19.432277
19.433282
19.434285
19.435288
19.436291
19.437292
19.438293
19.439293
19.440292
19.441291
19.442288
19.443285
19.444282
19.445277
19.446272
19.447266
19.448260
19.449252
19.450244
19.451235
19.452226
19.453215
19.454204
19.455192
19.456180
19.457167
19.458152
19.459138
19.460122
19.461106
19.462089
19.463071
19.464053
19.465034
19.466014
19.466993
19.467972
19.468949
19.469926
19.470903
19.471878
19.472853
19.473827
19.474801
19.475774
19.476745
19.477717
19.478687
19.479657
19.480626
19.481594
19.482562
19.483528
19.484494
19.485460
19.486424
19.487388
19.488351
19.489313
19.490275
19.491236
19.492196
19.493155
19.494114
19.495072
19.496029
19.496985
19.497941
19.498896
19.499850
19.500803
19.501756
19.502708
19.503659
19.504609
19.505559
19.506508
19.507456
19.508404
19.509351
19.510297
19.511242
19.512187
19.513130
19.514073
19.515016
19.515957
19.516898
19.517838
19.518778
19.519716
19.520654
19.521591
19.522528
19.523463
19.524398
19.525332
19.526266
19.527198
19.528130
19.529062
19.529992
19.530922
19.531851
19.532779
19.533706
19.534633
19.535559
19.536484
19.537409
19.538333
19.539256
19.540178
19.541100
19.542020
19.542941
19.543860
19.544778
19.545696
19.546613
19.547530
19.548445
19.549360
19.550274
19.551188
19.552100
19.553012
19.553924
19.554834
19.555744
19.556653
19.557561
19.558468
19.559375
19.560281
19.561186
19.562091
19.562994
19.563897
19.564800
19.565701
19.566602
19.567502
19.568401
19.569300
19.570198
19.571095
19.571991
19.572887
19.573781
19.574676
19.575569
19.576461
19.577353
19.578244
19.579135
19.580024
19.580913
19.581801
19.582689
19.583576
19.584461
19.585347
19.586231
19.587115
19.587998
19.588880
19.589761
19.590642
19.591522
19.592401
19.593280
19.594157
19.595034
19.595911
19.596786
19.597661
19.598535
19.599408
19.600281
19.601153
19.602024
19.602894
19.603763
19.604632
19.605500
19.606368
19.607234
19.608100
19.608965
19.609829
19.610693
19.611556
19.612418
19.613279
19.614140
19.615000
19.615859
19.616717
19.617575
19.618432
19.619288
19.620143
19.620998
19.621852
19.622705
19.623558
19.624409
19.625260
19.626110
19.626960
19.627809
19.628657
19.629504
19.630350
19.631196
19.632041
19.632885
19.633729
19.634571
19.635413
19.636255
19.637095
19.637935
19.638774
19.639612
19.640450
19.641287
19.642123
19.642958
19.643792
19.644626
19.645459
19.646292
19.647123
19.647954
19.648784
19.649613
19.650442
19.651270
19.652097
19.652923
19.653749
19.654574
19.655398
19.656221
19.657044
19.657866
19.658687
19.659507
19.660327
19.661146
19.661964
19.662781
19.663598
19.664414
19.665229
19.666043
19.666857
19.667670
19.668482
19.669293
19.670104
19.670914
19.671723
19.672532
19.673339
19.674146
19.674952
19.675758
19.676562
19.677366
19.678170
19.678972
19.679774
19.680575
19.681375
19.682174
19.682973
19.683771
19.684568
19.685365
19.686161
19.686956
19.687750
19.688543
19.689336
19.690128
19.690919
19.691710
19.692500
19.693289
19.694077
19.694864
19.695651
19.696437
19.697222
19.698007
19.698791
19.699574
19.700356
19.701138
19.701918
19.702698
19.703478
19.704256
19.705034
19.705811
19.706587
19.707363
19.708138
19.708912
19.709685
19.710458
19.711230
19.712001
19.712771
19.713540
19.714309
19.715077
19.715845
19.716611
19.717377
19.718142
19.718907
19.719670
19.720433
19.721195
19.721956
19.722717
19.723477
19.724236
19.724994
19.725752
19.726509
19.727265
19.728020
19.728775
19.729529
19.730282
19.731034
19.731786
19.732536
19.733287
19.734036
19.734785
19.735532
19.736280
19.737026
19.737772
19.738516
19.739261
19.740004
19.740746
19.741488
19.742229
19.742970
19.743709
19.744448
19.745186
19.745924
19.746660
19.747396
19.748131
19.748866
19.749599
19.750332
19.751064
19.751796
19.752527
19.753256
19.753986
19.754714
19.755442
19.756168
19.756895
19.757620
19.758345
19.759068
19.759792
19.760514
19.761236
19.761956
19.762677
19.763396
19.764115
19.764833
19.765550
19.766266
19.766982
19.767697
19.768411
19.769124
19.769837
19.770549
19.771260
19.771970
19.772680
19.773389
19.774097
19.774804
19.775511
19.776217
19.776922
19.777626
19.778330
19.779033
19.779735
19.780436
19.781137
19.781837
19.782536
19.783234
19.783932
19.784629
19.785325
19.786020
19.786715
19.787409
19.788102
19.788794
19.789486
19.790177
19.790867
19.791556
19.792245
19.792933
19.793620
19.794306
19.794992
19.795676
19.796361
19.797044
19.797727
19.798408
19.799090
19.799770
19.800449
19.801128
19.801806
19.802484
19.803160
19.803836
19.804511
19.805186
19.805859
19.806532
19.807204
19.807875
19.808546
19.809216
19.809885
19.810553
19.811221
19.811888
19.812554
19.813219
19.813884
19.814547
19.815211
19.815873
19.816534
19.817195
19.817855
19.818515
19.819173
19.819831
19.820488
19.821144
19.821800
19.822455
19.823109
19.823762
19.824414
19.825066
19.825717
19.826368
19.827017
19.827666
19.828314
19.828961
19.829608
19.830253
19.830898
19.831543
19.832186
19.832829
19.833471
19.834112
19.834753
19.835392
19.836031
19.836670
19.837307
19.837944
19.838580
19.839215
19.839850
19.840483
19.841116
19.841748
19.842380
19.843011
19.843641
19.844270
19.844898
19.845526
19.846153
19.846779
19.847404
19.848029
19.848653
19.849276
19.849899
19.850520
19.851141
19.851761
19.852381
19.853000
19.853617
19.854235
19.854851
19.855467
19.856082
19.856696
19.857309
19.857922
19.858534
19.859145
19.859755
19.860365
19.860974
19.861582
19.862189
19.862796
19.863401
19.864007
19.864611
19.865214
19.865817
19.866419
19.867021
19.867621
19.868221
19.868820
19.869418
19.870016
19.870613
19.871209
19.871804
19.872399
19.872993
19.873586
19.874178
19.874769
19.875360
19.875950
19.876539
19.877128
19.877716
19.878303
19.878889
19.879474
19.880059
19.880643
19.881226
19.881809
19.882391
19.882972
19.883552
19.884131
19.884710
19.885288
19.885865
19.886441
19.887017
19.887592
19.888166
19.888740
19.889312
19.889884
19.890455
19.891026
19.891595
19.892164
19.892732
19.893300
19.893866
19.894432
19.894997
19.895562
19.896125
19.896688
19.897250
19.897812
19.898372
19.898932
19.899491
19.900049
19.900607
19.901164
19.901720
19.902275
19.902830
19.903384
19.903937
19.904489
19.905040
19.905591
19.906141
19.906690
19.907239
19.907787
19.908334
19.908880
19.909425
19.909970
19.910514
19.911057
19.911600
19.912141
19.912682
19.913223
19.913762
19.914301
19.914839
19.915376
19.915912
19.916448
19.916983
19.917517
19.918050
19.918583
19.919115
19.919646
19.920176
19.920706
19.921235
19.921763
19.922290
19.922817
19.923343
19.923868
19.924392
19.924916
19.925438
19.925960
19.926482
19.927002
19.927522
19.928041
19.928559
19.929077
19.929594
19.930110
19.930625
19.931139
19.931653
19.932166
19.932678
19.933190
19.933700
19.934210
19.934719
19.935228
19.935736
19.936242
19.936749
19.937254
19.937759
19.938263
19.938766
19.939268
19.939770
19.940271
19.940771
19.941270
19.941769
19.942267
19.942764
19.943260
19.943756
19.944250
19.944744
19.945238
19.945730
19.946222
19.946713
19.947203
19.947693
19.948182
19.948670
19.949157
19.949643
19.950129
19.950614
19.951098
19.951582
19.952064
19.952546
19.953028
19.953508
19.953988
19.954467
19.954945
19.955422
19.955899
19.956375
19.956850
19.957324
19.957798
19.958271
19.958743
19.959214
19.959685
19.960154
19.960624
19.961092
19.961559
19.962026
19.962492
19.962957
19.963422
19.963886
19.964349
19.964811
19.965273
19.965733
19.966193
19.966652
19.967111
19.967569
19.968026
19.968482
19.968937
19.969392
19.969846
19.970299
19.970751
19.971203
19.971654
19.972104
19.972553
19.973002
19.973450
19.973897
19.974343
19.974789
19.975234
19.975678
19.976121
19.976564
19.977005
19.977446
19.977887
19.978326
19.978765
