-12.102263
-12.099255
-12.096248
-12.093240
-12.090232
-12.087223
-12.084215
-12.081207
-12.078198
-12.075189
-12.072180
-12.069171
-12.066162
-12.063153
-12.060143
-12.057134
-12.054124
-12.051114
-12.048104
-12.045094
-12.042084
-12.039073
-12.036063
-12.033052
-12.030041
-12.027030
-12.024019
-12.021008
-12.017997
-12.014985
-12.011974
-12.008962
-12.005950
-12.002938
-11.999926
-11.996913
-11.993901
-11.990888
-11.987876
-11.984863
-11.981850
-11.978837
-11.975823
-11.972810
-11.969796
-11.966783
-11.963769
-11.960755
-11.957741
-11.954727
-11.951712
-11.948698
-11.945683
-11.942668
-11.939653
-11.936638
-11.933623
-11.930608
-11.927592
-11.924577
-11.921561
-11.918545
-11.915529
-11.912513
-11.909497
-11.906480
-11.903464
-11.900447
-11.897430
-11.894413
-11.891396
-11.888379
-11.885362
-11.882344
-11.879327
-11.876309
-11.873291
-11.870273
-11.867255
-11.864237
-11.861218
-11.858200
-11.855181
-11.852162
-11.849143
-11.846124
-11.843105
-11.840085
-11.837066
-11.834046
-11.831026
-11.828007
-11.824986
-11.821966
-11.818946
-11.815926
-11.812905
-11.809884
-11.806863
-11.803842
-11.800821
-11.797800
-11.794779
-11.791757
-11.788735
-11.785714
-11.782692
-11.779670
-11.776647
-11.773625
-11.770603
-11.767580
-11.764557
-11.761535
-11.758512
-11.755488
-11.752465
-11.749442
-11.746418
-11.743395
-11.740371
-11.737347
-11.734323
-11.731299
-11.728274
-11.725250
-11.722225
-11.719200
-11.716176
-11.713151
-11.710125
-11.707100
-11.704075
-11.701049
-11.698024
-11.694998
-11.691972
-11.688946
-11.685920
-11.682893
-11.679867
-11.676840
-11.673814
-11.670787
-11.667760
-11.664733
-11.661705
-11.658678
-11.655650
-11.652623
-11.649595
-11.646567
-11.643539
-11.640511
-11.637483
-11.634454
-11.631426
-11.628397
-11.625368
-11.622339
-11.619310
-11.616281
-11.613251
-11.610222
-11.607192
-11.604162
-11.601133
-11.598102
-11.595072
-11.592042
-11.589012
-11.585981
-11.582950
-11.579920
-11.576889
-11.573858
-11.570826
-11.567795
-11.564764
-11.561732
-11.558700
-11.555668
-11.552636
-11.549604
-11.546572
-11.543540
-11.540507
-11.537474
-11.534442
-11.531409
-11.528376
-11.525342
-11.522309
-11.519276
-11.516242
-11.513208
-11.510175
-11.507141
-11.504107
-11.501072
-11.498038
-11.495004
-11.491969
-11.488934
-11.485899
-11.482864
-11.479829
-11.476794
-11.473759
-11.470723
-11.467687
-11.464652
-11.461616
-11.458580
-11.455543
-11.452507
-11.449471
-11.446434
-11.443397
-11.440361
-11.437324
-11.434287
-11.431249
-11.428212
-11.425175
-11.422137
-11.419099
-11.416061
-11.413023
-11.409985
-11.406947
-11.403909
-11.400870
-11.397832
-11.394793
-11.391754
-11.388715
-11.385676
-11.382636
-11.379597
-11.376558
-11.373518
-11.370478
-11.367438
-11.364398
-11.361358
-11.358318
-11.355277
-11.352237
-11.349196
-11.346155
-11.343114
-11.340073
-11.337032
-11.333991
-11.330949
-11.327907
-11.324866
-11.321824
-11.318782
-11.315740
-11.312698
-11.309655
-11.306613
-11.303570
-11.300527
-11.297485
-11.294442
-11.291398
-11.288355
-11.285312
-11.282268
-11.279225
-11.276181
-11.273137
-11.270093
-11.267049
-11.264004
-11.260960
-11.257916
-11.254871
-11.251826
-11.248781
-11.245736
-11.242691
-11.239646
-11.236600
-11.233555
-11.230509
-11.227463
-11.224417
-11.221371
-11.218325
-11.215279
-11.212232
-11.209186
-11.206139
-11.203092
-11.200045
-11.196998
-11.193951
-11.190904
-11.187856
-11.184809
-11.181761
-11.178713
-11.175665
-11.172617
-11.169569
-11.166520
-11.163472
-11.160423
-11.157375
-11.154326
-11.151277
-11.148228
-11.145179
-11.142129
-11.139080
-11.136030
-11.132980
-11.129931
-11.126881
-11.123831
-11.120780
-11.117730
-11.114679
-11.111629
-11.108578
-11.105527
-11.102476
-11.099425
-11.096374
-11.093323
-11.090271
-11.087219
-11.084168
-11.081116
-11.078064
-11.075012
-11.071960
-11.068907
-11.065855
-11.062802
-11.059749
-11.056697
-11.053644
-11.050590
-11.047537
-11.044484
-11.041430
-11.038377
-11.035323
-11.032269
-11.029215
-11.026161
-11.023107
-11.020052
-11.016998
-11.013943
-11.010889
-11.007834
-11.004779
-11.001724
-10.998669
-10.995613
-10.992558
-10.989502
-10.986446
-10.983391
-10.980335
-10.977278
-10.974222
-10.971166
-10.968109
-10.965053
-10.961996
-10.958939
-10.955882
-10.952825
-10.949768
-10.946711
-10.943653
-10.940596
-10.937538
-10.934480
-10.931422
-10.928364
-10.925306
-10.922248
-10.919189
-10.916131
-10.913072
-10.910013
-10.906954
-10.903895
-10.900836
-10.897777
-10.894717
-10.891658
-10.888598
-10.885538
-10.882478
-10.879418
-10.876358
-10.873298
-10.870237
-10.867177
-10.864116
-10.861055
-10.857994
-10.854933
-10.851872
-10.848811
-10.845750
-10.842688
-10.839627
-10.836565
-10.833503
-10.830441
-10.827379
-10.824317
-10.821254
-10.818192
-10.815129
-10.812066
-10.809003
-10.805941
-10.802877
-10.799814
-10.796751
-10.793687
-10.790624
-10.787560
-10.784496
-10.781432
-10.778368
-10.775304
-10.772240
-10.769175
-10.766111
-10.763046
-10.759981
-10.756916
-10.753851
-10.750786
-10.747721
-10.744655
-10.741590
-10.738524
-10.735459
-10.732393
-10.729327
-10.726261
-10.723194
-10.720128
-10.717061
-10.713995
-10.710928
-10.707861
-10.704794
-10.701727
-10.698660
-10.695593
-10.692525
-10.689458
-10.686390
-10.683322
-10.680254
-10.677186
-10.674118
-10.671050
-10.667981
-10.664913
-10.661844
-10.658775
-10.655706
-10.652637
-10.649568
-10.646499
-10.643429
-10.640360
-10.637290
-10.634221
-10.631151
-10.628081
-10.625011
-10.621940
-10.618870
-10.615800
-10.612729
-10.609658
-10.606588
-10.603517
-10.600446
-10.597374
-10.594303
-10.591232
-10.588160
-10.585089
-10.582017
-10.578945
-10.575873
-10.572801
-10.569729
-10.566656
-10.563584
-10.560511
-10.557438
-10.554366
-10.551293
-10.548220
-10.545146
-10.542073
-10.539000
-10.535926
-10.532852
-10.529779
-10.526705
-10.523631
-10.520557
-10.517482
-10.514408
-10.511333
-10.508259
-10.505184
-10.502109
-10.499034
-10.495959
-10.492884
-10.489809
-10.486733
-10.483658
-10.480582
-10.477506
-10.474430
-10.471354
-10.468278
-10.465202
-10.462125
-10.459049
-10.455972
-10.452896
-10.449819
-10.446742
-10.443665
-10.440588
-10.437510
-10.434433
-10.431355
-10.428278
-10.425200
-10.422122
-10.419044
-10.415966
-10.412887
-10.409809
-10.406731
-10.403652
-10.400573
-10.397494
-10.394415
-10.391336
-10.388257
-10.385178
-10.382098
-10.379019
-10.375939
-10.372859
-10.369780
-10.366700
-10.363619
-10.360539
-10.357459
-10.354378
-10.351298
-10.348217
-10.345136
-10.342055
-10.338974
-10.335893
-10.332812
-10.329730
-10.326649
-10.323567
-10.320486
-10.317404
-10.314322
-10.311240
-10.308157
-10.305075
-10.301993
-10.298910
-10.295827
-10.292745
-10.289662
-10.286579
-10.283496
-10.280412
-10.277329
-10.274245
-10.271162
-10.268078
-10.264994
-10.261910
-10.258826
-10.255742
-10.252658
-10.249573
-10.246489
-10.243404
-10.240320
-10.237235
-10.234150
-10.231065
-10.227979
-10.224894
-10.221809
-10.218723
-10.215637
-10.212552
-10.209466
-10.206380
-10.203294
-10.200207
-10.197121
-10.194035
-10.190948
-10.187861
-10.184774
-10.181688
-10.178601
-10.175513
-10.172426
-10.169339
-10.166251
-10.163164
-10.160076
-10.156988
-10.153900
-10.150812
-10.147724
-10.144636
-10.141547
-10.138459
-10.135370
-10.132281
-10.129192
-10.126103
-10.123014
-10.119925
-10.116836
-10.113746
-10.110657
-10.107567
-10.104477
-10.101388
-10.098298
-10.095208
-10.092117
-10.089027
-10.085937
-10.082846
-10.079755
-10.076665
-10.073574
-10.070483
-10.067392
-10.064300
-10.061209
-10.058117
-10.055026
-10.051934
-10.048842
-10.045751
-10.042659
-10.039566
-10.036474
-10.033382
-10.030289
-10.027197
-10.024104
-10.021011
-10.017918
-10.014825
-10.011732
-10.008639
-10.005546
-10.002452
-9.999358
-9.996265
-9.993171
-9.990077
-9.986983
-9.983889
-9.980795
-9.977700
-9.974606
-9.971511
-9.968416
-9.965322
-9.962227
-9.959132
-9.956036
-9.952941
-9.949846
-9.946750
-9.943655
-9.940559
-9.937463
-9.934367
-9.931271
-9.928175
-9.925079
-9.921982
-9.918886
-9.915789
-9.912693
-9.909596
-9.906499
-9.903402
-9.900305
-9.897207
-9.894110
-9.891013
-9.887915
-9.884817
-9.881719
-9.878622
-9.875524
-9.872425
-9.869327
-9.866229
-9.863130
-9.860032
-9.856933
-9.853834
-9.850735
-9.847636
-9.844537
-9.841438
-9.838339
-9.835239
-9.832139
-9.829040
-9.825940
-9.822840
-9.819740
-9.816640
-9.813540
-9.810439
-9.807339
-9.804238
-9.801138
-9.798037
-9.794936
-9.791835
-9.788734
-9.785633
-9.782531
-9.779430
-9.776328
-9.773227
-9.770125
-9.767023
-9.763921
-9.760819
-9.757717
-9.754614
-9.751512
-9.748409
-9.745307
-9.742204
-9.739101
-9.735998
-9.732895
-9.729792
-9.726689
-9.723585
-9.720482
-9.717378
-9.714275
-9.711171
-9.708067
-9.704963
-9.701859
-9.698754
-9.695650
-9.692545
-9.689441
-9.686336
-9.683231
-9.680126
-9.677021
-9.673916
-9.670811
-9.667706
-9.664600
-9.661495
-9.658389
-9.655283
-9.652177
-9.649071
-9.645965
-9.642859
-9.639753
-9.636646
-9.633540
-9.630433
-9.627326
-9.624220
-9.621113
-9.618006
-9.614898
-9.611791
-9.608684
-9.605576
-9.602469
-9.599361
-9.596253
-9.593145
-9.590037
-9.586929
-9.583821
-9.580712
-9.577604
-9.574495
-9.571387
-9.568278
-9.565169
-9.562060
-9.558951
-9.555842
-9.552732
-9.549623
-9.546513
-9.543404
-9.540294
-9.537184
-9.534074
-9.530964
-9.527854
-9.524744
-9.521633
-9.518523
-9.515412
-9.512302
-9.509191
-9.506080
-9.502969
-9.499858
-9.496747
-9.493635
-9.490524
-9.487412
-9.484301
-9.481189
-9.478077
-9.474965
-9.471853
-9.468741
-9.465629
-9.462516
-9.459404
-9.456291
-9.453179
-9.450066
-9.446953
-9.443840
-9.440727
-9.437613
-9.434500
-9.431387
-9.428273
-9.425160
-9.422046
-9.418932
-9.415818
-9.412704
-9.409590
-9.406475
-9.403361
-9.400247
-9.397132
-9.394017
-9.390903
-9.387788
-9.384673
-9.381558
-9.378442
-9.375327
-9.372212
-9.369096
-9.365980
-9.362865
-9.359749
-9.356633
-9.353517
-9.350401
-9.347285
-9.344168
-9.341052
-9.337935
-9.334818
-9.331702
-9.328585
-9.325468
-9.322351
-9.319234
-9.316116
-9.312999
-9.309881
-9.306764
-9.303646
-9.300528
-9.297410
-9.294292
-9.291174
-9.288056
-9.284938
-9.281819
-9.278701
-9.275582
-9.272463
-9.269345
-9.266226
-9.263107
-9.259987
-9.256868
-9.253749
-9.250629
-9.247510
-9.244390
-9.241270
-9.238150
-9.235031
-9.231910
-9.228790
-9.225670
-9.222550
-9.219429
-9.216309
-9.213188
-9.210067
-9.206946
-9.203825
-9.200704
-9.197583
-9.194462
-9.191340
-9.188219
-9.185097
-9.181975
-9.178854
-9.175732
-9.172610
-9.169488
-9.166365
-9.163243
-9.160121
-9.156998
-9.153875
-9.150753
-9.147630
-9.144507
-9.141384
-9.138261
-9.135138
-9.132014
-9.128891
-9.125767
-9.122644
-9.119520
-9.116396
-9.113272
-9.110148
-9.107024
-9.103900
-9.100775
-9.097651
-9.094526
-9.091402
-9.088277
-9.085152
-9.082027
-9.078902
-9.075777
-9.072652
-9.069526
-9.066401
-9.063275
-9.060150
-9.057024
-9.053898
-9.050772
-9.047646
-9.044520
-9.041394
-9.038267
-9.035141
-9.032014
-9.028888
-9.025761
-9.022634
-9.019507
-9.016380
-9.013253
-9.010126
-9.006998
-9.003871
-9.000743
-8.997615
-8.994488
-8.991360
-8.988232
-8.985104
-8.981976
-8.978847
-8.975719
-8.972591
-8.969462
-8.966333
-8.963205
-8.960076
-8.956947
-8.953818
-8.950689
-8.947559
-8.944430
-8.941301
-8.938171
-8.935041
-8.931912
-8.928782
-8.925652
-8.922522
-8.919392
-8.916262
-8.913131
-8.910001
-8.906870
-8.903740
-8.900609
-8.897478
-8.894347
-8.891216
-8.888085
-8.884954
-8.881822
-8.878691
-8.875559
-8.872428
-8.869296
-8.866164
-8.863032
-8.859900
-8.856768
-8.853636
-8.850504
-8.847371
-8.844239
-8.841106
-8.837974
-8.834841
-8.831708
-8.828575
-8.825442
-8.822309
-8.819175
-8.816042
-8.812909
-8.809775
-8.806641
-8.803508
-8.800374
-8.797240
-8.794106
-8.790972
-8.787837
-8.784703
-8.781568
-8.778434
-8.775299
-8.772165
-8.769030
-8.765895
-8.762760
-8.759625
-8.756489
-8.753354
-8.750219
-8.747083
-8.743948
-8.740812
-8.737676
-8.734540
-8.731404
-8.728268
-8.725132
-8.721996
-8.718859
-8.715723
-8.712586
-8.709449
-8.706313
-8.703176
-8.700039
-8.696902
-8.693765
-8.690627
-8.687490
-8.684353
-8.681215
-8.678077
-8.674940
-8.671802
-8.668664
-8.665526
-8.662388
-8.659250
-8.656111
-8.652973
-8.649834
-8.646696
-8.643557
-8.640418
-8.637280
-8.634141
-8.631002
-8.627862
-8.624723
-8.621584
-8.618444
-8.615305
-8.612165
-8.609025
-8.605886
-8.602746
-8.599606
-8.596466
-8.593325
-8.590185
-8.587045
-8.583904
-8.580764
-8.577623
-8.574482
-8.571341
-8.568200
-8.565059
-8.561918
-8.558777
-8.555635
-8.552494
-8.549353
-8.546211
-8.543069
-8.539927
-8.536785
-8.533643
-8.530501
-8.527359
-8.524217
-8.521075
-8.517932
-8.514789
-8.511647
-8.508504
-8.505361
-8.502218
-8.499075
-8.495932
-8.492789
-8.489646
-8.486502
-8.483359
-8.480215
-8.477071
-8.473928
-8.470784
-8.467640
-8.464496
-8.461352
-8.458207
-8.455063
-8.451919
-8.448774
-8.445629
-8.442485
-8.439340
-8.436195
-8.433050
-8.429905
-8.426760
-8.423614
-8.420469
-8.417324
-8.414178
-8.411032
-8.407887
-8.404741
-8.401595
-8.398449
-8.395303
-8.392157
-8.389010
-8.385864
-8.382717
-8.379571
-8.376424
-8.373277
-8.370131
-8.366984
-8.363837
-8.360690
-8.357542
-8.354395
-8.351248
-8.348100
-8.344953
-8.341805
-8.338657
-8.335509
-8.332361
-8.329213
-8.326065
-8.322917
-8.319769
-8.316620
-8.313472
-8.310323
-8.307174
-8.304026
-8.300877
-8.297728
-8.294579
-8.291430
-8.288280
-8.285131
-8.281982
-8.278832
-8.275683
-8.272533
-8.269383
-8.266233
-8.263083
-8.259933
-8.256783
-8.253633
-8.250483
-8.247332
-8.244182
-8.241031
-8.237880
-8.234730
-8.231579
-8.228428
-8.225277
-8.222126
-8.218974
-8.215823
-8.212672
-8.209520
-8.206369
-8.203217
-8.200065
-8.196913
-8.193761
-8.190609
-8.187457
-8.184305
-8.181153
-8.178000
-8.174848
-8.171695
-8.168542
-8.165390
-8.162237
-8.159084
-8.155931
-8.152778
-8.149625
-8.146471
-8.143318
-8.140164
-8.137011
-8.133857
-8.130703
-8.127550
-8.124396
-8.121242
-8.118088
-8.114933
-8.111779
-8.108625
-8.105470
-8.102316
-8.099161
-8.096006
-8.092852
-8.089697
-8.086542
-8.083387
-8.080232
-8.077076
-8.073921
-8.070765
-8.067610
-8.064454
-8.061299
-8.058143
-8.054987
-8.051831
-8.048675
-8.045519
-8.042363
-8.039206
-8.036050
-8.032893
-8.029737
-8.026580
-8.023423
-8.020267
-8.017110
-8.013953
-8.010795
-8.007638
-8.004481
-8.001324
-7.998166
-7.995009
-7.991851
-7.988693
-7.985535
-7.982378
-7.979220
-7.976061
-7.972903
-7.969745
-7.966587
-7.963428
-7.960270
-7.957111
-7.953953
-7.950794
-7.947635
-7.944476
-7.941317
-7.938158
-7.934999
-7.931839
-7.928680
-7.925520
-7.922361
-7.919201
-7.916042
-7.912882
-7.909722
-7.906562
-7.903402
-7.900242
-7.897081
-7.893921
-7.890761
-7.887600
-7.884439
-7.881279
-7.878118
-7.874957
-7.871796
-7.868635
-7.865474
-7.862313
-7.859152
-7.855990
-7.852829
-7.849667
-7.846506
-7.843344
-7.840182
-7.837020
-7.833858
-7.830696
-7.827534
-7.824372
-7.821210
-7.818047
-7.814885
-7.811722
-7.808559
-7.805397
-7.802234
-7.799071
-7.795908
-7.792745
-7.789582
-7.786418
-7.783255
-7.780092
-7.776928
-7.773765
-7.770601
-7.767437
-7.764273
-7.761109
-7.757945
-7.754781
-7.751617
-7.748453
-7.745288
-7.742124
-7.738959
-7.735795
-7.732630
-7.729465
-7.726300
-7.723135
-7.719970
-7.716805
-7.713640
-7.710475
-7.707309
-7.704144
-7.700978
-7.697813
-7.694647
-7.691481
-7.688315
-7.685150
-7.681983
-7.678817
-7.675651
-7.672485
-7.669318
-7.666152
-7.662985
-7.659819
-7.656652
-7.653485
-7.650318
-7.647151
-7.643984
-7.640817
-7.637650
-7.634483
-7.631315
-7.628148
-7.624980
-7.621813
-7.618645
-7.615477
-7.612309
-7.609141
-7.605973
-7.602805
-7.599637
-7.596469
-7.593300
-7.590132
-7.586963
-7.583795
-7.580626
-7.577457
-7.574288
-7.571119
-7.567950
-7.564781
-7.561612
-7.558443
-7.555273
-7.552104
-7.548934
-7.545765
-7.542595
-7.539425
-7.536255
-7.533085
-7.529915
-7.526745
-7.523575
-7.520405
-7.517234
-7.514064
-7.510893
-7.507723
-7.504552
-7.501381
-7.498210
-7.495039
-7.491868
-7.488697
-7.485526
-7.482355
-7.479183
-7.476012
-7.472841
-7.469669
-7.466497
-7.463326
-7.460154
-7.456982
-7.453810
-7.450638
-7.447466
-7.444293
-7.441121
-7.437949
-7.434776
-7.431604
-7.428431
-7.425258
-7.422085
-7.418912
-7.415740
-7.412566
-7.409393
-7.406220
-7.403047
-7.399873
-7.396700
-7.393526
-7.390353
-7.387179
-7.384005
-7.380832
-7.377658
-7.374484
-7.371309
-7.368135
-7.364961
-7.361787
-7.358612
-7.355438
-7.352263
-7.349089
-7.345914
-7.342739
-7.339564
-7.336389
-7.333214
-7.330039
-7.326864
-7.323688
-7.320513
-7.317338
-7.314162
-7.310986
-7.307811
-7.304635
-7.301459
-7.298283
-7.295107
-7.291931
-7.288755
-7.285579
-7.282402
-7.279226
-7.276049
-7.272873
-7.269696
-7.266519
-7.263343
-7.260166
-7.256989
-7.253812
-7.250635
-7.247457
-7.244280
-7.241103
-7.237925
-7.234748
-7.231570
-7.228393
-7.225215
-7.222037
-7.218859
-7.215681
-7.212503
-7.209325
-7.206147
-7.202968
-7.199790
-7.196611
-7.193433
-7.190254
-7.187076
-7.183897
-7.180718
-7.177539
-7.174360
-7.171181
-7.168002
-7.164823
-7.161643
-7.158464
-7.155284
-7.152105
-7.148925
-7.145745
-7.142566
-7.139386
-7.136206
-7.133026
-7.129846
-7.126666
-7.123485
-7.120305
-7.117125
-7.113944
-7.110764
-7.107583
-7.104402
-7.101221
-7.098041
-7.094860
-7.091679
-7.088498
-7.085316
-7.082135
-7.078954
-7.075772
-7.072591
-7.069409
-7.066228
-7.063046
-7.059864
-7.056682
-7.053500
-7.050318
-7.047136
-7.043954
-7.040772
-7.037589
-7.034407
-7.031225
-7.028042
-7.024859
-7.021677
-7.018494
-7.015311
-7.012128
-7.008945
-7.005762
-7.002579
-6.999396
-6.996212
-6.993029
-6.989845
-6.986662
-6.983478
-6.980295
-6.977111
-6.973927
-6.970743
-6.967559
-6.964375
-6.961191
-6.958007
-6.954822
-6.951638
-6.948453
-6.945269
-6.942084
-6.938900
-6.935715
-6.932530
-6.929345
-6.926160
-6.922975
-6.919790
-6.916605
-6.913420
-6.910234
-6.907049
-6.903863
-6.900678
-6.897492
-6.894306
-6.891121
-6.887935
-6.884749
-6.881563
-6.878377
-6.875190
-6.872004
-6.868818
-6.865631
-6.862445
-6.859258
-6.856072
-6.852885
-6.849698
-6.846511
-6.843325
-6.840138
-6.836950
-6.833763
-6.830576
-6.827389
-6.824201
-6.821014
-6.817827
-6.814639
-6.811451
-6.808264
-6.805076
-6.801888
-6.798700
-6.795512
-6.792324
-6.789136
-6.785947
-6.782759
-6.779571
-6.776382
-6.773194
-6.770005
-6.766816
-6.763628
-6.760439
-6.757250
-6.754061
-6.750872
-6.747683
-6.744493
-6.741304
-6.738115
-6.734925
-6.731736
-6.728546
-6.725357
-6.722167
-6.718977
-6.715787
-6.712597
-6.709407
-6.706217
-6.703027
-6.699837
-6.696647
-6.693456
-6.690266
-6.687075
-6.683885
-6.680694
-6.677504
-6.674313
-6.671122
-6.667931
-6.664740
-6.661549
-6.658358
-6.655166
-6.651975
-6.648784
-6.645592
-6.642401
-6.639209
-6.636018
-6.632826
-6.629634
-6.626442
-6.623250
-6.620058
-6.616866
-6.613674
-6.610482
-6.607289
-6.604097
-6.600905
-6.597712
-6.594519
-6.591327
-6.588134
-6.584941
-6.581748
-6.578555
-6.575362
-6.572169
-6.568976
-6.565783
-6.562590
-6.559396
-6.556203
-6.553009
-6.549816
-6.546622
-6.543428
-6.540235
-6.537041
-6.533847
-6.530653
-6.527459
-6.524265
-6.521070
-6.517876
-6.514682
-6.511487
-6.508293
-6.505098
-6.501904
-6.498709
-6.495514
-6.492319
-6.489124
-6.485929
-6.482734
-6.479539
-6.476344
-6.473149
-6.469953
-6.466758
-6.463562
-6.460367
-6.457171
-6.453976
-6.450780
-6.447584
-6.444388
-6.441192
-6.437996
-6.434800
-6.431604
-6.428408
-6.425211
-6.422015
-6.418818
-6.415622
-6.412425
-6.409229
-6.406032
-6.402835
-6.399638
-6.396441
-6.393244
-6.390047
-6.386850
-6.383653
-6.380456
-6.377258
-6.374061
-6.370863
-6.367666
-6.364468
-6.361270
-6.358073
-6.354875
-6.351677
-6.348479
-6.345281
-6.342083
-6.338885
-6.335686
-6.332488
-6.329290
-6.326091
-6.322893
-6.319694
-6.316496
-6.313297
-6.310098
-6.306899
-6.303700
-6.300501
-6.297302
-6.294103
-6.290904
-6.287705
-6.284505
-6.281306
-6.278107
-6.274907
-6.271707
-6.268508
-6.265308
-6.262108
-6.258908
-6.255708
-6.252508
-6.249308
-6.246108
-6.242908
-6.239708
-6.236507
-6.233307
-6.230107
-6.226906
-6.223705
-6.220505
-6.217304
-6.214103
-6.210902
-6.207701
-6.204500
-6.201299
-6.198098
-6.194897
-6.191696
-6.188494
-6.185293
-6.182091
-6.178890
-6.175688
-6.172487
-6.169285
-6.166083
-6.162881
-6.159679
-6.156477
-6.153275
-6.150073
-6.146871
-6.143669
-6.140466
-6.137264
-6.134061
-6.130859
-6.127656
-6.124454
-6.121251
-6.118048
-6.114845
-6.111642
-6.108439
-6.105236
-6.102033
-6.098830
-6.095627
-6.092423
-6.089220
-6.086016
-6.082813
-6.079609
-6.076406
-6.073202
-6.069998
-6.066794
-6.063591
-6.060387
-6.057182
-6.053978
-6.050774
-6.047570
-6.044366
-6.041161
-6.037957
-6.034752
-6.031548
-6.028343
-6.025139
-6.021934
-6.018729
-6.015524
-6.012319
-6.009114
-6.005909
-6.002704
-5.999499
-5.996293
-5.993088
-5.989883
-5.986677
-5.983472
-5.980266
-5.977061
-5.973855
-5.970649
-5.967443
-5.964237
-5.961031
-5.957825
-5.954619
-5.951413
-5.948207
-5.945000
-5.941794
-5.938588
-5.935381
-5.932175
-5.928968
-5.925761
-5.922555
-5.919348
-5.916141
-5.912934
-5.909727
-5.906520
-5.903313
-5.900106
-5.896898
-5.893691
-5.890484
-5.887276
-5.884069
-5.880861
-5.877654
-5.874446
-5.871238
-5.868030
-5.864823
-5.861615
-5.858407
-5.855199
-5.851990
-5.848782
-5.845574
-5.842366
-5.839157
-5.835949
-5.832740
-5.829532
-5.826323
-5.823114
-5.819906
-5.816697
-5.813488
-5.810279
-5.807070
-5.803861
-5.800652
-5.797443
-5.794233
-5.791024
-5.787815
-5.784605
-5.781396
-5.778186
-5.774977
-5.771767
-5.768557
-5.765347
-5.762138
-5.758928
-5.755718
-5.752508
-5.749297
-5.746087
-5.742877
-5.739667
-5.736456
-5.733246
-5.730035
-5.726825
-5.723614
-5.720404
-5.717193
-5.713982
-5.710771
-5.707560
-5.704349
-5.701138
-5.697927
-5.694716
-5.691505
-5.688294
-5.685082
-5.681871
-5.678659
-5.675448
-5.672236
-5.669025
-5.665813
-5.662601
-5.659389
-5.656178
-5.652966
-5.649754
-5.646542
-5.643329
-5.640117
-5.636905
-5.633693
-5.630480
-5.627268
-5.624055
-5.620843
-5.617630
-5.614418
-5.611205
-5.607992
-5.604779
-5.601566
-5.598353
-5.595140
-5.591927
-5.588714
-5.585501
-5.582288
-5.579074
-5.575861
-5.572648
-5.569434
-5.566220
-5.563007
-5.559793
-5.556579
-5.553366
-5.550152
-5.546938
-5.543724
-5.540510
-5.537296
-5.534082
-5.530867
-5.527653
-5.524439
-5.521224
-5.518010
-5.514795
-5.511581
-5.508366
-5.505152
-5.501937
-5.498722
-5.495507
-5.492292
-5.489077
-5.485862
-5.482647
-5.479432
-5.476217
-5.473001
-5.469786
-5.466571
-5.463355
-5.460140
-5.456924
-5.453709
-5.450493
-5.447277
-5.444061
-5.440846
-5.437630
-5.434414
-5.431198
-5.427982
-5.424765
-5.421549
-5.418333
-5.415117
-5.411900
-5.408684
-5.405467
-5.402251
-5.399034
-5.395818
-5.392601
-5.389384
-5.386167
-5.382950
-5.379733
-5.376516
-5.373299
-5.370082
-5.366865
-5.363648
-5.360431
-5.357213
-5.353996
-5.350778
-5.347561
-5.344343
-5.341126
-5.337908
-5.334690
-5.331472
-5.328254
-5.325037
-5.321819
-5.318601
-5.315382
-5.312164
-5.308946
-5.305728
-5.302510
-5.299291
-5.296073
-5.292854
-5.289636
-5.286417
-5.283198
-5.279980
-5.276761
-5.273542
-5.270323
-5.267104
-5.263885
-5.260666
-5.257447
-5.254228
-5.251009
-5.247790
-5.244570
-5.241351
-5.238131
-5.234912
-5.231692
-5.228473
-5.225253
-5.222033
-5.218814
-5.215594
-5.212374
-5.209154
-5.205934
-5.202714
-5.199494
-5.196274
-5.193054
-5.189833
-5.186613
-5.183393
-5.180172
-5.176952
-5.173731
-5.170511
-5.167290
-5.164069
-5.160848
-5.157628
-5.154407
-5.151186
-5.147965
-5.144744
-5.141523
-5.138302
-5.135080
-5.131859
-5.128638
-5.125416
-5.122195
-5.118974
-5.115752
-5.112530
-5.109309
-5.106087
-5.102865
-5.099644
-5.096422
-5.093200
-5.089978
-5.086756
-5.083534
-5.080312
-5.077089
-5.073867
-5.070645
-5.067423
-5.064200
-5.060978
-5.057755
-5.054533
-5.051310
-5.048087
-5.044865
-5.041642
-5.038419
-5.035196
-5.031973
-5.028750
-5.025527
-5.022304
-5.019081
-5.015858
-5.012635
-5.009411
-5.006188
-5.002965
-4.999741
-4.996518
-4.993294
-4.990070
-4.986847
-4.983623
-4.980399
-4.977175
-4.973952
-4.970728
-4.967504
-4.964280
-4.961056
-4.957831
-4.954607
-4.951383
-4.948159
-4.944934
-4.941710
-4.938485
-4.935261
-4.932036
-4.928812
-4.925587
-4.922362
-4.919138
-4.915913
-4.912688
-4.909463
-4.906238
-4.903013
-4.899788
-4.896563
-4.893337
-4.890112
-4.886887
-4.883662
-4.880436
-4.877211
-4.873985
-4.870760
-4.867534
-4.864308
-4.861083
-4.857857
-4.854631
-4.851405
-4.848179
-4.844953
-4.841727
-4.838501
-4.835275
-4.832049
-4.828823
-4.825597
-4.822370
-4.819144
-4.815917
-4.812691
-4.809464
-4.806238
-4.803011
-4.799785
-4.796558
-4.793331
-4.790104
-4.786877
-4.783650
-4.780423
-4.777196
-4.773969
-4.770742
-4.767515
-4.764288
-4.761060
-4.757833
-4.754606
-4.751378
-4.748151
-4.744923
-4.741696
-4.738468
-4.735240
-4.732013
-4.728785
-4.725557
-4.722329
-4.719101
-4.715873
-4.712645
-4.709417
-4.706189
-4.702961
-4.699733
-4.696504
-4.693276
-4.690047
-4.686819
-4.683591
-4.680362
-4.677133
-4.673905
-4.670676
-4.667447
-4.664219
-4.660990
-4.657761
-4.654532
-4.651303
-4.648074
-4.644845
-4.641616
-4.638387
-4.635157
-4.631928
-4.628699
-4.625469
-4.622240
-4.619011
-4.615781
-4.612551
-4.609322
-4.606092
-4.602862
-4.599633
-4.596403
-4.593173
-4.589943
-4.586713
-4.583483
-4.580253
-4.577023
-4.573793
-4.570563
-4.567332
-4.564102
-4.560872
-4.557641
-4.554411
-4.551181
-4.547950
-4.544719
-4.541489
-4.538258
-4.535027
-4.531797
-4.528566
-4.525335
-4.522104
-4.518873
-4.515642
-4.512411
-4.509180
-4.505949
-4.502718
-4.499486
-4.496255
-4.493024
-4.489792
-4.486561
-4.483329
-4.480098
-4.476866
-4.473635
-4.470403
-4.467171
-4.463939
-4.460708
-4.457476
-4.454244
-4.451012
-4.447780
-4.444548
-4.441316
-4.438084
-4.434851
-4.431619
-4.428387
-4.425155
-4.421922
-4.418690
-4.415457
-4.412225
-4.408992
-4.405760
-4.402527
-4.399294
-4.396062
-4.392829
-4.389596
-4.386363
-4.383130
-4.379897
-4.376664
-4.373431
-4.370198
-4.366965
-4.363732
-4.360498
-4.357265
-4.354032
-4.350798
-4.347565
-4.344331
-4.341098
-4.337864
-4.334631
-4.331397
-4.328163
-4.324929
-4.321696
-4.318462
-4.315228
-4.311994
-4.308760
-4.305526
-4.302292
-4.299058
-4.295824
-4.292589
-4.289355
-4.286121
-4.282886
-4.279652
-4.276418
-4.273183
-4.269949
-4.266714
-4.263479
-4.260245
-4.257010
-4.253775
-4.250541
-4.247306
-4.244071
-4.240836
-4.237601
-4.234366
-4.231131
-4.227896
-4.224661
-4.221425
-4.218190
-4.214955
-4.211720
-4.208484
-4.205249
-4.202013
-4.198778
-4.195542
-4.192307
-4.189071
-4.185835
-4.182600
-4.179364
-4.176128
-4.172892
-4.169656
-4.166420
-4.163184
-4.159948
-4.156712
-4.153476
-4.150240
-4.147004
-4.143767
-4.140531
-4.137295
-4.134058
-4.130822
-4.127586
-4.124349
-4.121112
-4.117876
-4.114639
-4.111403
-4.108166
-4.104929
-4.101692
-4.098455
-4.095218
-4.091982
-4.088745
-4.085508
-4.082270
-4.079033
-4.075796
-4.072559
-4.069322
-4.066084
-4.062847
-4.059610
-4.056372
-4.053135
-4.049897
-4.046660
-4.043422
-4.040185
-4.036947
-4.033709
-4.030472
-4.027234
-4.023996
-4.020758
-4.017520
-4.014282
-4.011044
-4.007806
-4.004568
-4.001330
-3.998092
-3.994853
-3.991615
-3.988377
-3.985139
-3.981900
-3.978662
-3.975423
-3.972185
-3.968946
-3.965708
-3.962469
-3.959230
-3.955992
-3.952753
-3.949514
-3.946275
-3.943036
-3.939797
-3.936558
-3.933319
-3.930080
-3.926841
-3.923602
-3.920363
-3.917124
-3.913885
-3.910645
-3.907406
-3.904167
-3.900927
-3.897688
-3.894448
-3.891209
-3.887969
-3.884729
-3.881490
-3.878250
-3.875010
-3.871771
-3.868531
-3.865291
-3.862051
-3.858811
-3.855571
-3.852331
-3.849091
-3.845851
-3.842611
-3.839371
-3.836130
-3.832890
-3.829650
-3.826409
-3.823169
-3.819929
-3.816688
-3.813448
-3.810207
-3.806967
-3.803726
-3.800485
-3.797245
-3.794004
-3.790763
-3.787522
-3.784281
-3.781040
-3.777800
-3.774559
-3.771317
-3.768076
-3.764835
-3.761594
-3.758353
-3.755112
-3.751871
-3.748629
-3.745388
-3.742147
-3.738905
-3.735664
-3.732422
-3.729181
-3.725939
-3.722697
-3.719456
-3.716214
-3.712972
-3.709731
-3.706489
-3.703247
-3.700005
-3.696763
-3.693521
-3.690279
-3.687037
-3.683795
-3.680553
-3.677311
-3.674069
-3.670827
-3.667584
-3.664342
-3.661100
-3.657857
-3.654615
-3.651372
-3.648130
-3.644887
-3.641645
-3.638402
-3.635159
-3.631917
-3.628674
-3.625431
-3.622189
-3.618946
-3.615703
-3.612460
-3.609217
-3.605974
-3.602731
-3.599488
-3.596245
-3.593002
-3.589758
-3.586515
-3.583272
-3.580029
-3.576785
-3.573542
-3.570299
-3.567055
-3.563812
-3.560568
-3.557325
-3.554081
-3.550838
-3.547594
-3.544350
-3.541106
-3.537863
-3.534619
-3.531375
-3.528131
-3.524887
-3.521643
-3.518399
-3.515155
-3.511911
-3.508667
-3.505423
-3.502179
-3.498935
-3.495690
-3.492446
-3.489202
-3.485957
-3.482713
-3.479469
-3.476224
-3.472980
-3.469735
-3.466491
-3.463246
-3.460001
-3.456757
-3.453512
-3.450267
-3.447022
-3.443777
-3.440533
-3.437288
-3.434043
-3.430798
-3.427553
-3.424308
-3.421063
-3.417818
-3.414572
-3.411327
-3.408082
-3.404837
-3.401592
-3.398346
-3.395101
-3.391855
-3.388610
-3.385365
-3.382119
-3.378874
-3.375628
-3.372382
-3.369137
-3.365891
-3.362645
-3.359400
-3.356154
-3.352908
-3.349662
-3.346416
-3.343170
-3.339924
-3.336678
-3.333432
-3.330186
-3.326940
-3.323694
-3.320448
-3.317202
-3.313956
-3.310709
-3.307463
-3.304217
-3.300970
-3.297724
-3.294477
-3.291231
-3.287984
-3.284738
-3.281491
-3.278245
-3.274998
-3.271751
-3.268505
-3.265258
-3.262011
-3.258764
-3.255518
-3.252271
-3.249024
-3.245777
-3.242530
-3.239283
-3.236036
-3.232789
-3.229542
-3.226294
-3.223047
-3.219800
-3.216553
-3.213306
-3.210058
-3.206811
-3.203563
-3.200316
-3.197069
-3.193821
-3.190574
-3.187326
-3.184078
-3.180831
-3.177583
-3.174336
-3.171088
-3.167840
-3.164592
-3.161345
-3.158097
-3.154849
-3.151601
-3.148353
-3.145105
-3.141857
-3.138609
-3.135361
-3.132113
-3.128865
-3.125616
-3.122368
-3.119120
-3.115872
-3.112623
-3.109375
-3.106127
-3.102878
-3.099630
-3.096381
-3.093133
-3.089884
-3.086636
-3.083387
-3.080139
-3.076890
-3.073641
-3.070393
-3.067144
-3.063895
-3.060646
-3.057397
-3.054149
-3.050900
-3.047651
-3.044402
-3.041153
-3.037904
-3.034655
-3.031406
-3.028156
-3.024907
-3.021658
-3.018409
-3.015160
-3.011910
-3.008661
-3.005412
-3.002162
-2.998913
-2.995663
-2.992414
-2.989164
-2.985915
-2.982665
-2.979416
-2.976166
-2.972916
-2.969667
-2.966417
-2.963167
-2.959918
-2.956668
-2.953418
-2.950168
-2.946918
-2.943668
-2.940418
-2.937168
-2.933918
-2.930668
-2.927418
-2.924168
-2.920918
-2.917668
-2.914417
-2.911167
-2.907917
-2.904667
-2.901416
-2.898166
-2.894916
-2.891665
-2.888415
-2.885164
-2.881914
-2.878663
-2.875413
-2.872162
-2.868911
-2.865661
-2.862410
-2.859159
-2.855909
-2.852658
-2.849407
-2.846156
-2.842905
-2.839654
-2.836404
-2.833153
-2.829902
-2.826651
-2.823400
-2.820148
-2.816897
-2.813646
-2.810395
-2.807144
-2.803893
-2.800641
-2.797390
-2.794139
-2.790888
-2.787636
-2.784385
-2.781133
-2.777882
-2.774631
-2.771379
-2.768128
-2.764876
-2.761624
-2.758373
-2.755121
-2.751869
-2.748618
-2.745366
-2.742114
-2.738862
-2.735611
-2.732359
-2.729107
-2.725855
-2.722603
-2.719351
-2.716099
-2.712847
-2.709595
-2.706343
-2.703091
-2.699839
-2.696587
-2.693335
-2.690082
-2.686830
-2.683578
-2.680326
-2.677073
-2.673821
-2.670569
-2.667316
-2.664064
-2.660811
-2.657559
-2.654306
-2.651054
-2.647801
-2.644549
-2.641296
-2.638043
-2.634791
-2.631538
-2.628285
-2.625032
-2.621780
-2.618527
-2.615274
-2.612021
-2.608768
-2.605515
-2.602262
-2.599009
-2.595756
-2.592503
-2.589250
-2.585997
-2.582744
-2.579491
-2.576238
-2.572985
-2.569732
-2.566478
-2.563225
-2.559972
-2.556718
-2.553465
-2.550212
-2.546958
-2.543705
-2.540451
-2.537198
-2.533944
-2.530691
-2.527437
-2.524184
-2.520930
-2.517677
-2.514423
-2.511169
-2.507916
-2.504662
-2.501408
-2.498154
-2.494900
-2.491647
-2.488393
-2.485139
-2.481885
-2.478631
-2.475377
-2.472123
-2.468869
-2.465615
-2.462361
-2.459107
-2.455853
-2.452599
-2.449344
-2.446090
-2.442836
-2.439582
-2.436328
-2.433073
-2.429819
-2.426565
-2.423310
-2.420056
-2.416801
-2.413547
-2.410293
-2.407038
-2.403783
-2.400529
-2.397274
-2.394020
-2.390765
-2.387511
-2.384256
-2.381001
-2.377746
-2.374492
-2.371237
-2.367982
-2.364727
-2.361473
-2.358218
-2.354963
-2.351708
-2.348453
-2.345198
-2.341943
-2.338688
-2.335433
-2.332178
-2.328923
-2.325668
-2.322413
-2.319157
-2.315902
-2.312647
-2.309392
-2.306137
-2.302881
-2.299626
-2.296371
-2.293115
-2.289860
-2.286605
-2.283349
-2.280094
-2.276838
-2.273583
-2.270327
-2.267072
-2.263816
-2.260561
-2.257305
-2.254050
-2.250794
-2.247538
-2.244283
-2.241027
-2.237771
-2.234515
-2.231260
-2.228004
-2.224748
-2.221492
-2.218236
-2.214980
-2.211724
-2.208468
-2.205213
-2.201957
-2.198701
-2.195444
-2.192188
-2.188932
-2.185676
-2.182420
-2.179164
-2.175908
-2.172652
-2.169395
-2.166139
-2.162883
-2.159627
-2.156370
-2.153114
-2.149858
-2.146601
-2.143345
-2.140089
-2.136832
-2.133576
-2.130319
-2.127063
-2.123806
-2.120550
-2.117293
-2.114036
-2.110780
-2.107523
-2.104267
-2.101010
-2.097753
-2.094497
-2.091240
-2.087983
-2.084726
-2.081469
-2.078213
-2.074956
-2.071699
-2.068442
-2.065185
-2.061928
-2.058671
-2.055414
-2.052157
-2.048900
-2.045643
-2.042386
-2.039129
-2.035872
-2.032615
-2.029358
-2.026101
-2.022843
-2.019586
-2.016329
-2.013072
-2.009814
-2.006557
-2.003300
-2.000043
-1.996785
-1.993528
-1.990270
-1.987013
-1.983756
-1.980498
-1.977241
-1.973983
-1.970726
-1.967468
-1.964211
-1.960953
-1.957696
-1.954438
-1.951180
-1.947923
-1.944665
-1.941407
-1.938150
-1.934892
-1.931634
-1.928376
-1.925119
-1.921861
-1.918603
-1.915345
-1.912087
-1.908829
-1.905571
-1.902313
-1.899056
-1.895798
-1.892540
-1.889282
-1.886024
-1.882766
-1.879507
-1.876249
-1.872991
-1.869733
-1.866475
-1.863217
-1.859959
-1.856701
-1.853442
-1.850184
-1.846926
-1.843668
-1.840409
-1.837151
-1.833893
-1.830634
-1.827376
-1.824118
-1.820859
-1.817601
-1.814342
-1.811084
-1.807825
-1.804567
-1.801308
-1.798050
-1.794791
-1.791533
-1.788274
-1.785016
-1.781757
-1.778498
-1.775240
-1.771981
-1.768722
-1.765464
-1.762205
-1.758946
-1.755687
-1.752428
-1.749170
-1.745911
-1.742652
-1.739393
-1.736134
-1.732875
-1.729616
-1.726358
-1.723099
-1.719840
-1.716581
-1.713322
-1.710063
-1.706804
-1.703545
-1.700285
-1.697026
-1.693767
-1.690508
-1.687249
-1.683990
-1.680731
-1.677472
-1.674212
-1.670953
-1.667694
-1.664435
-1.661175
-1.657916
-1.654657
-1.651397
-1.648138
-1.644879
-1.641619
-1.638360
-1.635101
-1.631841
-1.628582
-1.625322
-1.622063
-1.618803
-1.615544
-1.612284
-1.609025
-1.605765
-1.602505
-1.599246
-1.595986
-1.592727
-1.589467
-1.586207
-1.582948
-1.579688
-1.576428
-1.573169
-1.569909
-1.566649
-1.563389
-1.560130
-1.556870
-1.553610
-1.550350
-1.547090
-1.543830
-1.540570
-1.537311
-1.534051
-1.530791
-1.527531
-1.524271
-1.521011
-1.517751
-1.514491
-1.511231
-1.507971
-1.504711
-1.501451
-1.498191
-1.494931
-1.491670
-1.488410
-1.485150
-1.481890
-1.478630
-1.475370
-1.472109
-1.468849
-1.465589
-1.462329
-1.459068
-1.455808
-1.452548
-1.449288
-1.446027
-1.442767
-1.439507
-1.436246
-1.432986
-1.429725
-1.426465
-1.423205
-1.419944
-1.416684
-1.413423
-1.410163
-1.406902
-1.403642
-1.400381
-1.397121
-1.393860
-1.390599
-1.387339
-1.384078
-1.380818
-1.377557
-1.374296
-1.371036
-1.367775
-1.364514
-1.361254
-1.357993
-1.354732
-1.351472
-1.348211
-1.344950
-1.341689
-1.338428
-1.335168
-1.331907
-1.328646
-1.325385
-1.322124
-1.318863
-1.315602
-1.312342
-1.309081
-1.305820
-1.302559
-1.299298
-1.296037
-1.292776
-1.289515
-1.286254
-1.282993
-1.279732
-1.276471
-1.273210
-1.269949
-1.266688
-1.263426
-1.260165
-1.256904
-1.253643
-1.250382
-1.247121
-1.243860
-1.240598
-1.237337
-1.234076
-1.230815
-1.227553
-1.224292
-1.221031
-1.217770
-1.214508
-1.211247
-1.207986
-1.204724
-1.201463
-1.198202
-1.194940
-1.191679
-1.188418
-1.185156
-1.181895
-1.178633
-1.175372
-1.172111
-1.168849
-1.165588
-1.162326
-1.159065
-1.155803
-1.152542
-1.149280
-1.146018
-1.142757
-1.139495
-1.136234
-1.132972
-1.129711
-1.126449
-1.123187
-1.119926
-1.116664
-1.113402
-1.110141
-1.106879
-1.103617
-1.100356
-1.097094
-1.093832
-1.090570
-1.087309
-1.084047
-1.080785
-1.077523
-1.074262
-1.071000
-1.067738
-1.064476
-1.061214
-1.057952
-1.054691
-1.051429
-1.048167
-1.044905
-1.041643
-1.038381
-1.035119
-1.031857
-1.028595
-1.025333
-1.022071
-1.018809
-1.015547
-1.012285
-1.009023
-1.005761
-1.002499
-0.999237
-0.995975
-0.992713
-0.989451
-0.986189
-0.982927
-0.979665
-0.976403
-0.973141
-0.969879
-0.966616
-0.963354
-0.960092
-0.956830
-0.953568
-0.950306
-0.947043
-0.943781
-0.940519
-0.937257
-0.933995
-0.930732
-0.927470
-0.924208
-0.920945
-0.917683
-0.914421
-0.911159
-0.907896
-0.904634
-0.901372
-0.898109
-0.894847
-0.891585
-0.888322
-0.885060
-0.881797
-0.878535
-0.875273
-0.872010
-0.868748
-0.865485
-0.862223
-0.858961
-0.855698
-0.852436
-0.849173
-0.845911
-0.842648
-0.839386
-0.836123
-0.832861
-0.829598
-0.826336
-0.823073
-0.819810
-0.816548
-0.813285
-0.810023
-0.806760
-0.803498
-0.800235
-0.796972
-0.793710
-0.790447
-0.787184
-0.783922
-0.780659
-0.777397
-0.774134
-0.770871
-0.767609
-0.764346
-0.761083
-0.757820
-0.754558
-0.751295
-0.748032
-0.744770
-0.741507
-0.738244
-0.734981
-0.731719
-0.728456
-0.725193
-0.721930
-0.718667
-0.715405
-0.712142
-0.708879
-0.705616
-0.702353
-0.699090
-0.695828
-0.692565
-0.689302
-0.686039
-0.682776
-0.679513
-0.676250
-0.672987
-0.669725
-0.666462
-0.663199
-0.659936
-0.656673
-0.653410
-0.650147
-0.646884
-0.643621
-0.640358
-0.637095
-0.633832
-0.630569
-0.627306
-0.624043
-0.620780
-0.617517
-0.614254
-0.610991
-0.607728
-0.604465
-0.601202
-0.597939
-0.594676
-0.591413
-0.588150
-0.584887
-0.581624
-0.578361
-0.575097
-0.571834
-0.568571
-0.565308
-0.562045
-0.558782
-0.555519
-0.552256
-0.548993
-0.545729
-0.542466
-0.539203
-0.535940
-0.532677
-0.529414
-0.526150
-0.522887
-0.519624
-0.516361
-0.513098
-0.509834
-0.506571
-0.503308
-0.500045
-0.496782
-0.493518
-0.490255
-0.486992
-0.483729
-0.480465
-0.477202
-0.473939
-0.470676
-0.467412
-0.464149
-0.460886
-0.457623
-0.454359
-0.451096
-0.447833
-0.444569
-0.441306
-0.438043
-0.434779
-0.431516
-0.428253
-0.424989
-0.421726
-0.418463
-0.415199
-0.411936
-0.408673
-0.405409
-0.402146
-0.398883
-0.395619
-0.392356
-0.389092
-0.385829
-0.382566
-0.379302
-0.376039
-0.372776
-0.369512
-0.366249
-0.362985
-0.359722
-0.356459
-0.353195
-0.349932
-0.346668
-0.343405
-0.340141
-0.336878
-0.333614
-0.330351
-0.327088
-0.323824
-0.320561
-0.317297
-0.314034
-0.310770
-0.307507
-0.304243
-0.300980
-0.297716
-0.294453
-0.291189
-0.287926
-0.284662
-0.281399
-0.278135
-0.274872
-0.271608
-0.268345
-0.265081
-0.261818
-0.258554
-0.255291
-0.252027
-0.248764
-0.245500
-0.242237
-0.238973
-0.235710
-0.232446
-0.229183
-0.225919
-0.222656
-0.219392
-0.216128
-0.212865
-0.209601
-0.206338
-0.203074
-0.199811
-0.196547
-0.193284
-0.190020
-0.186756
-0.183493
-0.180229
-0.176966
-0.173702
-0.170439
-0.167175
-0.163911
-0.160648
-0.157384
-0.154121
-0.150857
-0.147593
-0.144330
-0.141066
-0.137803
-0.134539
-0.131275
-0.128012
-0.124748
-0.121485
-0.118221
-0.114957
-0.111694
-0.108430
-0.105167
-0.101903
-0.098639
-0.095376
-0.092112
-0.088849
-0.085585
-0.082321
-0.079058
-0.075794
-0.072530
-0.069267
-0.066003
-0.062740
-0.059476
-0.056212
-0.052949
-0.049685
-0.046421
-0.043158
-0.039894
-0.036630
-0.033367
-0.030103
-0.026840
-0.023576
-0.020312
-0.017049
-0.013785
-0.010521
-0.007258
-0.003994
-0.000731
0.002533
0.005797
0.009060
0.012324
0.015588
0.018851
0.022115
0.025379
0.028642
0.031906
0.035169
0.038433
0.041697
0.044960
0.048224
0.051488
0.054751
0.058015
0.061279
0.064542
0.067806
0.071069
0.074333
0.077597
0.080860
0.084124
0.087388
0.090651
0.093915
0.097179
0.100442
0.103706
0.106969
0.110233
0.113497
0.116760
0.120024
0.123288
0.126551
0.129815
0.133078
0.136342
0.139606
0.142869
0.146133
0.149396
0.152660
0.155924
0.159187
0.162451
0.165715
0.168978
0.172242
0.175505
0.178769
0.182033
0.185296
0.188560
0.191823
0.195087
0.198351
0.201614
0.204878
0.208141
0.211405
0.214668
0.217932
0.221196
0.224459
0.227723
0.230986
0.234250
0.237513
0.240777
0.244041
0.247304
0.250568
0.253831
0.257095
0.260358
0.263622
0.266886
0.270149
0.273413
0.276676
0.279940
0.283203
0.286467
0.289730
0.292994
0.296257
0.299521
0.302784
0.306048
0.309311
0.312575
0.315838
0.319102
0.322365
0.325629
0.328892
0.332156
0.335419
0.338683
0.341946
0.345210
0.348473
0.351737
0.355000
0.358264
0.361527
0.364791
0.368054
0.371318
0.374581
0.377845
0.381108
0.384371
0.387635
0.390898
0.394162
0.397425
0.400689
0.403952
0.407215
0.410479
0.413742
0.417006
0.420269
0.423532
0.426796
0.430059
0.433323
0.436586
0.439849
0.443113
0.446376
0.449640
0.452903
0.456166
0.459430
0.462693
0.465956
0.469220
0.472483
0.475746
0.479010
0.482273
0.485536
0.488800
0.492063
0.495326
0.498589
0.501853
0.505116
0.508379
0.511643
0.514906
0.518169
0.521432
0.524696
0.527959
0.531222
0.534485
0.537749
0.541012
0.544275
0.547538
0.550802
0.554065
0.557328
0.560591
0.563854
0.567118
0.570381
0.573644
0.576907
0.580170
0.583434
0.586697
0.589960
0.593223
0.596486
0.599749
0.603012
0.606276
0.609539
0.612802
0.616065
0.619328
0.622591
0.625854
0.629117
0.632380
0.635644
0.638907
0.642170
0.645433
0.648696
0.651959
0.655222
0.658485
0.661748
0.665011
0.668274
0.671537
0.674800
0.678063
0.681326
0.684589
0.687852
0.691115
0.694378
0.697641
0.700904
0.704167
0.707430
0.710693
0.713956
0.717218
0.720481
0.723744
0.727007
0.730270
0.733533
0.736796
0.740059
0.743322
0.746584
0.749847
0.753110
0.756373
0.759636
0.762899
0.766161
0.769424
0.772687
0.775950
0.779213
0.782475
0.785738
0.789001
0.792264
0.795526
0.798789
0.802052
0.805315
0.808577
0.811840
0.815103
0.818365
0.821628
0.824891
0.828153
0.831416
0.834679
0.837941
0.841204
0.844467
0.847729
0.850992
0.854255
0.857517
0.860780
0.864042
0.867305
0.870567
0.873830
0.877093
0.880355
0.883618
0.886880
0.890143
0.893405
0.896668
0.899930
0.903193
0.906455
0.909718
0.912980
0.916243
0.919505
0.922767
0.926030
0.929292
0.932555
0.935817
0.939079
0.942342
0.945604
0.948867
0.952129
0.955391
0.958654
0.961916
