4.840097
4.842867
4.845637
4.848406
4.851176
4.853945
4.856715
4.859484
4.862253
4.865023
4.867792
4.870561
4.873330
4.876099
4.878867
4.881636
4.884405
4.887173
4.889942
4.892710
4.895479
4.898247
4.901015
4.903783
4.906551
4.909319
4.912087
4.914855
4.917622
4.920390
4.923157
4.925925
4.928692
4.931459
4.934227
4.936994
4.939761
4.942528
4.945295
4.948061
4.950828
4.953595
4.956361
4.959128
4.961894
4.964661
4.967427
4.970193
4.972959
4.975725
4.978491
4.981257
4.984023
4.986788
4.989554
4.992319
4.995085
4.997850
5.000615
5.003381
5.006146
5.008911
5.011676
5.014441
5.017205
5.019970
5.022735
5.025499
5.028264
5.031028
5.033792
5.036556
5.039321
5.042085
5.044849
5.047612
5.050376
5.053140
5.055903
5.058667
5.061430
5.064194
5.066957
5.069720
5.072483
5.075247
5.078009
5.080772
5.083535
5.086298
5.089061
5.091823
5.094586
5.097348
5.100110
5.102872
5.105635
5.108397
5.111159
5.113920
5.116682
5.119444
5.122206
5.124967
5.127729
5.130490
5.133251
5.136012
5.138773
5.141535
5.144295
5.147056
5.149817
5.152578
5.155338
5.158099
5.160859
5.163620
5.166380
5.169140
5.171900
5.174660
5.177420
5.180180
5.182940
5.185700
5.188459
5.191219
5.193978
5.196737
5.199497
5.202256
5.205015
5.207774
5.210533
5.213292
5.216050
5.218809
5.221568
5.224326
5.227084
5.229843
5.232601
5.235359
5.238117
5.240875
5.243633
5.246391
5.249148
5.251906
5.254664
5.257421
5.260178
5.262936
5.265693
5.268450
5.271207
5.273964
5.276721
5.279477
5.282234
5.284991
5.287747
5.290504
5.293260
5.296016
5.298772
5.301528
5.304284
5.307040
5.309796
5.312552
5.315307
5.318063
5.320818
5.323573
5.326329
5.329084
5.331839
5.334594
5.337349
5.340104
5.342858
5.345613
5.348368
5.351122
5.353876
5.356631
5.359385
5.362139
5.364893
5.367647
5.370401
5.373155
5.375908
5.378662
5.381415
5.384169
5.386922
5.389675
5.392428
5.395181
5.397934
5.400687
5.403440
5.406193
5.408945
5.411698
5.414450
5.417202
5.419955
5.422707
5.425459
5.428211
5.430963
5.433714
5.436466
5.439218
5.441969
5.444721
5.447472
5.450223
5.452974
5.455725
5.458476
5.461227
5.463978
5.466729
5.469479
5.472230
5.474980
5.477730
5.480481
5.483231
5.485981
5.488731
5.491481
5.494230
5.496980
5.499730
5.502479
5.505229
5.507978
5.510727
5.513476
5.516225
5.518974
5.521723
5.524472
5.527221
5.529969
5.532718
5.535466
5.538214
5.540963
5.543711
5.546459
5.549207
5.551954
5.554702
5.557450
5.560197
5.562945
5.565692
5.568440
5.571187
5.573934
5.576681
5.579428
5.582175
5.584921
5.587668
5.590414
5.593161
5.595907
5.598653
5.601400
5.604146
5.606892
5.609638
5.612383
5.615129
5.617875
5.620620
5.623366
5.626111
5.628856
5.631601
5.634346
5.637091
5.639836
5.642581
5.645325
5.648070
5.650814
5.653559
5.656303
5.659047
5.661791
5.664535
5.667279
5.670023
5.672767
5.675510
5.678254
5.680997
5.683740
5.686484
5.689227
5.691970
5.694713
5.697456
5.700198
5.702941
5.705684
5.708426
5.711168
5.713911
5.716653
5.719395
5.722137
5.724879
5.727620
5.730362
5.733104
5.735845
5.738587
5.741328
5.744069
5.746810
5.749551
5.752292
5.755033
5.757774
5.760514
5.763255
5.765995
5.768736
5.771476
5.774216
5.776956
5.779696
5.782436
5.785175
5.787915
5.790655
5.793394
5.796133
5.798873
5.801612
5.804351
5.807090
5.809829
5.812567
5.815306
5.818045
5.820783
5.823522
5.826260
5.828998
5.831736
5.834474
5.837212
5.839950
5.842687
5.845425
5.848162
5.850900
5.853637
5.856374
5.859111
5.861848
5.864585
5.867322
5.870059
5.872795
5.875532
5.878268
5.881004
5.883741
5.886477
5.889213
5.891948
5.894684
5.897420
5.900156
5.902891
5.905626
5.908362
5.911097
5.913832
5.916567
5.919302
5.922037
5.924771
5.927506
5.930240
5.932975
5.935709
5.938443
5.941177
5.943911
5.946645
5.949379
5.952112
5.954846
5.957580
5.960313
5.963046
5.965779
5.968512
5.971245
5.973978
5.976711
5.979444
5.982176
5.984909
5.987641
5.990373
5.993105
5.995837
5.998569
6.001301
6.004033
6.006764
6.009496
6.012227
6.014959
6.017690
6.020421
6.023152
6.025883
6.028614
6.031345
6.034075
6.036806
6.039536
6.042266
6.044996
6.047727
6.050457
6.053186
6.055916
6.058646
6.061375
6.064105
6.066834
6.069564
6.072293
6.075022
6.077751
6.080479
6.083208
6.085937
6.088665
6.091394
6.094122
6.096850
6.099578
6.102306
6.105034
6.107762
6.110490
6.113217
6.115945
6.118672
6.121400
6.124127
6.126854
6.129581
6.132308
6.135034
6.137761
6.140487
6.143214
6.145940
6.148666
6.151393
6.154119
6.156844
6.159570
6.162296
6.165021
6.167747
6.170472
6.173198
6.175923
6.178648
6.181373
6.184098
6.186822
6.189547
6.192271
6.194996
6.197720
6.200444
6.203168
6.205892
6.208616
6.211340
6.214064
6.216787
6.219511
6.222234
6.224957
6.227680
6.230403
6.233126
6.235849
6.238572
6.241294
6.244017
6.246739
6.249462
6.252184
6.254906
6.257628
6.260350
6.263071
6.265793
6.268514
6.271236
6.273957
6.276678
6.279399
6.282120
6.284841
6.287562
6.290283
6.293003
6.295724
6.298444
6.301164
6.303884
6.306604
6.309324
6.312044
6.314763
6.317483
6.320202
6.322922
6.325641
6.328360
6.331079
6.333798
6.336517
6.339235
6.341954
6.344672
6.347391
6.350109
6.352827
6.355545
6.358263
6.360981
6.363698
6.366416
6.369134
6.371851
6.374568
6.377285
6.380002
6.382719
6.385436
6.388153
6.390869
6.393586
6.396302
6.399018
6.401734
6.404450
6.407166
6.409882
6.412598
6.415313
6.418029
6.420744
6.423459
6.426174
6.428889
6.431604
6.434319
6.437034
6.439748
6.442463
6.445177
6.447891
6.450606
6.453320
6.456033
6.458747
6.461461
6.464174
6.466888
6.469601
6.472314
6.475027
6.477740
6.480453
6.483166
6.485879
6.488591
6.491304
6.494016
6.496728
6.499440
6.502152
6.504864
6.507576
6.510287
6.512999
6.515710
6.518422
6.521133
6.523844
6.526555
6.529266
6.531976
6.534687
6.537397
6.540108
6.542818
6.545528
6.548238
6.550948
6.553658
6.556368
6.559077
6.561787
6.564496
6.567205
6.569914
6.572623
6.575332
6.578041
6.580749
6.583458
6.586166
6.588875
6.591583
6.594291
6.596999
6.599707
6.602414
6.605122
6.607830
6.610537
6.613244
6.615951
6.618658
6.621365
6.624072
6.626779
6.629485
6.632192
6.634898
6.637604
6.640310
6.643016
6.645722
6.648428
6.651133
6.653839
6.656544
6.659250
6.661955
6.664660
6.667365
6.670069
6.672774
6.675479
6.678183
6.680887
6.683592
6.686296
6.689000
6.691704
6.694407
6.697111
6.699814
6.702518
6.705221
6.707924
6.710627
6.713330
6.716033
6.718736
6.721438
6.724141
6.726843
6.729545
6.732247
6.734949
6.737651
6.740353
6.743054
6.745756
6.748457
6.751158
6.753860
6.756561
6.759261
6.761962
6.764663
6.767363
6.770064
6.772764
6.775464
6.778164
6.780864
6.783564
6.786264
6.788963
6.791663
6.794362
6.797061
6.799760
6.802459
6.805158
6.807857
6.810556
6.813254
6.815952
6.818651
6.821349
6.824047
6.826745
6.829442
6.832140
6.834837
6.837535
6.840232
6.842929
6.845626
6.848323
6.851020
6.853717
6.856413
6.859110
6.861806
6.864502
6.867198
6.869894
6.872590
6.875286
6.877981
6.880677
6.883372
6.886067
6.888762
6.891457
6.894152
6.896847
6.899541
6.902236
6.904930
6.907624
6.910318
6.913012
6.915706
6.918400
6.921093
6.923787
6.926480
6.929173
6.931867
6.934559
6.937252
6.939945
6.942638
6.945330
6.948023
6.950715
6.953407
6.956099
6.958791
6.961482
6.964174
6.966866
6.969557
6.972248
6.974939
6.977630
6.980321
6.983012
6.985702
6.988393
6.991083
6.993774
6.996464
6.999154
7.001843
7.004533
7.007223
7.009912
7.012602
7.015291
7.017980
7.020669
7.023358
7.026047
7.028735
7.031424
7.034112
7.036800
7.039488
7.042176
7.044864
7.047552
7.050239
7.052927
7.055614
7.058302
7.060989
7.063676
7.066362
7.069049
7.071736
7.074422
7.077108
7.079795
7.082481
7.085167
7.087852
7.090538
7.093224
7.095909
7.098594
7.101280
7.103965
7.106650
7.109334
7.112019
7.114704
7.117388
7.120072
7.122756
7.125440
7.128124
7.130808
7.133492
7.136175
7.138859
7.141542
7.144225
7.146908
7.149591
7.152274
7.154956
7.157639
7.160321
7.163003
7.165685
7.168367
7.171049
7.173731
7.176412
7.179094
7.181775
7.184456
7.187137
7.189818
7.192499
7.195180
7.197860
7.200541
7.203221
7.205901
7.208581
7.211261
7.213941
7.216620
7.219300
7.221979
7.224659
7.227338
7.230017
7.232695
7.235374
7.238053
7.240731
7.243410
7.246088
7.248766
7.251444
7.254121
7.256799
7.259477
7.262154
7.264831
7.267508
7.270185
7.272862
7.275539
7.278216
7.280892
7.283568
7.286245
7.288921
7.291597
7.294272
7.296948
7.299624
7.302299
7.304974
7.307649
7.310324
7.312999
7.315674
7.318349
7.321023
7.323698
7.326372
7.329046
7.331720
7.334394
7.337067
7.339741
7.342414
7.345087
7.347761
7.350434
7.353106
7.355779
7.358452
7.361124
7.363797
7.366469
7.369141
7.371813
7.374485
7.377156
7.379828
7.382499
7.385170
7.387842
7.390513
7.393183
7.395854
7.398525
7.401195
7.403866
7.406536
7.409206
7.411876
7.414545
7.417215
7.419885
7.422554
7.425223
7.427892
7.430561
7.433230
7.435899
7.438567
7.441236
7.443904
7.446572
7.449240
7.451908
7.454576
7.457243
7.459911
7.462578
7.465245
7.467912
7.470579
7.473246
7.475913
7.478579
7.481246
7.483912
7.486578
7.489244
7.491910
7.494575
7.497241
7.499906
7.502572
7.505237
7.507902
7.510566
7.513231
7.515896
7.518560
7.521225
7.523889
7.526553
7.529217
7.531880
7.534544
7.537207
7.539871
7.542534
7.545197
7.547860
7.550523
7.553185
7.555848
7.558510
7.561172
7.563834
7.566496
7.569158
7.571820
7.574481
7.577143
7.579804
7.582465
7.585126
7.587787
7.590448
7.593108
7.595768
7.598429
7.601089
7.603749
7.606409
7.609068
7.611728
7.614387
7.617047
7.619706
7.622365
7.625024
7.627682
7.630341
7.632999
7.635658
7.638316
7.640974
7.643632
7.646289
7.648947
7.651604
7.654262
7.656919
7.659576
7.662233
7.664889
7.667546
7.670203
7.672859
7.675515
7.678171
7.680827
7.683483
7.686138
7.688794
7.691449
7.694104
7.696759
7.699414
7.702069
7.704723
7.707378
7.710032
7.712686
7.715340
7.717994
7.720648
7.723302
7.725955
7.728608
7.731261
7.733914
7.736567
7.739220
7.741873
7.744525
7.747177
7.749830
7.752482
7.755133
7.757785
7.760437
7.763088
7.765740
7.768391
7.771042
7.773693
7.776343
7.778994
7.781644
7.784294
7.786945
7.789595
7.792244
7.794894
7.797544
7.800193
7.802842
7.805491
7.808140
7.810789
7.813438
7.816086
7.818735
7.821383
7.824031
7.826679
7.829327
7.831975
7.834622
7.837269
7.839917
7.842564
7.845211
7.847857
7.850504
7.853151
7.855797
7.858443
7.861089
7.863735
7.866381
7.869026
7.871672
7.874317
7.876962
7.879607
7.882252
7.884897
7.887541
7.890186
7.892830
7.895474
7.898118
7.900762
7.903406
7.906049
7.908693
7.911336
7.913979
7.916622
7.919265
7.921907
7.924550
7.927192
7.929834
7.932476
7.935118
7.937760
7.940402
7.943043
7.945684
7.948326
7.950967
7.953607
7.956248
7.958889
7.961529
7.964169
7.966809
7.969449
7.972089
7.974729
7.977368
7.980008
7.982647
7.985286
7.987925
7.990564
7.993202
7.995841
7.998479
8.001117
8.003755
8.006393
8.009031
8.011668
8.014306
8.016943
8.019580
8.022217
8.024854
8.027490
8.030127
8.032763
8.035399
8.038035
8.040671
8.043307
8.045943
8.048578
8.051213
8.053848
8.056483
8.059118
8.061753
8.064387
8.067022
8.069656
8.072290
8.074924
8.077558
8.080191
8.082825
8.085458
8.088091
8.090724
8.093357
8.095990
8.098622
8.101254
8.103887
8.106519
8.109151
8.111782
8.114414
8.117045
8.119677
8.122308
8.124939
8.127570
8.130200
8.132831
8.135461
8.138091
8.140721
8.143351
8.145981
8.148611
8.151240
8.153869
8.156499
8.159128
8.161756
8.164385
8.167014
8.169642
8.172270
8.174898
8.177526
8.180154
8.182781
8.185409
8.188036
8.190663
8.193290
8.195917
8.198544
8.201170
8.203796
8.206423
8.209049
8.211674
8.214300
8.216926
8.219551
8.222176
8.224801
8.227426
8.230051
8.232676
8.235300
8.237924
8.240549
8.243173
8.245796
8.248420
8.251044
8.253667
8.256290
8.258913
8.261536
8.264159
8.266781
8.269404
8.272026
8.274648
8.277270
8.279892
8.282513
8.285135
8.287756
8.290377
8.292998
8.295619
8.298240
8.300860
8.303480
8.306101
8.308721
8.311340
8.313960
8.316580
8.319199
8.321818
8.324437
8.327056
8.329675
8.332294
8.334912
8.337530
8.340148
8.342766
8.345384
8.348002
8.350619
8.353237
8.355854
8.358471
8.361088
8.363704
8.366321
8.368937
8.371553
8.374169
8.376785
8.379401
8.382016
8.384632
8.387247
8.389862
8.392477
8.395092
8.397706
8.400321
8.402935
8.405549
8.408163
8.410777
8.413390
8.416004
8.418617
8.421230
8.423843
8.426456
8.429068
8.431681
8.434293
8.436905
8.439517
8.442129
8.444741
8.447352
8.449964
8.452575
8.455186
8.457797
8.460407
8.463018
8.465628
8.468238
8.470848
8.473458
8.476068
8.478677
8.481287
8.483896
8.486505
8.489114
8.491722
8.494331
8.496939
8.499548
8.502156
8.504763
8.507371
8.509979
8.512586
8.515193
8.517800
8.520407
8.523014
8.525621
8.528227
8.530833
8.533439
8.536045
8.538651
8.541257
8.543862
8.546467
8.549072
8.551677
8.554282
8.556886
8.559491
8.562095
8.564699
8.567303
8.569907
8.572510
8.575114
8.577717
8.580320
8.582923
8.585526
8.588128
8.590731
8.593333
8.595935
8.598537
8.601139
8.603740
8.606342
8.608943
8.611544
8.614145
8.616746
8.619346
8.621947
8.624547
8.627147
8.629747
8.632347
8.634946
8.637545
8.640145
8.642744
8.645343
8.647941
8.650540
8.653138
8.655736
8.658334
8.660932
8.663530
8.666128
8.668725
8.671322
8.673919
8.676516
8.679113
8.681709
8.684306
8.686902
8.689498
8.692094
8.694689
8.697285
8.699880
8.702475
8.705070
8.707665
8.710260
8.712854
8.715448
8.718043
8.720637
8.723230
8.725824
8.728417
8.731011
8.733604
8.736197
8.738789
8.741382
8.743974
8.746567
8.749159
8.751751
8.754342
8.756934
8.759525
8.762117
8.764708
8.767299
8.769889
8.772480
8.775070
8.777660
8.780250
8.782840
8.785430
8.788019
8.790609
8.793198
8.795787
8.798376
8.800964
8.803553
8.806141
8.808729
8.811317
8.813905
8.816492
8.819080
8.821667
8.824254
8.826841
8.829428
8.832014
8.834601
8.837187
8.839773
8.842359
8.844944
8.847530
8.850115
8.852700
8.855285
8.857870
8.860455
8.863039
8.865623
8.868208
8.870791
8.873375
8.875959
8.878542
8.881125
8.883709
8.886291
8.888874
8.891457
8.894039
8.896621
8.899203
8.901785
8.904367
8.906948
8.909529
8.912110
8.914691
8.917272
8.919853
8.922433
8.925013
8.927593
8.930173
8.932753
8.935333
8.937912
8.940491
8.943070
8.945649
8.948227
8.950806
8.953384
8.955962
8.958540
8.961118
8.963696
8.966273
8.968850
8.971427
8.974004
8.976581
8.979157
8.981734
8.984310
8.986886
8.989461
8.992037
8.994612
8.997188
8.999763
9.002338
9.004912
9.007487
9.010061
9.012635
9.015209
9.017783
9.020357
9.022930
9.025504
9.028077
9.030650
9.033222
9.035795
9.038367
9.040940
9.043512
9.046083
9.048655
9.051227
9.053798
9.056369
9.058940
9.061511
9.064081
9.066652
9.069222
9.071792
9.074362
9.076931
9.079501
9.082070
9.084639
9.087208
9.089777
9.092346
9.094914
9.097482
9.100050
9.102618
9.105186
9.107753
9.110320
9.112888
9.115454
9.118021
9.120588
9.123154
9.125720
9.128286
9.130852
9.133418
9.135983
9.138549
9.141114
9.143679
9.146243
9.148808
9.151372
9.153937
9.156501
9.159064
9.161628
9.164191
9.166755
9.169318
9.171881
9.174443
9.177006
9.179568
9.182131
9.184692
9.187254
9.189816
9.192377
9.194939
9.197500
9.200060
9.202621
9.205182
9.207742
9.210302
9.212862
9.215422
9.217981
9.220541
9.223100
9.225659
9.228218
9.230776
9.233335
9.235893
9.238451
9.241009
9.243567
9.246124
9.248682
9.251239
9.253796
9.256353
9.258909
9.261466
9.264022
9.266578
9.269134
9.271689
9.274245
9.276800
9.279355
9.281910
9.284465
9.287019
9.289574
9.292128
9.294682
9.297236
9.299789
9.302343
9.304896
9.307449
9.310002
9.312554
9.315107
9.317659
9.320211
9.322763
9.325315
9.327866
9.330418
9.332969
9.335520
9.338070
9.340621
9.343171
9.345722
9.348272
9.350821
9.353371
9.355920
9.358470
9.361019
9.363568
9.366116
9.368665
9.371213
9.373761
9.376309
9.378857
9.381404
9.383952
9.386499
9.389046
9.391593
9.394139
9.396685
9.399232
9.401778
9.404323
9.406869
9.409415
9.411960
9.414505
9.417050
9.419594
9.422139
9.424683
9.427227
9.429771
9.432315
9.434858
9.437402
9.439945
9.442488
9.445030
9.447573
9.450115
9.452657
9.455199
9.457741
9.460283
9.462824
9.465365
9.467906
9.470447
9.472988
9.475528
9.478068
9.480608
9.483148
9.485688
9.488227
9.490767
9.493306
9.495844
9.498383
9.500922
9.503460
9.505998
9.508536
9.511074
9.513611
9.516148
9.518685
9.521222
9.523759
9.526296
9.528832
9.531368
9.533904
9.536440
9.538975
9.541511
9.544046
9.546581
9.549116
9.551650
9.554184
9.556719
9.559253
9.561786
9.564320
9.566853
9.569387
9.571920
9.574452
9.576985
9.579517
9.582050
9.584582
9.587113
9.589645
9.592176
9.594708
9.597239
9.599770
9.602300
9.604831
9.607361
9.609891
9.612421
9.614950
9.617480
9.620009
9.622538
9.625067
9.627596
9.630124
9.632652
9.635180
9.637708
9.640236
9.642763
9.645291
9.647818
9.650345
9.652871
9.655398
9.657924
9.660450
9.662976
9.665501
9.668027
9.670552
9.673077
9.675602
9.678127
9.680651
9.683176
9.685700
9.688223
9.690747
9.693271
9.695794
9.698317
9.700840
9.703362
9.705885
9.708407
9.710929
9.713451
9.715973
9.718494
9.721015
9.723536
9.726057
9.728578
9.731098
9.733619
9.736139
9.738658
9.741178
9.743697
9.746217
9.748736
9.751255
9.753773
9.756292
9.758810
9.761328
9.763846
9.766363
9.768881
9.771398
9.773915
9.776432
9.778948
9.781465
9.783981
9.786497
9.789012
9.791528
9.794043
9.796559
9.799074
9.801588
9.804103
9.806617
9.809131
9.811645
9.814159
9.816673
9.819186
9.821699
9.824212
9.826725
9.829237
9.831749
9.834261
9.836773
9.839285
9.841796
9.844308
9.846819
9.849330
9.851840
9.854351
9.856861
9.859371
9.861881
9.864390
9.866900
9.869409
9.871918
9.874427
9.876935
9.879444
9.881952
9.884460
9.886968
9.889475
9.891983
9.894490
9.896997
9.899503
9.902010
9.904516
9.907022
9.909528
9.912034
9.914539
9.917045
9.919550
9.922055
9.924559
9.927064
9.929568
9.932072
9.934576
9.937079
9.939583
9.942086
9.944589
9.947092
9.949594
9.952097
9.954599
9.957101
9.959602
9.962104
9.964605
9.967106
9.969607
9.972108
9.974608
9.977109
9.979609
9.982108
9.984608
9.987107
9.989607
9.992106
9.994604
9.997103
9.999601
10.002100
10.004597
10.007095
10.009593
10.012090
10.014587
10.017084
10.019581
10.022077
10.024573
10.027069
10.029565
10.032061
10.034556
10.037051
10.039546
10.042041
10.044536
10.047030
10.049524
10.052018
10.054512
10.057005
10.059498
10.061992
10.064484
10.066977
10.069469
10.071962
10.074454
10.076945
10.079437
10.081928
10.084419
10.086910
10.089401
10.091892
10.094382
10.096872
10.099362
10.101851
10.104341
10.106830
10.109319
10.111808
10.114296
10.116785
10.119273
10.121761
10.124249
10.126736
10.129223
10.131710
10.134197
10.136684
10.139170
10.141656
10.144142
10.146628
10.149114
10.151599
10.154084
10.156569
10.159054
10.161538
10.164023
10.166507
10.168990
10.171474
10.173957
10.176441
10.178924
10.181406
10.183889
10.186371
10.188853
10.191335
10.193817
10.196298
10.198779
10.201260
10.203741
10.206222
10.208702
10.211182
10.213662
10.216142
10.218621
10.221100
10.223580
10.226058
10.228537
10.231015
10.233493
10.235971
10.238449
10.240927
10.243404
10.245881
10.248358
10.250834
10.253311
10.255787
10.258263
10.260739
10.263214
10.265690
10.268165
10.270640
10.273114
10.275589
10.278063
10.280537
10.283011
10.285484
10.287957
10.290431
10.292903
10.295376
10.297849
10.300321
10.302793
10.305265
10.307736
10.310207
10.312679
10.315149
10.317620
10.320091
10.322561
10.325031
10.327501
10.329970
10.332439
10.334909
10.337377
10.339846
10.342315
10.344783
10.347251
10.349719
10.352186
10.354653
10.357120
10.359587
10.362054
10.364520
10.366987
10.369453
10.371918
10.374384
10.376849
10.379314
10.381779
10.384244
10.386708
10.389173
10.391637
10.394100
10.396564
10.399027
10.401490
10.403953
10.406416
10.408878
10.411340
10.413802
10.416264
10.418725
10.421187
10.423648
10.426109
10.428569
10.431029
10.433490
10.435950
10.438409
10.440869
10.443328
10.445787
10.448246
10.450704
10.453163
10.455621
10.458079
10.460536
10.462994
10.465451
10.467908
10.470365
10.472821
10.475277
10.477733
10.480189
10.482645
10.485100
10.487555
10.490010
10.492465
10.494920
10.497374
10.499828
10.502282
10.504735
10.507188
10.509642
10.512094
10.514547
10.516999
10.519452
10.521904
10.524355
10.526807
10.529258
10.531709
10.534160
10.536610
10.539061
10.541511
10.543961
10.546410
10.548860
10.551309
10.553758
10.556207
10.558655
10.561104
10.563552
10.565999
10.568447
10.570894
10.573341
10.575788
10.578235
10.580681
10.583128
10.585574
10.588019
10.590465
10.592910
10.595355
10.597800
10.600245
10.602689
10.605133
10.607577
10.610021
10.612464
10.614907
10.617350
10.619793
10.622235
10.624678
10.627120
10.629561
10.632003
10.634444
10.636885
10.639326
10.641767
10.644207
10.646647
10.649087
10.651527
10.653966
10.656406
10.658844
10.661283
10.663722
10.666160
10.668598
10.671036
10.673473
10.675911
10.678348
10.680785
10.683221
10.685658
10.688094
10.690530
10.692966
10.695401
10.697836
10.700271
10.702706
10.705141
10.707575
10.710009
10.712443
10.714876
10.717310
10.719743
10.722175
10.724608
10.727041
10.729473
10.731905
10.734336
10.736768
10.739199
10.741630
10.744061
10.746491
10.748921
10.751351
10.753781
10.756211
10.758640
10.761069
10.763498
10.765926
10.768355
10.770783
10.773211
10.775638
10.778066
10.780493
10.782920
10.785347
10.787773
10.790199
10.792625
10.795051
10.797476
10.799902
10.802327
10.804751
10.807176
10.809600
10.812024
10.814448
10.816872
10.819295
10.821718
10.824141
10.826564
10.828986
10.831408
10.833830
10.836252
10.838673
10.841094
10.843515
10.845936
10.848356
10.850776
10.853196
10.855616
10.858036
10.860455
10.862874
10.865292
10.867711
10.870129
10.872547
10.874965
10.877383
10.879800
10.882217
10.884634
10.887050
10.889467
10.891883
10.894299
10.896714
10.899130
10.901545
10.903960
10.906374
10.908789
10.911203
10.913617
10.916030
10.918444
10.920857
10.923270
10.925682
10.928095
10.930507
10.932919
10.935331
10.937742
10.940153
10.942564
10.944975
10.947385
10.949796
10.952206
10.954615
10.957025
10.959434
10.961843
10.964252
10.966660
10.969069
10.971477
10.973884
10.976292
10.978699
10.981106
10.983513
10.985920
10.988326
10.990732
10.993138
10.995543
10.997949
11.000354
11.002758
11.005163
11.007567
11.009971
11.012375
11.014779
11.017182
11.019585
11.021988
11.024391
11.026793
11.029195
11.031597
11.033998
11.036400
11.038801
11.041202
11.043602
11.046003
11.048403
11.050803
11.053202
11.055602
11.058001
11.060400
11.062798
11.065196
11.067595
11.069992
11.072390
11.074787
11.077185
11.079581
11.081978
11.084374
11.086770
11.089166
11.091562
11.093957
11.096352
11.098747
11.101142
11.103536
11.105930
11.108324
11.110718
11.113111
11.115504
11.117897
11.120290
11.122682
11.125074
11.127466
11.129857
11.132249
11.134640
11.137031
11.139421
11.141812
11.144202
11.146591
11.148981
11.151370
11.153759
11.156148
11.158537
11.160925
11.163313
11.165701
11.168088
11.170476
11.172863
11.175249
11.177636
11.180022
11.182408
11.184794
11.187179
11.189565
11.191950
11.194334
11.196719
11.199103
11.201487
11.203871
11.206254
11.208638
11.211020
11.213403
11.215786
11.218168
11.220550
11.222931
11.225313
11.227694
11.230075
11.232456
11.234836
11.237216
11.239596
11.241976
11.244355
11.246734
11.249113
11.251492
11.253870
11.256248
11.258626
11.261003
11.263381
11.265758
11.268135
11.270511
11.272887
11.275263
11.277639
11.280015
11.282390
11.284765
11.287140
11.289514
11.291888
11.294262
11.296636
11.299009
11.301383
11.303756
11.306128
11.308501
11.310873
11.313245
11.315616
11.317988
11.320359
11.322730
11.325100
11.327471
11.329841
11.332210
11.334580
11.336949
11.339318
11.341687
11.344056
11.346424
11.348792
11.351160
11.353527
11.355894
11.358261
11.360628
11.362994
11.365360
11.367726
11.370092
11.372457
11.374822
11.377187
11.379552
11.381916
11.384280
11.386644
11.389008
11.391371
11.393734
11.396097
11.398459
11.400821
11.403183
11.405545
11.407906
11.410268
11.412628
11.414989
11.417349
11.419710
11.422069
11.424429
11.426788
11.429147
11.431506
11.433865
11.436223
11.438581
11.440939
11.443296
11.445653
11.448010
11.450367
11.452723
11.455080
11.457435
11.459791
11.462146
11.464501
11.466856
11.469211
11.471565
11.473919
11.476273
11.478626
11.480980
11.483333
11.485685
11.488038
11.490390
11.492742
11.495093
11.497445
11.499796
11.502147
11.504497
11.506847
11.509197
11.511547
11.513897
11.516246
11.518595
11.520944
11.523292
11.525640
11.527988
11.530336
11.532683
11.535030
11.537377
11.539723
11.542070
11.544416
11.546761
11.549107
11.551452
11.553797
11.556142
11.558486
11.560830
11.563174
11.565517
11.567861
11.570204
11.572547
11.574889
11.577231
11.579573
11.581915
11.584256
11.586597
11.588938
11.591279
11.593619
11.595959
11.598299
11.600639
11.602978
11.605317
11.607656
11.609994
11.612332
11.614670
11.617008
11.619345
11.621682
11.624019
11.626355
11.628692
11.631028
11.633363
11.635699
11.638034
11.640369
11.642703
11.645038
11.647372
11.649706
11.652039
11.654372
11.656705
11.659038
11.661370
11.663703
11.666034
11.668366
11.670697
11.673028
11.675359
11.677690
11.680020
11.682350
11.684680
11.687009
11.689338
11.691667
11.693996
11.696324
11.698652
11.700980
11.703307
11.705634
11.707961
11.710288
11.712614
11.714940
11.717266
11.719592
11.721917
11.724242
11.726567
11.728891
11.731215
11.733539
11.735863
11.738186
11.740509
11.742832
11.745155
11.747477
11.749799
11.752120
11.754442
11.756763
11.759084
11.761404
11.763725
11.766045
11.768364
11.770684
11.773003
11.775322
11.777640
11.779959
11.782277
11.784594
11.786912
11.789229
11.791546
11.793863
11.796179
11.798495
11.800811
11.803127
11.805442
11.807757
11.810071
11.812386
11.814700
11.817014
11.819327
11.821641
11.823954
11.826266
11.828579
11.830891
11.833203
11.835515
11.837826
11.840137
11.842448
11.844758
11.847068
11.849378
11.851688
11.853997
11.856306
11.858615
11.860924
11.863232
11.865540
11.867847
11.870155
11.872462
11.874769
11.877075
11.879381
11.881687
11.883993
11.886298
11.888604
11.890908
11.893213
11.895517
11.897821
11.900125
11.902428
11.904731
11.907034
11.909337
11.911639
11.913941
11.916243
11.918544
11.920845
11.923146
11.925446
11.927747
11.930047
11.932346
11.934646
11.936945
11.939244
11.941542
11.943841
11.946139
11.948436
11.950734
11.953031
11.955328
11.957624
11.959920
11.962216
11.964512
11.966807
11.969103
11.971397
11.973692
11.975986
11.978280
11.980574
11.982867
11.985160
11.987453
11.989746
11.992038
11.994330
11.996621
11.998913
12.001204
12.003495
12.005785
12.008075
12.010365
12.012655
12.014944
12.017233
12.019522
12.021811
12.024099
12.026387
12.028674
12.030962
12.033249
12.035535
12.037822
12.040108
12.042394
12.044679
12.046965
12.049250
12.051534
12.053819
12.056103
12.058387
12.060670
12.062953
12.065236
12.067519
12.069801
12.072083
12.074365
12.076647
12.078928
12.081209
12.083489
12.085770
12.088050
12.090330
12.092609
12.094888
12.097167
12.099446
12.101724
12.104002
12.106279
12.108557
12.110834
12.113111
12.115387
12.117663
12.119939
12.122215
12.124490
12.126765
12.129040
12.131315
12.133589
12.135863
12.138136
12.140409
12.142682
12.144955
12.147227
12.149500
12.151771
12.154043
12.156314
12.158585
12.160856
12.163126
12.165396
12.167666
12.169935
12.172204
12.174473
12.176741
12.179010
12.181278
12.183545
12.185813
12.188080
12.190346
12.192613
12.194879
12.197145
12.199410
12.201676
12.203941
12.206205
12.208470
12.210734
12.212998
12.215261
12.217524
12.219787
12.222050
12.224312
12.226574
12.228836
12.231097
12.233358
12.235619
12.237879
12.240140
12.242399
12.244659
12.246918
12.249177
12.251436
12.253694
12.255952
12.258210
12.260468
12.262725
12.264982
12.267238
12.269495
12.271751
12.274006
12.276262
12.278517
12.280771
12.283026
12.285280
12.287534
12.289788
12.292041
12.294294
12.296546
12.298799
12.301051
12.303303
12.305554
12.307805
12.310056
12.312307
12.314557
12.316807
12.319056
12.321306
12.323555
12.325803
12.328052
12.330300
12.332548
12.334795
12.337042
12.339289
12.341536
12.343782
12.346028
12.348274
12.350519
12.352764
12.355009
12.357253
12.359498
12.361741
12.363985
12.366228
12.368471
12.370714
12.372956
12.375198
12.377440
12.379681
12.381922
12.384163
12.386404
12.388644
12.390884
12.393123
12.395362
12.397601
12.399840
12.402078
12.404316
12.406554
12.408791
12.411029
12.413265
12.415502
12.417738
12.419974
12.422209
12.424445
12.426680
12.428914
12.431149
12.433383
12.435616
12.437850
12.440083
12.442316
12.444548
12.446780
12.449012
12.451244
12.453475
12.455706
12.457936
12.460167
12.462397
12.464626
12.466856
12.469085
12.471314
12.473542
12.475770
12.477998
12.480225
12.482453
12.484679
12.486906
12.489132
12.491358
12.493584
12.495809
12.498034
12.500259
12.502483
12.504707
12.506931
12.509155
12.511378
12.513601
12.515823
12.518045
12.520267
12.522489
12.524710
12.526931
12.529152
12.531372
12.533592
12.535812
12.538031
12.540250
12.542469
12.544687
12.546905
12.549123
12.551341
12.553558
12.555775
12.557991
12.560208
12.562423
12.564639
12.566854
12.569069
12.571284
12.573498
12.575712
12.577926
12.580139
12.582353
12.584565
12.586778
12.588990
12.591202
12.593413
12.595624
12.597835
12.600046
12.602256
12.604466
12.606675
12.608885
12.611094
12.613302
12.615511
12.617719
12.619926
12.622134
12.624341
12.626548
12.628754
12.630960
12.633166
12.635371
12.637576
12.639781
12.641986
12.644190
12.646394
12.648597
12.650801
12.653003
12.655206
12.657408
12.659610
12.661812
12.664013
12.666214
12.668415
12.670615
12.672815
12.675015
12.677214
12.679413
12.681612
12.683811
12.686009
12.688206
12.690404
12.692601
12.694798
12.696994
12.699190
12.701386
12.703582
12.705777
12.707972
12.710166
12.712361
12.714555
12.716748
12.718941
12.721134
12.723327
12.725519
12.727711
12.729903
12.732094
12.734285
12.736476
12.738666
12.740856
12.743046
12.745235
12.747425
12.749613
12.751802
12.753990
12.756178
12.758365
12.760552
12.762739
12.764925
12.767111
12.769297
12.771483
12.773668
12.775853
12.778037
12.780221
12.782405
12.784589
12.786772
12.788955
12.791137
12.793320
12.795502
12.797683
12.799864
12.802045
12.804226
12.806406
12.808586
12.810766
12.812945
12.815124
12.817302
12.819481
12.821659
12.823836
12.826014
12.828191
12.830367
12.832544
12.834720
12.836895
12.839071
12.841246
12.843420
12.845595
12.847769
12.849942
12.852116
12.854289
12.856461
12.858634
12.860806
12.862978
12.865149
12.867320
12.869491
12.871661
12.873831
12.876001
12.878170
12.880339
12.882508
12.884676
12.886845
12.889012
12.891180
12.893347
12.895513
12.897680
12.899846
12.902012
12.904177
12.906342
12.908507
12.910671
12.912835
12.914999
12.917163
12.919326
12.921488
12.923651
12.925813
12.927975
12.930136
12.932297
12.934458
12.936618
12.938778
12.940938
12.943098
12.945257
12.947415
12.949574
12.951732
12.953890
12.956047
12.958204
12.960361
12.962517
12.964673
12.966829
12.968984
12.971139
12.973294
12.975448
12.977602
12.979756
12.981910
12.984063
12.986215
12.988368
12.990520
12.992671
12.994823
12.996974
12.999124
13.001275
13.003425
13.005574
13.007724
13.009873
13.012021
13.014170
13.016318
13.018465
13.020613
13.022759
13.024906
13.027052
13.029198
13.031344
13.033489
13.035634
13.037779
13.039923
13.042067
13.044210
13.046354
13.048496
13.050639
13.052781
13.054923
13.057065
13.059206
13.061347
13.063487
13.065627
13.067767
13.069907
13.072046
13.074184
13.076323
13.078461
13.080599
13.082736
13.084873
13.087010
13.089146
13.091282
13.093418
13.095554
13.097689
13.099823
13.101958
13.104092
13.106225
13.108359
13.110492
13.112624
13.114756
13.116888
13.119020
13.121151
13.123282
13.125413
13.127543
13.129673
13.131802
13.133931
13.136060
13.138189
13.140317
13.142445
13.144572
13.146699
13.148826
13.150953
13.153079
13.155204
13.157330
13.159455
13.161579
13.163704
13.165828
13.167951
13.170075
13.172198
13.174320
13.176443
13.178564
13.180686
13.182807
13.184928
13.187049
13.189169
13.191289
13.193408
13.195527
13.197646
13.199765
13.201883
13.204000
13.206118
13.208235
13.210352
13.212468
13.214584
13.216699
13.218815
13.220930
13.223044
13.225159
13.227272
13.229386
13.231499
13.233612
13.235725
13.237837
13.239949
13.242060
13.244171
13.246282
13.248392
13.250502
13.252612
13.254721
13.256830
13.258939
13.261047
13.263155
13.265263
13.267370
13.269477
13.271583
13.273690
13.275795
13.277901
13.280006
13.282111
13.284215
13.286319
13.288423
13.290526
13.292629
13.294732
13.296834
13.298936
13.301038
13.303139
13.305240
13.307340
13.309441
13.311540
13.313640
13.315739
13.317838
13.319936
13.322034
13.324132
13.326229
13.328326
13.330423
13.332519
13.334615
13.336710
13.338806
13.340900
13.342995
13.345089
13.347183
13.349276
13.351369
13.353462
13.355554
13.357646
13.359738
13.361829
13.363920
13.366011
13.368101
13.370191
13.372280
13.374369
13.376458
13.378546
13.380635
13.382722
13.384810
13.386897
13.388983
13.391069
13.393155
13.395241
13.397326
13.399411
13.401495
13.403579
13.405663
13.407746
13.409829
13.411912
13.413994
13.416076
13.418158
13.420239
13.422320
13.424401
13.426481
13.428560
13.430640
13.432719
13.434798
13.436876
13.438954
13.441031
13.443109
13.445186
13.447262
13.449338
13.451414
13.453489
13.455565
13.457639
13.459714
13.461788
13.463861
13.465934
13.468007
13.470080
13.472152
13.474224
13.476295
13.478366
13.480437
13.482507
13.484577
13.486647
13.488716
13.490785
13.492854
13.494922
13.496989
13.499057
13.501124
13.503191
13.505257
13.507323
13.509388
13.511454
13.513519
13.515583
13.517647
13.519711
13.521774
13.523837
13.525900
13.527962
13.530024
13.532086
13.534147
13.536208
13.538268
13.540328
13.542388
13.544447
13.546506
13.548565
13.550623
13.552681
13.554739
13.556796
13.558853
13.560909
13.562965
13.565021
13.567076
13.569131
13.571185
13.573240
13.575293
13.577347
13.579400
13.581453
13.583505
13.585557
13.587609
13.589660
13.591711
13.593761
13.595811
13.597861
13.599910
13.601959
13.604008
13.606056
13.608104
13.610152
13.612199
13.614246
13.616292
13.618338
13.620384
13.622429
13.624474
13.626518
13.628563
13.630606
13.632650
13.634693
13.636736
13.638778
13.640820
13.642861
13.644903
13.646943
13.648984
13.651024
13.653063
13.655103
13.657142
13.659180
13.661218
13.663256
13.665294
13.667331
13.669367
13.671404
13.673440
13.675475
13.677510
13.679545
13.681580
13.683614
13.685647
13.687681
13.689714
13.691746
13.693778
13.695810
13.697841
13.699872
13.701903
13.703933
13.705963
13.707993
13.710022
13.712051
13.714079
13.716107
13.718135
13.720162
13.722189
13.724215
13.726242
13.728267
13.730293
13.732318
13.734342
13.736366
13.738390
13.740414
13.742437
13.744460
13.746482
13.748504
13.750525
13.752547
13.754567
13.756588
13.758608
13.760628
13.762647
13.764666
13.766684
13.768702
13.770720
13.772737
13.774754
13.776771
13.778787
13.780803
13.782819
13.784834
13.786848
13.788863
13.790877
13.792890
13.794903
13.796916
13.798929
13.800941
13.802952
13.804963
13.806974
13.808985
13.810995
13.813005
13.815014
13.817023
13.819031
13.821040
13.823047
13.825055
13.827062
13.829068
13.831075
13.833081
13.835086
13.837091
13.839096
13.841100
13.843104
13.845108
13.847111
13.849114
13.851116
13.853118
13.855120
13.857121
13.859122
13.861122
13.863122
13.865122
13.867121
13.869120
13.871119
13.873117
13.875114
13.877112
13.879109
13.881105
13.883102
13.885097
13.887093
13.889088
13.891082
13.893077
13.895071
13.897064
13.899057
13.901050
13.903042
13.905034
13.907025
13.909017
13.911007
13.912998
13.914988
13.916977
13.918966
13.920955
13.922944
13.924932
13.926919
13.928906
13.930893
13.932880
13.934866
13.936851
13.938837
13.940821
13.942806
13.944790
13.946774
13.948757
13.950740
13.952722
13.954705
13.956686
13.958668
13.960649
13.962629
13.964609
13.966589
13.968568
13.970547
13.972526
13.974504
13.976482
13.978459
13.980436
13.982413
13.984389
13.986365
13.988340
13.990315
13.992290
13.994264
13.996238
13.998211
14.000184
14.002157
14.004129
14.006101
14.008073
14.010044
14.012014
14.013985
14.015955
14.017924
14.019893
14.021862
14.023830
14.025798
14.027765
14.029733
14.031699
14.033665
14.035631
14.037597
14.039562
14.041527
14.043491
14.045455
14.047418
14.049381
14.051344
14.053306
14.055268
14.057230
14.059191
14.061152
14.063112
14.065072
14.067031
14.068990
14.070949
14.072907
14.074865
14.076823
14.078780
14.080737
14.082693
14.084649
14.086604
14.088559
14.090514
14.092468
14.094422
14.096376
14.098329
14.100282
14.102234
14.104186
14.106137
14.108088
14.110039
14.111989
14.113939
14.115888
14.117838
14.119786
14.121734
14.123682
14.125630
14.127577
14.129523
14.131470
14.133415
14.135361
14.137306
14.139250
14.141195
14.143138
14.145082
14.147025
14.148967
14.150909
14.152851
14.154793
14.156733
14.158674
14.160614
14.162554
14.164493
14.166432
14.168371
14.170309
14.172246
14.174184
14.176121
14.178057
14.179993
14.181929
14.183864
14.185799
14.187733
14.189667
14.191601
14.193534
14.195467
14.197399
14.199331
14.201263
14.203194
14.205125
14.207055
14.208985
14.210915
14.212844
14.214772
14.216701
14.218628
14.220556
14.222483
14.224410
14.226336
14.228262
14.230187
14.232112
14.234037
14.235961
14.237885
14.239808
14.241731
14.243653
14.245576
14.247497
14.249419
14.251339
14.253260
14.255180
14.257100
14.259019
14.260938
14.262856
14.264774
14.266692
14.268609
14.270526
14.272442
14.274358
14.276273
14.278188
14.280103
14.282017
14.283931
14.285845
14.287758
14.289670
14.291582
14.293494
14.295406
14.297316
14.299227
14.301137
14.303047
14.304956
14.306865
14.308773
14.310681
14.312589
14.314496
14.316403
14.318309
14.320215
14.322121
14.324026
14.325931
14.327835
14.329739
14.331642
14.333545
14.335448
14.337350
14.339252
14.341153
14.343054
14.344954
14.346854
14.348754
14.350653
14.352552
14.354451
14.356349
14.358246
14.360143
14.362040
14.363936
14.365832
14.367728
14.369623
14.371517
14.373411
14.375305
14.377199
14.379092
14.380984
14.382876
14.384768
14.386659
14.388550
14.390440
14.392330
14.394220
14.396109
14.397998
14.399886
14.401774
14.403661
14.405548
14.407435
14.409321
14.411207
14.413092
14.414977
14.416861
14.418745
14.420629
14.422512
14.424395
14.426277
14.428159
14.430041
14.431922
14.433803
14.435683
14.437563
14.439442
14.441321
14.443199
14.445078
14.446955
14.448832
14.450709
14.452586
14.454462
14.456337
14.458212
14.460087
14.461961
14.463835
14.465708
14.467581
14.469454
14.471326
14.473198
14.475069
14.476940
14.478810
14.480680
14.482550
14.484419
14.486288
14.488156
14.490024
14.491891
14.493758
14.495625
14.497491
14.499356
14.501222
14.503086
14.504951
14.506815
14.508678
14.510541
14.512404
14.514266
14.516128
14.517989
14.519850
14.521711
14.523571
14.525431
14.527290
14.529149
14.531007
14.532865
14.534722
14.536579
14.538436
14.540292
14.542148
14.544003
14.545858
14.547713
14.549567
14.551420
14.553273
14.555126
14.556978
14.558830
14.560682
14.562533
14.564383
14.566233
14.568083
14.569932
14.571781
14.573629
14.575477
14.577325
14.579172
14.581018
14.582865
14.584710
14.586556
14.588401
14.590245
14.592089
14.593933
14.595776
14.597618
14.599461
14.601302
14.603144
14.604985
14.606825
14.608665
14.610505
14.612344
14.614183
14.616021
14.617859
14.619697
14.621534
14.623370
14.625206
14.627042
14.628877
14.630712
14.632546
14.634380
14.636214
14.638047
14.639879
14.641712
14.643543
14.645375
14.647205
14.649036
14.650866
14.652695
14.654524
14.656353
14.658181
14.660009
14.661836
14.663663
14.665489
14.667315
14.669141
14.670966
14.672791
14.674615
14.676439
14.678262
14.680085
14.681907
14.683729
14.685551
14.687372
14.689193
14.691013
14.692833
14.694652
14.696471
14.698289
14.700107
14.701925
14.703742
14.705559
14.707375
14.709190
14.711006
14.712821
14.714635
14.716449
14.718263
14.720076
14.721888
14.723701
14.725512
14.727324
14.729134
14.730945
14.732755
14.734564
14.736373
14.738182
