0.066432
0.048627
0.030806
0.012976
-0.004859
-0.022692
-0.040517
-0.058330
-0.076124
-0.093893
-0.111631
-0.129334
-0.146994
-0.164607
-0.182167
-0.199668
-0.217104
-0.234469
-0.251759
-0.268967
-0.286088
-0.303116
-0.320047
-0.336873
-0.353591
-0.370194
-0.386677
-0.403035
-0.419263
-0.435355
-0.451306
-0.467111
-0.482766
-0.498264
-0.513601
-0.528772
-0.543773
-0.558598
-0.573242
-0.587702
-0.601972
-0.616048
-0.629926
-0.643600
-0.657067
-0.670323
-0.683363
-0.696184
-0.708780
-0.721149
-0.733286
-0.745188
-0.756851
-0.768271
-0.779445
-0.790369
-0.801040
-0.811455
-0.821610
-0.831503
-0.841130
-0.850489
-0.859577
-0.868391
-0.876928
-0.885185
-0.893162
-0.900854
-0.908260
-0.915378
-0.922206
-0.928741
-0.934982
-0.940927
-0.946575
-0.951923
-0.956971
-0.961717
-0.966159
-0.970297
-0.974130
-0.977657
-0.980876
-0.983787
-0.986389
-0.988682
-0.990666
-0.992339
-0.993702
-0.994755
-0.995497
-0.995928
-0.996049
-0.995860
-0.995361
-0.994553
-0.993436
-0.992010
-0.990277
-0.988237
-0.985892
-0.983241
-0.980287
-0.977030
-0.973472
-0.969614
-0.965457
-0.961003
-0.956254
-0.951211
-0.945877
-0.940252
-0.934340
-0.928142
-0.921660
-0.914896
-0.907853
-0.900533
-0.892939
-0.885073
-0.876938
-0.868537
-0.859871
-0.850945
-0.841761
-0.832322
-0.822631
-0.812691
-0.802505
-0.792078
-0.781411
-0.770509
-0.759374
-0.748011
-0.736424
-0.724614
-0.712588
-0.700347
-0.687896
-0.675239
-0.662381
-0.649323
-0.636072
-0.622631
-0.609003
-0.595194
-0.581208
-0.567048
-0.552719
-0.538226
-0.523573
-0.508764
-0.493804
-0.478697
-0.463448
-0.448062
-0.432543
-0.416896
-0.401125
-0.385236
-0.369232
-0.353120
-0.336903
-0.320586
-0.304175
-0.287674
-0.271088
-0.254423
-0.237682
-0.220871
-0.203995
-0.187059
-0.170068
-0.153026
-0.135940
-0.118814
-0.101653
-0.084461
-0.067245
-0.050009
-0.032759
-0.015499
0.001766
0.019031
0.036290
0.053538
0.070771
0.087983
0.105169
0.122325
0.139444
0.156523
0.173557
0.190539
0.207466
0.224332
0.241132
0.257862
0.274516
0.291090
0.307579
0.323977
0.340281
0.356485
0.372585
0.388576
0.404453
0.420211
0.435846
0.451353
0.466728
0.481967
0.497063
0.512014
0.526815
0.541461
0.555948
0.570272
0.584429
0.598413
0.612222
0.625850
0.639295
0.652551
0.665615
0.678483
0.691151
0.703615
0.715872
0.727918
0.739748
0.751360
0.762751
0.773915
0.784851
0.795554
0.806022
0.816251
0.826238
0.835980
0.845474
0.854717
0.863706
0.872437
0.880910
0.889120
0.897065
0.904743
0.912151
0.919287
0.926148
0.932732
0.939037
0.945061
0.950802
0.956258
0.961428
0.966308
0.970898
0.975196
0.979201
0.982911
0.986325
0.989441
0.992259
0.994776
0.996993
0.998909
1.000522
1.001831
1.002837
1.003538
1.003935
1.004026
1.003811
1.003291
1.002465
1.001333
0.999895
0.998151
0.996103
0.993749
0.991090
0.988128
0.984863
0.981294
0.977424
0.973253
0.968783
0.964013
0.958946
0.953583
0.947925
0.941974
0.935731
0.929198
0.922377
0.915270
0.907878
0.900204
0.892249
0.884017
0.875509
0.866727
0.857675
0.848355
0.838769
0.828921
0.818813
0.808449
0.797830
0.786961
0.775845
0.764484
0.752883
0.741044
0.728972
0.716670
0.704141
0.691390
0.678420
0.665236
0.651841
0.638239
0.624434
0.610432
0.596236
0.581850
0.567279
0.552528
0.537600
0.522502
0.507236
0.491810
0.476226
0.460490
0.444606
0.428581
0.412419
0.396125
0.379704
0.363161
0.346502
0.329732
0.312856
0.295880
0.278809
0.261648
0.244403
0.227080
0.209684
0.192221
0.174696
0.157115
0.139483
0.121807
0.104091
0.086342
0.068566
0.050767
0.032953
0.015128
-0.002702
-0.020530
-0.038352
-0.056161
-0.073951
-0.091718
-0.109454
-0.127155
-0.144814
-0.162426
-0.179985
-0.197486
-0.214922
-0.232289
-0.249580
-0.266790
-0.283914
-0.300945
-0.317878
-0.334708
-0.351430
-0.368038
-0.384526
-0.400889
-0.417123
-0.433221
-0.449179
-0.464991
-0.480653
-0.496159
-0.511505
-0.526685
-0.541694
-0.556529
-0.571183
-0.585653
-0.599934
-0.614021
-0.627910
-0.641596
-0.655075
-0.668344
-0.681396
-0.694230
-0.706840
-0.719222
-0.731373
-0.743290
-0.754967
-0.766402
-0.777591
-0.788531
-0.799218
-0.809648
-0.819820
-0.829730
-0.839374
-0.848750
-0.857854
-0.866686
-0.875240
-0.883516
-0.891510
-0.899221
-0.906646
-0.913782
-0.920628
-0.927183
-0.933443
-0.939407
-0.945074
-0.950442
-0.955509
-0.960274
-0.964737
-0.968895
-0.972748
-0.976294
-0.979533
-0.982464
-0.985087
-0.987400
-0.989404
-0.991097
-0.992481
-0.993554
-0.994316
-0.994768
-0.994909
-0.994740
-0.994261
-0.993473
-0.992376
-0.990970
-0.989257
-0.987237
-0.984911
-0.982281
-0.979346
-0.976108
-0.972570
-0.968731
-0.964593
-0.960158
-0.955428
-0.950404
-0.945088
-0.939482
-0.933588
-0.927408
-0.920943
-0.914197
-0.907172
-0.899870
-0.892293
-0.884444
-0.876325
-0.867940
-0.859291
-0.850380
-0.841212
-0.831788
-0.822112
-0.812187
-0.802017
-0.791603
-0.780951
-0.770062
-0.758941
-0.747592
-0.736017
-0.724220
-0.712206
-0.699977
-0.687539
-0.674893
-0.662045
-0.648999
-0.635758
-0.622327
-0.608709
-0.594910
-0.580932
-0.566781
-0.552461
-0.537976
-0.523331
-0.508529
-0.493576
-0.478476
-0.463234
-0.447853
-0.432340
-0.416698
-0.400932
-0.385047
-0.369048
-0.352939
-0.336725
-0.320412
-0.304003
-0.287504
-0.270920
-0.254256
-0.237516
-0.220706
-0.203830
-0.186894
-0.169903
-0.152860
-0.135773
-0.118645
-0.101482
-0.084288
-0.067069
-0.049830
-0.032576
-0.015311
0.001958
0.019227
0.036491
0.053745
0.070984
0.088202
0.105395
0.122558
0.139685
0.156772
0.173814
0.190805
0.207741
0.224616
0.241426
0.258166
0.274831
0.291416
0.307916
0.324326
0.340642
0.356859
0.372971
0.388975
0.404865
0.420638
0.436287
0.451809
0.467199
0.482452
0.497565
0.512532
0.527349
0.542012
0.556516
0.570857
0.585031
0.599034
0.612861
0.626508
0.639971
0.653246
0.666330
0.679218
0.691906
0.704391
0.716669
0.728735
0.740587
0.752221
0.763633
0.774820
0.785778
0.796504
0.806995
0.817247
0.827257
0.837023
0.846541
0.855807
0.864821
0.873577
0.882074
0.890309
0.898280
0.905983
0.913417
0.920578
0.927465
0.934075
0.940407
0.946457
0.952225
0.957708
0.962904
0.967811
0.972429
0.976754
0.980786
0.984524
0.987965
0.991109
0.993954
0.996500
0.998745
1.000688
1.002329
1.003666
1.004700
1.005430
1.005854
1.005973
1.005787
1.005295
1.004497
1.003393
1.001984
1.000268
0.998248
0.995922
0.993291
0.990357
0.987119
0.983579
0.979736
0.975593
0.971150
0.966408
0.961368
0.956033
0.950402
0.944477
0.938261
0.931755
0.924960
0.917879
0.910513
0.902865
0.894936
0.886729
0.878247
0.869490
0.860463
0.851168
0.841607
0.831783
0.821699
0.811358
0.800763
0.789917
0.778823
0.767485
0.755906
0.744090
0.732039
0.719759
0.707251
0.694521
0.681571
0.668407
0.655032
0.641449
0.627664
0.613681
0.599503
0.585135
0.570582
0.555848
0.540938
0.525856
0.510607
0.495196
0.479627
0.463906
0.448038
0.432027
0.415879
0.399598
0.383190
0.366660
0.350013
0.333255
0.316391
0.299426
0.282365
0.265215
0.247980
0.230667
0.213280
0.195825
0.178308
0.160734
0.143110
0.125441
0.107732
0.089989
0.072218
0.054424
0.036615
0.018794
0.000968
-0.016857
-0.034675
-0.052482
-0.070270
-0.088035
-0.105770
-0.123470
-0.141128
-0.158740
-0.176300
-0.193802
-0.211239
-0.228607
-0.245901
-0.263113
-0.280239
-0.297274
-0.314211
-0.331045
-0.347771
-0.364383
-0.380877
-0.397246
-0.413485
-0.429590
-0.445555
-0.461374
-0.477043
-0.492557
-0.507911
-0.523100
-0.538118
-0.552962
-0.567626
-0.582106
-0.596397
-0.610495
-0.624395
-0.638092
-0.651583
-0.664863
-0.677928
-0.690774
-0.703397
-0.715793
-0.727957
-0.739887
-0.751578
-0.763028
-0.774231
-0.785186
-0.795888
-0.806334
-0.816521
-0.826446
-0.836106
-0.845498
-0.854620
-0.863467
-0.872039
-0.880332
-0.888343
-0.896071
-0.903513
-0.910668
-0.917532
-0.924104
-0.930382
-0.936365
-0.942051
-0.947437
-0.952523
-0.957308
-0.961789
-0.965966
-0.969838
-0.973404
-0.976662
-0.979613
-0.982255
-0.984588
-0.986611
-0.988324
-0.989727
-0.990820
-0.991602
-0.992074
-0.992235
-0.992086
-0.991627
-0.990858
-0.989781
-0.988395
-0.986702
-0.984701
-0.982395
-0.979784
-0.976869
-0.973651
-0.970131
-0.966311
-0.962193
-0.957777
-0.953066
-0.948061
-0.942764
-0.937176
-0.931301
-0.925139
-0.918693
-0.911965
-0.904957
-0.897672
-0.890113
-0.882281
-0.874180
-0.865812
-0.857179
-0.848285
-0.839133
-0.829726
-0.820066
-0.810156
-0.800001
-0.789603
-0.778965
-0.768091
-0.756985
-0.745650
-0.734089
-0.722306
-0.710305
-0.698089
-0.685663
-0.673030
-0.660194
-0.647160
-0.633931
-0.620510
-0.606904
-0.593115
-0.579148
-0.565007
-0.550696
-0.536220
-0.521584
-0.506791
-0.491846
-0.476754
-0.461519
-0.446145
-0.430639
-0.415003
-0.399243
-0.383364
-0.367370
-0.351266
-0.335057
-0.318747
-0.302342
-0.285847
-0.269266
-0.252604
-0.235866
-0.219058
-0.202184
-0.185248
-0.168257
-0.151215
-0.134128
-0.116999
-0.099835
-0.082639
-0.065419
-0.048177
-0.030920
-0.013653
0.003620
0.020893
0.038161
0.055420
0.072664
0.089888
0.107087
0.124256
0.141390
0.158484
0.175533
0.192532
0.209476
0.226360
0.243179
0.259929
0.276604
0.293199
0.309709
0.326131
0.342458
0.358687
0.374812
0.390828
0.406731
0.422517
0.438180
0.453716
0.469121
0.484389
0.499517
0.514499
0.529332
0.544011
0.558532
0.572890
0.587081
0.601101
0.614946
0.628611
0.642093
0.655388
0.668491
0.681398
0.694106
0.706611
0.718909
0.730996
0.742869
0.754524
0.765958
0.777166
0.788147
0.798895
0.809408
0.819684
0.829717
0.839506
0.849047
0.858338
0.867375
0.876156
0.884678
0.892937
0.900933
0.908661
0.916120
0.923307
0.930219
0.936855
0.943213
0.949289
0.955083
0.960592
0.965815
0.970749
0.975393
0.979746
0.983805
0.987569
0.991038
0.994209
0.997081
0.999654
1.001927
1.003898
1.005566
1.006932
1.007993
1.008750
1.009202
1.009349
1.009191
1.008727
1.007956
1.006880
1.005498
1.003811
1.001818
0.999519
0.996917
0.994010
0.990799
0.987286
0.983471
0.979355
0.974939
0.970224
0.965211
0.959902
0.954298
0.948400
0.942210
0.935730
0.928962
0.921906
0.914566
0.906943
0.899040
0.890858
0.882400
0.873669
0.864666
0.855395
0.845858
0.836058
0.825997
0.815680
0.805108
0.794284
0.783213
0.771898
0.760341
0.748546
0.736517
0.724257
0.711770
0.699060
0.686131
0.672987
0.659631
0.646067
0.632301
0.618336
0.604176
0.589826
0.575290
0.560573
0.545679
0.530614
0.515380
0.499985
0.484431
0.468725
0.452871
0.436874
0.420739
0.404471
0.388076
0.371558
0.354923
0.338176
0.321322
0.304368
0.287317
0.270176
0.252951
0.235646
0.218267
0.200820
0.183310
0.165744
0.148126
0.130462
0.112758
0.095021
0.077254
0.059465
0.041659
0.023841
0.006018
-0.011804
-0.029621
-0.047426
-0.065214
-0.082978
-0.100713
-0.118413
-0.136073
-0.153686
-0.171248
-0.188751
-0.206192
-0.223563
-0.240860
-0.258076
-0.275207
-0.292246
-0.309189
-0.326029
-0.342761
-0.359380
-0.375881
-0.392257
-0.408505
-0.424618
-0.440591
-0.456419
-0.472098
-0.487622
-0.502986
-0.518185
-0.533215
-0.548070
-0.562746
-0.577238
-0.591542
-0.605652
-0.619565
-0.633277
-0.646781
-0.660076
-0.673156
-0.686016
-0.698654
-0.711066
-0.723246
-0.735192
-0.746900
-0.758366
-0.769587
-0.780558
-0.791278
-0.801742
-0.811947
-0.821891
-0.831570
-0.840981
-0.850121
-0.858988
-0.867579
-0.875892
-0.883923
-0.891671
-0.899134
-0.906309
-0.913194
-0.919787
-0.926086
-0.932090
-0.937797
-0.943204
-0.948312
-0.953118
-0.957621
-0.961820
-0.965714
-0.969302
-0.972583
-0.975556
-0.978220
-0.980575
-0.982621
-0.984357
-0.985782
-0.986897
-0.987702
-0.988196
-0.988380
-0.988253
-0.987816
-0.987071
-0.986016
-0.984652
-0.982981
-0.981003
-0.978719
-0.976130
-0.973237
-0.970041
-0.966543
-0.962745
-0.958649
-0.954254
-0.949565
-0.944581
-0.939305
-0.933738
-0.927883
-0.921742
-0.915317
-0.908609
-0.901622
-0.894357
-0.886817
-0.879005
-0.870923
-0.862574
-0.853960
-0.845085
-0.835952
-0.826562
-0.816920
-0.807028
-0.796891
-0.786510
-0.775889
-0.765032
-0.753942
-0.742622
-0.731077
-0.719309
-0.707324
-0.695123
-0.682711
-0.670092
-0.657271
-0.644250
-0.631034
-0.617626
-0.604032
-0.590256
-0.576300
-0.562171
-0.547871
-0.533406
-0.518780
-0.503997
-0.489062
-0.473979
-0.458753
-0.443388
-0.427889
-0.412261
-0.396509
-0.380637
-0.364649
-0.348551
-0.332348
-0.316044
-0.299644
-0.283153
-0.266577
-0.249919
-0.233184
-0.216379
-0.199507
-0.182574
-0.165585
-0.148544
-0.131457
-0.114329
-0.097165
-0.079970
-0.062748
-0.045506
-0.028248
-0.010978
0.006297
0.023573
0.040844
0.058106
0.075354
0.092582
0.109786
0.126960
0.144099
0.161199
0.178254
0.195260
0.212211
0.229102
0.245929
0.262687
0.279370
0.295974
0.312494
0.328925
0.345263
0.361501
0.377637
0.393664
0.409579
0.425376
0.441052
0.456600
0.472017
0.487299
0.502440
0.517436
0.532283
0.546977
0.561512
0.575885
0.590092
0.604127
0.617988
0.631670
0.645168
0.658479
0.671599
0.684524
0.697250
0.709772
0.722089
0.734194
0.746086
0.757760
0.769213
0.780440
0.791440
0.802209
0.812742
0.823037
0.833091
0.842901
0.852463
0.861775
0.870833
0.879636
0.888179
0.896460
0.904478
0.912228
0.919709
0.926919
0.933854
0.940513
0.946893
0.952993
0.958810
0.964342
0.969588
0.974546
0.979213
0.983589
0.987672
0.991461
0.994953
0.998148
1.001045
1.003642
1.005939
1.007934
1.009627
1.011016
1.012102
1.012884
1.013360
1.013532
1.013398
1.012958
1.012212
1.011160
1.009803
1.008140
1.006171
1.003897
1.001318
0.998436
0.995250
0.991761
0.987969
0.983877
0.979485
0.974794
0.969805
0.964519
0.958939
0.953064
0.946898
0.940441
0.933695
0.926662
0.919345
0.911745
0.903864
0.895704
0.887268
0.878559
0.869578
0.860328
0.850812
0.841033
0.830994
0.820697
0.810145
0.799342
0.788291
0.776995
0.765457
0.753682
0.741672
0.729431
0.716962
0.704270
0.691359
0.678232
0.664893
0.651347
0.637597
0.623648
0.609504
0.595170
0.580649
0.565947
0.551068
0.536017
0.520798
0.505415
0.489875
0.474182
0.458340
0.442355
0.426232
0.409975
0.393591
0.377083
0.360458
0.343721
0.326877
0.309931
0.292889
0.275756
0.258538
0.241240
0.223868
0.206427
0.188923
0.171362
0.153749
0.136090
0.118390
0.100656
0.082893
0.065106
0.047302
0.029487
0.011665
-0.006157
-0.023973
-0.041778
-0.059566
-0.077332
-0.095068
-0.112770
-0.130432
-0.148048
-0.165613
-0.183121
-0.200565
-0.217941
-0.235243
-0.252465
-0.269602
-0.286647
-0.303597
-0.320444
-0.337184
-0.353811
-0.370320
-0.386706
-0.402963
-0.419086
-0.435069
-0.450909
-0.466599
-0.482134
-0.497510
-0.512722
-0.527764
-0.542632
-0.557322
-0.571828
-0.586146
-0.600271
-0.614199
-0.627925
-0.641446
-0.654756
-0.667853
-0.680730
-0.693385
-0.705814
-0.718012
-0.729976
-0.741702
-0.753187
-0.764426
-0.775417
-0.786156
-0.796640
-0.806865
-0.816829
-0.826528
-0.835960
-0.845121
-0.854009
-0.862622
-0.870956
-0.879009
-0.886779
-0.894264
-0.901461
-0.908368
-0.914984
-0.921306
-0.927333
-0.933063
-0.938494
-0.943625
-0.948455
-0.952981
-0.957204
-0.961122
-0.964733
-0.968038
-0.971035
-0.973723
-0.976102
-0.978172
-0.979932
-0.981382
-0.982521
-0.983350
-0.983868
-0.984076
-0.983973
-0.983561
-0.982839
-0.981808
-0.980469
-0.978822
-0.976868
-0.974608
-0.972043
-0.969173
-0.966001
-0.962527
-0.958752
-0.954679
-0.950308
-0.945642
-0.940681
-0.935428
-0.929884
-0.924052
-0.917933
-0.911529
-0.904844
-0.897879
-0.890636
-0.883117
-0.875327
-0.867266
-0.858938
-0.850345
-0.841490
-0.832377
-0.823008
-0.813385
-0.803513
-0.793395
-0.783033
-0.772431
-0.761593
-0.750521
-0.739220
-0.727692
-0.715942
-0.703973
-0.691790
-0.679395
-0.666792
-0.653987
-0.640981
-0.627781
-0.614389
-0.600809
-0.587047
-0.573106
-0.558990
-0.544704
-0.530252
-0.515639
-0.500868
-0.485945
-0.470874
-0.455659
-0.440306
-0.424818
-0.409200
-0.393458
-0.377595
-0.361617
-0.345528
-0.329333
-0.313037
-0.296645
-0.280162
-0.263592
-0.246940
-0.230212
-0.213413
-0.196547
-0.179619
-0.162634
-0.145598
-0.128515
-0.111390
-0.094229
-0.077037
-0.059818
-0.042577
-0.025320
-0.008052
0.009222
0.026497
0.043769
0.061031
0.078280
0.095509
0.112714
0.129890
0.147032
0.164135
0.181193
0.198202
0.215157
0.232053
0.248884
0.265647
0.282336
0.298946
0.315472
0.331909
0.348254
0.364500
0.380643
0.396678
0.412601
0.428407
0.444091
0.459649
0.475076
0.490368
0.505520
0.520527
0.535385
0.550090
0.564637
0.579022
0.593241
0.607290
0.621164
0.634859
0.648371
0.661696
0.674830
0.687770
0.700510
0.713048
0.725380
0.737501
0.749409
0.761099
0.772569
0.783814
0.794831
0.805616
0.816167
0.826480
0.836553
0.846381
0.855961
0.865292
0.874369
0.883191
0.891754
0.900055
0.908092
0.915863
0.923364
0.930594
0.937549
0.944229
0.950630
0.956751
0.962589
0.968143
0.973410
0.978390
0.983079
0.987477
0.991582
0.995392
0.998907
1.002124
1.005043
1.007663
1.009982
1.012000
1.013715
1.015127
1.016236
1.017040
1.017540
1.017734
1.017623
1.017205
1.016483
1.015454
1.014119
1.012478
1.010532
1.008281
1.005725
1.002865
0.999702
0.996235
0.992467
0.988397
0.984027
0.979358
0.974391
0.969127
0.963569
0.957716
0.951571
0.945136
0.938411
0.931400
0.924104
0.916524
0.908664
0.900525
0.892109
0.883420
0.874459
0.865229
0.855732
0.845973
0.835952
0.825674
0.815141
0.804356
0.793323
0.782045
0.770525
0.758767
0.746773
0.734549
0.722097
0.709421
0.696526
0.683414
0.670090
0.656559
0.642824
0.628889
0.614759
0.600438
0.585930
0.571241
0.556374
0.541334
0.526127
0.510756
0.495226
0.479543
0.463711
0.447736
0.431622
0.415374
0.398998
0.382498
0.365881
0.349151
0.332313
0.315374
0.298337
0.281210
0.263997
0.246703
0.229335
0.211898
0.194397
0.176839
0.159228
0.141571
0.123872
0.106139
0.088376
0.070590
0.052785
0.034969
0.017145
-0.000678
-0.018497
-0.036305
-0.054096
-0.071865
-0.089606
-0.107312
-0.124979
-0.142601
-0.160172
-0.177686
-0.195137
-0.212521
-0.229830
-0.247060
-0.264206
-0.281260
-0.298219
-0.315077
-0.331827
-0.348465
-0.364985
-0.381382
-0.397651
-0.413787
-0.429783
-0.445636
-0.461339
-0.476888
-0.492279
-0.507505
-0.522563
-0.537446
-0.552152
-0.566674
-0.581008
-0.595150
-0.609096
-0.622840
-0.636378
-0.649707
-0.662821
-0.675718
-0.688392
-0.700840
-0.713058
-0.725042
-0.736788
-0.748293
-0.759553
-0.770565
-0.781326
-0.791831
-0.802078
-0.812063
-0.821785
-0.831239
-0.840423
-0.849333
-0.857969
-0.866326
-0.874402
-0.882196
-0.889704
-0.896925
-0.903856
-0.910496
-0.916842
-0.922893
-0.928647
-0.934103
-0.939258
-0.944112
-0.948664
-0.952911
-0.956854
-0.960490
-0.963820
-0.966841
-0.969555
-0.971959
-0.974054
-0.975839
-0.977314
-0.978478
-0.979332
-0.979875
-0.980108
-0.980031
-0.979643
-0.978946
-0.977941
-0.976626
-0.975004
-0.973075
-0.970839
-0.968298
-0.965453
-0.962305
-0.958856
-0.955105
-0.951056
-0.946709
-0.942067
-0.937129
-0.931900
-0.926380
-0.920571
-0.914475
-0.908095
-0.901432
-0.894489
-0.887269
-0.879773
-0.872005
-0.863966
-0.855660
-0.847088
-0.838255
-0.829163
-0.819815
-0.810213
-0.800362
-0.790264
-0.779922
-0.769340
-0.758521
-0.747469
-0.736187
-0.724679
-0.712947
-0.700997
-0.688831
-0.676454
-0.663870
-0.651081
-0.638093
-0.624909
-0.611534
-0.597971
-0.584225
-0.570299
-0.556199
-0.541928
-0.527491
-0.512892
-0.498135
-0.483226
-0.468169
-0.452967
-0.437627
-0.422151
-0.406546
-0.390815
-0.374964
-0.358997
-0.342920
-0.326735
-0.310450
-0.294068
-0.277594
-0.261033
-0.244391
-0.227671
-0.210880
-0.194021
-0.177101
-0.160123
-0.143094
-0.126017
-0.108899
-0.091743
-0.074556
-0.057342
-0.040106
-0.022853
-0.005589
0.011682
0.028954
0.046223
0.063483
0.080730
0.097957
0.115161
0.132337
0.149478
0.166580
0.183639
0.200649
0.217605
0.234502
0.251336
0.268100
0.284792
0.301404
0.317934
0.334375
0.350723
0.366974
0.383122
0.399162
0.415091
0.430903
0.446593
0.462158
0.477592
0.492891
0.508050
0.523065
0.537932
0.552645
0.567202
0.581596
0.595825
0.609884
0.623768
0.637474
0.650997
0.664334
0.677480
0.690431
0.703184
0.715735
0.728079
0.740214
0.752136
0.763840
0.775323
0.786583
0.797614
0.808415
0.818981
0.829310
0.839398
0.849242
0.858839
0.868186
0.877281
0.886119
0.894699
0.903018
0.911073
0.918861
0.926381
0.933629
0.940603
0.947301
0.953722
0.959861
0.965719
0.971292
0.976579
0.981578
0.986287
0.990705
0.994830
0.998661
1.002196
1.005434
1.008373
1.011014
1.013354
1.015392
1.017128
1.018562
1.019691
1.020517
1.021037
1.021253
1.021163
1.020767
1.020065
1.019057
1.017744
1.016124
1.014200
1.011970
1.009435
1.006596
1.003453
1.000008
0.996260
0.992211
0.987862
0.983214
0.978267
0.973024
0.967486
0.961653
0.955528
0.949113
0.942408
0.935417
0.928140
0.920580
0.912739
0.904618
0.896222
0.887551
0.878608
0.869397
0.859918
0.850176
0.840173
0.829912
0.819396
0.808629
0.797612
0.786350
0.774846
0.763103
0.751126
0.738916
0.726479
0.713818
0.700937
0.687839
0.674529
0.661011
0.647289
0.633366
0.619248
0.604939
0.590444
0.575765
0.560909
0.545880
0.530683
0.515322
0.499802
0.484128
0.468304
0.452337
0.436231
0.419990
0.403621
0.387128
0.370517
0.353793
0.336961
0.320026
0.302994
0.285871
0.268661
0.251371
0.234006
0.216571
0.199072
0.181515
0.163905
0.146248
0.128550
0.110816
0.093053
0.075265
0.057459
0.039640
0.021814
0.003987
-0.013835
-0.031647
-0.049442
-0.067216
-0.084962
-0.102675
-0.120348
-0.137976
-0.155554
-0.173076
-0.190535
-0.207927
-0.225246
-0.242485
-0.259640
-0.276705
-0.293675
-0.310543
-0.327305
-0.343955
-0.360488
-0.376898
-0.393180
-0.409329
-0.425340
-0.441207
-0.456925
-0.472490
-0.487896
-0.503138
-0.518212
-0.533113
-0.547835
-0.562375
-0.576727
-0.590888
-0.604852
-0.618615
-0.632173
-0.645521
-0.658656
-0.671572
-0.684267
-0.696736
-0.708976
-0.720981
-0.732749
-0.744277
-0.755560
-0.766594
-0.777378
-0.787906
-0.798177
-0.808186
-0.817932
-0.827410
-0.836618
-0.845554
-0.854214
-0.862597
-0.870699
-0.878518
-0.886052
-0.893298
-0.900256
-0.906922
-0.913294
-0.919372
-0.925153
-0.930635
-0.935818
-0.940699
-0.945277
-0.949552
-0.953522
-0.957186
-0.960543
-0.963592
-0.966333
-0.968765
-0.970888
-0.972701
-0.974203
-0.975396
-0.976277
-0.976848
-0.977109
-0.977060
-0.976700
-0.976031
-0.975053
-0.973766
-0.972172
-0.970270
-0.968062
-0.965549
-0.962731
-0.959610
-0.956188
-0.952465
-0.948443
-0.944123
-0.939506
-0.934596
-0.929393
-0.923899
-0.918116
-0.912047
-0.905692
-0.899056
-0.892138
-0.884943
-0.877473
-0.869729
-0.861715
-0.853433
-0.844887
-0.836078
-0.827009
-0.817685
-0.808107
-0.798279
-0.788203
-0.777884
-0.767325
-0.756528
-0.745498
-0.734237
-0.722750
-0.711040
-0.699111
-0.686966
-0.674609
-0.662044
-0.649275
-0.636306
-0.623142
-0.609785
-0.596240
-0.582512
-0.568604
-0.554521
-0.540267
-0.525847
-0.511264
-0.496524
-0.481630
-0.466588
-0.451401
-0.436075
-0.420614
-0.405023
-0.389306
-0.373468
-0.357513
-0.341448
-0.325275
-0.309001
-0.292630
-0.276167
-0.259617
-0.242985
-0.226275
-0.209493
-0.192643
-0.175731
-0.158762
-0.141740
-0.124670
-0.107559
-0.090410
-0.073228
-0.056020
-0.038789
-0.021541
-0.004281
0.012985
0.030254
0.047520
0.064777
0.082021
0.099247
0.116450
0.133624
0.150764
0.167866
0.184925
0.201935
0.218892
0.235791
0.252626
0.269393
0.286087
0.302702
0.319235
0.335680
0.352032
0.368287
0.384440
0.400486
0.416420
0.432238
0.447935
0.463506
0.478947
0.494253
0.509420
0.524443
0.539319
0.554041
0.568607
0.583011
0.597249
0.611318
0.625213
0.638930
0.652464
0.665812
0.678970
0.691934
0.704699
0.717263
0.729621
0.741769
0.753704
0.765422
0.776919
0.788193
0.799240
0.810055
0.820637
0.830981
0.841085
0.850945
0.860558
0.869922
0.879033
0.887888
0.896485
0.904821
0.912894
0.920700
0.928237
0.935503
0.942496
0.949212
0.955651
0.961809
0.967686
0.973278
0.978584
0.983602
0.988330
0.992768
0.996912
1.000762
1.004317
1.007575
1.010534
1.013194
1.015554
1.017613
1.019369
1.020822
1.021972
1.022817
1.023358
1.023594
1.023524
1.023148
1.022466
1.021479
1.020185
1.018586
1.016681
1.014471
1.011956
1.009137
1.006014
1.002588
0.998860
0.994831
0.990501
0.985872
0.980945
0.975721
0.970201
0.964387
0.958281
0.951884
0.945198
0.938224
0.930965
0.923423
0.915600
0.907497
0.899117
0.890464
0.881538
0.872343
0.862881
0.853155
0.843168
0.832922
0.822422
0.811669
0.800668
0.789420
0.777931
0.766202
0.754238
0.742043
0.729619
0.716971
0.704102
0.691016
0.677718
0.664212
0.650501
0.636590
0.622483
0.608184
0.593698
0.579030
0.564183
0.549163
0.533975
0.518622
0.503110
0.487443
0.471627
0.455667
0.439567
0.423333
0.406969
0.390482
0.373875
0.357155
0.340327
0.323396
0.306368
0.289248
0.272041
0.254753
0.237389
0.219955
0.202458
0.184901
0.167291
0.149634
0.131935
0.114200
0.096435
0.078646
0.060837
0.043015
0.025186
0.007356
-0.010470
-0.028287
-0.046087
-0.063866
-0.081618
-0.099337
-0.117017
-0.134652
-0.152238
-0.169767
-0.187235
-0.204635
-0.221963
-0.239212
-0.256377
-0.273452
-0.290432
-0.307312
-0.324085
-0.340747
-0.357292
-0.373715
-0.390010
-0.406173
-0.422197
-0.438079
-0.453812
-0.469391
-0.484813
-0.500071
-0.515161
-0.530078
-0.544817
-0.559374
-0.573744
-0.587923
-0.601905
-0.615687
-0.629263
-0.642631
-0.655785
-0.668722
-0.681437
-0.693926
-0.706186
-0.718213
-0.730003
-0.741552
-0.752857
-0.763914
-0.774719
-0.785271
-0.795564
-0.805597
-0.815366
-0.824868
-0.834100
-0.843060
-0.851745
-0.860152
-0.868279
-0.876123
-0.883682
-0.890954
-0.897937
-0.904629
-0.911027
-0.917131
-0.922938
-0.928447
-0.933656
-0.938564
-0.943169
-0.947470
-0.951467
-0.955158
-0.958542
-0.961619
-0.964387
-0.966847
-0.968997
-0.970837
-0.972367
-0.973586
-0.974495
-0.975094
-0.975382
-0.975360
-0.975028
-0.974387
-0.973436
-0.972177
-0.970610
-0.968735
-0.966555
-0.964069
-0.961278
-0.958185
-0.954789
-0.951093
-0.947098
-0.942804
-0.938215
-0.933331
-0.928154
-0.922686
-0.916930
-0.910886
-0.904557
-0.897946
-0.891054
-0.883884
-0.876439
-0.868720
-0.860731
-0.852473
-0.843951
-0.835166
-0.826121
-0.816820
-0.807266
-0.797460
-0.787408
-0.777112
-0.766574
-0.755800
-0.744791
-0.733552
-0.722086
-0.710397
-0.698488
-0.686364
-0.674027
-0.661482
-0.648732
-0.635783
-0.622637
-0.609298
-0.595772
-0.582061
-0.568171
-0.554105
-0.539868
-0.525464
-0.510897
-0.496173
-0.481294
-0.466267
-0.451095
-0.435783
-0.420336
-0.404758
-0.389054
-0.373229
-0.357287
-0.341234
-0.325073
-0.308811
-0.292450
-0.275998
-0.259458
-0.242835
-0.226135
-0.209361
-0.192520
-0.175616
-0.158655
-0.141640
-0.124578
-0.107473
-0.090330
-0.073154
-0.055951
-0.038726
-0.021482
-0.004227
0.013036
0.030302
0.047564
0.064819
0.082061
0.099285
0.116486
0.133659
0.150799
0.167901
0.184960
0.201971
0.218928
0.235828
0.252665
0.269434
0.286130
0.302749
0.319285
0.335733
0.352089
0.368349
0.384506
0.400557
0.416497
0.432320
0.448023
0.463601
0.479049
0.494363
0.509537
0.524568
0.539452
0.554183
0.568757
0.583171
0.597419
0.611498
0.625403
0.639131
0.652676
0.666035
0.679205
0.692180
0.704958
0.717534
0.729904
0.742066
0.754014
0.765746
0.777257
0.788545
0.799606
0.810437
0.821033
0.831393
0.841512
0.851388
0.861017
0.870397
0.879524
0.888396
0.897010
0.905363
0.913453
0.921276
0.928831
0.936115
0.943126
0.949861
0.956318
0.962495
0.968390
0.974001
0.979326
0.984363
0.989111
0.993568
0.997732
1.001602
1.005176
1.008454
1.011433
1.014113
1.016493
1.018572
1.020349
1.021822
1.022992
1.023858
1.024419
1.024675
1.024626
1.024271
1.023610
1.022643
1.021370
1.019791
1.017907
1.015717
1.013223
1.010424
1.007321
1.003916
1.000208
0.996199
0.991889
0.987280
0.982372
0.977168
0.971668
0.965874
0.959787
0.953409
0.946742
0.939788
0.932548
0.925024
0.917219
0.909135
0.900773
0.892137
0.883229
0.874052
0.864607
0.854898
0.844928
0.834700
0.824216
0.813479
0.802493
0.791262
0.779788
0.768074
0.756125
0.743944
0.731534
0.718900
0.706045
0.692973
0.679688
0.666195
0.652496
0.638597
0.624502
0.610214
0.595740
0.581082
0.566246
0.551236
0.536056
0.520713
0.505209
0.489551
0.473743
0.457791
0.441698
0.425471
0.409114
0.392632
0.376032
0.359317
0.342494
0.325567
0.308543
0.291426
0.274222
0.256937
0.239576
0.222144
0.204647
0.187092
0.169483
0.151826
0.134126
0.116391
0.098624
0.080833
0.063022
0.045198
0.027366
0.009532
-0.008298
-0.026119
-0.043924
-0.061709
-0.079466
-0.097191
-0.114878
-0.132520
-0.150113
-0.167650
-0.185126
-0.202536
-0.219872
-0.237131
-0.254306
-0.271392
-0.288384
-0.305275
-0.322060
-0.338734
-0.355292
-0.371728
-0.388036
-0.404213
-0.420251
-0.436147
-0.451895
-0.467491
-0.482928
-0.498202
-0.513309
-0.528243
-0.543000
-0.557575
-0.571963
-0.586159
-0.600161
-0.613961
-0.627558
-0.640945
-0.654119
-0.667077
-0.679812
-0.692323
-0.704604
-0.716653
-0.728464
-0.740036
-0.751363
-0.762443
-0.773271
-0.783846
-0.794163
-0.804220
-0.814013
-0.823539
-0.832796
-0.841780
-0.850490
-0.858922
-0.867074
-0.874943
-0.882528
-0.889826
-0.896835
-0.903552
-0.909977
-0.916107
-0.921940
-0.927476
-0.932711
-0.937646
-0.942278
-0.946606
-0.950630
-0.954348
-0.957759
-0.960863
-0.963658
-0.966144
-0.968322
-0.970189
-0.971746
-0.972993
-0.973929
-0.974555
-0.974871
-0.974876
-0.974571
-0.973956
-0.973032
-0.971800
-0.970259
-0.968412
-0.966258
-0.963798
-0.961034
-0.957967
-0.954598
-0.950928
-0.946958
-0.942691
-0.938127
-0.933268
-0.928117
-0.922674
-0.916942
-0.910924
-0.904620
-0.898033
-0.891165
-0.884019
-0.876598
-0.868902
-0.860936
-0.852702
-0.844203
-0.835440
-0.826418
-0.817139
-0.807607
-0.797823
-0.787792
-0.777517
-0.767000
-0.756246
-0.745258
-0.734039
-0.722593
-0.710923
-0.699033
-0.686928
-0.674609
-0.662082
-0.649351
-0.636419
-0.623290
-0.609969
-0.596459
-0.582765
-0.568890
-0.554840
-0.540618
-0.526229
-0.511677
-0.496967
-0.482103
-0.467089
-0.451930
-0.436631
-0.421197
-0.405631
-0.389939
-0.374125
-0.358195
-0.342152
-0.326002
-0.309749
-0.293398
-0.276955
-0.260424
-0.243810
-0.227117
-0.210352
-0.193519
-0.176622
-0.159667
-0.142659
-0.125602
-0.108503
-0.091365
-0.074195
-0.056996
-0.039775
-0.022535
-0.005283
0.011977
0.029240
0.046500
0.063753
0.080993
0.098216
0.115416
0.132588
0.149728
0.166830
0.183890
0.200901
0.217860
0.234762
0.251601
0.268372
0.285071
0.301692
0.318231
0.334684
0.351044
0.367308
0.383470
0.399526
0.415471
0.431300
0.447009
0.462594
0.478048
0.493369
0.508551
0.523590
0.538481
0.553221
0.567804
0.582226
0.596484
0.610572
0.624488
0.638225
0.651781
0.665151
0.678332
0.691319
0.704108
0.716696
0.729078
0.741252
0.753213
0.764958
0.776483
0.787784
0.798859
0.809704
0.820315
0.830689
0.840823
0.850714
0.860358
0.869753
0.878897
0.887785
0.896415
0.904784
0.912891
0.920731
0.928303
0.935604
0.942632
0.949385
0.955859
0.962054
0.967967
0.973597
0.978940
0.983996
0.988763
0.993238
0.997421
1.001310
1.004904
1.008201
1.011200
1.013900
1.016299
1.018398
1.020194
1.021688
1.022878
1.023764
1.024346
1.024622
1.024593
1.024258
1.023617
1.022670
1.021418
1.019860
1.017996
1.015827
1.013353
1.010574
1.007492
1.004107
1.000419
0.996430
0.992141
0.987552
0.982664
0.977480
0.972000
0.966226
0.960159
0.953801
0.947153
0.940218
0.932997
0.925493
0.917706
0.909641
0.901298
0.892681
0.883791
0.874632
0.865205
0.855514
0.845562
0.835350
0.824883
0.814164
0.803195
0.791979
0.780521
0.768824
0.756890
0.744725
0.732330
0.719711
0.706870
0.693812
0.680541
0.667061
0.653376
0.639490
0.625407
0.611132
0.596669
0.582023
0.567198
0.552198
0.537030
0.521696
0.506203
0.490554
0.474755
0.458811
0.442726
0.426507
0.410157
0.393682
0.377088
0.360380
0.343562
0.326641
0.309621
0.292508
0.275308
0.258027
0.240668
0.223239
0.205745
0.188191
0.170583
0.152927
0.135228
0.117492
0.099725
0.081932
0.064120
0.046294
0.028459
0.010622
-0.007211
-0.025036
-0.042846
-0.060635
-0.078397
-0.096128
-0.113821
-0.131470
-0.149070
-0.166615
-0.184099
-0.201516
-0.218862
-0.236130
-0.253315
-0.270411
-0.287413
-0.304315
-0.321112
-0.337798
-0.354368
-0.370817
-0.387139
-0.403329
-0.419381
-0.435292
-0.451055
-0.466665
-0.482118
-0.497408
-0.512531
-0.527482
-0.542256
-0.556848
-0.571254
-0.585469
-0.599488
-0.613308
-0.626923
-0.640330
-0.653524
-0.666501
-0.679258
-0.691789
-0.704091
-0.716161
-0.727994
-0.739587
-0.750936
-0.762038
-0.772890
-0.783487
-0.793827
-0.803907
-0.813723
-0.823273
-0.832554
-0.841562
-0.850296
-0.858753
-0.866929
-0.874824
-0.882433
-0.889756
-0.896790
-0.903533
-0.909984
-0.916139
-0.921998
-0.927559
-0.932821
-0.937781
-0.942440
-0.946794
-0.950844
-0.954588
-0.958026
-0.961156
-0.963978
-0.966491
-0.968695
-0.970589
-0.972172
-0.973446
-0.974409
-0.975061
-0.975403
-0.975435
-0.975156
-0.974568
-0.973671
-0.972465
-0.970950
-0.969129
-0.967001
-0.964568
-0.961830
-0.958788
-0.955445
-0.951800
-0.947856
-0.943614
-0.939075
-0.934242
-0.929115
-0.923698
-0.917991
-0.911996
-0.905717
-0.899154
-0.892310
-0.885188
-0.877790
-0.870118
-0.862175
-0.853964
-0.845487
-0.836747
-0.827748
-0.818491
-0.808980
-0.799218
-0.789208
-0.778954
-0.768459
-0.757725
-0.746757
-0.735558
-0.724132
-0.712481
-0.700611
-0.688523
-0.676224
-0.663715
-0.651002
-0.638087
-0.624976
-0.611671
-0.598178
-0.584500
-0.570642
-0.556607
-0.542400
-0.528026
-0.513489
-0.498793
-0.483943
-0.468943
-0.453797
-0.438511
-0.423089
-0.407535
-0.391855
-0.376053
-0.360133
-0.344101
-0.327961
-0.311718
-0.295377
-0.278943
-0.262420
-0.245815
-0.229130
-0.212372
-0.195546
-0.178656
-0.161707
-0.144705
-0.127655
-0.110560
-0.093428
-0.076261
-0.059067
-0.041849
-0.024613
-0.007363
0.009894
0.027155
0.044413
0.061665
0.078904
0.096127
0.113327
0.130499
0.147640
0.164743
0.181804
0.198818
0.215779
0.232683
0.249525
0.266300
0.283003
0.299628
0.316172
0.332630
0.348995
0.365265
0.381433
0.397496
0.413447
0.429284
0.445001
0.460593
0.476056
0.491385
0.506576
0.521625
0.536526
0.551276
0.565869
0.580303
0.594571
0.608671
0.622598
0.636348
0.649916
0.663299
0.676493
0.689493
0.702296
0.714898
0.727295
0.739483
0.751459
0.763219
0.774759
0.786077
0.797167
0.808028
0.818656
0.829047
0.839198
0.849106
0.858768
0.868181
0.877342
0.886249
0.894897
0.903286
0.911411
0.919270
0.926862
0.934182
0.941230
0.948003
0.954498
0.960713
0.966646
0.972296
0.977660
0.982737
0.987525
0.992022
0.996226
1.000137
1.003752
1.007070
1.010091
1.012813
1.015234
1.017355
1.019174
1.020689
1.021902
1.022810
1.023414
1.023712
1.023706
1.023393
1.022775
1.021851
1.020621
1.019085
1.017243
1.015096
1.012645
1.009889
1.006829
1.003466
0.999800
0.995833
0.991566
0.986999
0.982133
0.976971
0.971512
0.965760
0.959714
0.953377
0.946751
0.939836
0.932636
0.925153
0.917387
0.909342
0.901019
0.892422
0.883552
0.874412
0.865004
0.855332
0.845399
0.835206
0.824757
0.814056
0.803104
0.791907
0.780466
0.768785
0.756869
0.744719
0.732341
0.719737
0.706912
0.693870
0.680613
0.667148
0.653477
0.639604
0.625535
0.611273
0.596823
0.582189
0.567376
0.552389
0.537231
0.521909
0.506426
0.490787
0.474998
0.459063
0.442988
0.426777
0.410435
0.393968
0.377381
0.360680
0.343869
0.326953
0.309939
0.292832
0.275637
0.258359
0.241005
0.223579
0.206088
0.188537
0.170931
0.153276
0.135579
0.117844
0.100077
0.082285
0.064472
0.046645
0.028809
0.010970
-0.006866
-0.024693
-0.042506
-0.060298
-0.078065
-0.095800
-0.113498
-0.131152
-0.148758
-0.166309
-0.183799
-0.201224
-0.218577
-0.235853
-0.253046
-0.270151
-0.287162
-0.304074
-0.320880
-0.337577
-0.354157
-0.370617
-0.386950
-0.403152
-0.419217
-0.435140
-0.450916
-0.466540
-0.482006
-0.497311
-0.512448
-0.527414
-0.542203
-0.556810
-0.571232
-0.585463
-0.599499
-0.613335
-0.626967
-0.640391
-0.653603
-0.666598
-0.679373
-0.691922
-0.704244
-0.716332
-0.728185
-0.739797
-0.751166
-0.762288
-0.773160
-0.783778
-0.794139
-0.804239
-0.814077
-0.823648
-0.832951
-0.841981
-0.850737
-0.859215
-0.867414
-0.875331
-0.882963
-0.890309
-0.897366
-0.904132
-0.910606
-0.916785
-0.922667
-0.928252
-0.933537
-0.938521
-0.943203
-0.947582
-0.951656
-0.955424
-0.958886
-0.962040
-0.964886
-0.967424
-0.969652
-0.971570
-0.973178
-0.974476
-0.975463
-0.976140
-0.976507
-0.976563
-0.976308
-0.975745
-0.974872
-0.973690
-0.972200
-0.970403
-0.968299
-0.965889
-0.963175
-0.960158
-0.956838
-0.953217
-0.949297
-0.945078
-0.940563
-0.935753
-0.930650
-0.925255
-0.919571
-0.913599
-0.907342
-0.900802
-0.893981
-0.886881
-0.879504
-0.871854
-0.863933
-0.855743
-0.847288
-0.838569
-0.829590
-0.820354
-0.810863
-0.801121
-0.791131
-0.780897
-0.770421
-0.759706
-0.748757
-0.737577
-0.726169
-0.714537
-0.702684
-0.690614
-0.678332
-0.665840
-0.653143
-0.640245
-0.627150
-0.613861
-0.600383
-0.586720
-0.572877
-0.558857
-0.544664
-0.530304
-0.515780
-0.501097
-0.486260
-0.471272
-0.456139
-0.440865
-0.425454
-0.409911
-0.394241
-0.378449
-0.362540
-0.346517
-0.330386
-0.314152
-0.297819
-0.281393
-0.264878
-0.248280
-0.231602
-0.214851
-0.198030
-0.181146
-0.164203
-0.147205
-0.130159
-0.113069
-0.095939
-0.078776
-0.061585
-0.044369
-0.027135
-0.009887
0.007370
0.024629
0.041888
0.059140
0.076380
0.093603
0.110804
0.127979
0.145122
0.162228
0.179292
0.196309
0.213274
0.230183
0.247029
0.263809
0.280518
0.297149
0.313700
0.330164
0.346536
0.362813
0.378990
0.395061
0.411021
0.426867
0.442593
0.458195
0.473669
0.489009
0.504211
0.519271
0.534184
0.548945
0.563552
0.577998
0.592280
0.606393
0.620334
0.634098
0.647681
0.661079
0.674288
0.687304
0.700123
0.712741
0.725155
0.737360
0.749353
0.761130
0.772689
0.784024
0.795133
0.806013
0.816659
0.827069
0.837240
0.847168
0.856850
0.866283
0.875465
0.884392
0.893062
0.901471
0.909618
0.917499
0.925112
0.932455
0.939525
0.946319
0.952837
0.959075
0.965031
0.970704
0.976092
0.981192
0.986003
0.990524
0.994752
0.998686
1.002325
1.005668
1.008713
1.011459
1.013905
1.016050
1.017893
1.019434
1.020671
1.021604
1.022232
1.022556
1.022574
1.022286
1.021693
1.020793
1.019588
1.018077
1.016260
1.014139
1.011712
1.008980
1.005945
1.002607
0.998966
0.995024
0.990781
0.986238
0.981397
0.976259
0.970824
0.965096
0.959074
0.952761
0.946158
0.939267
0.932091
0.924630
0.916887
0.908865
0.900565
0.891990
0.883142
0.874025
0.864639
0.854989
0.845077
0.834905
0.824478
0.813797
0.802866
0.791689
0.780268
0.768608
0.756710
0.744580
0.732221
0.719636
0.706829
0.693805
0.680566
0.667118
0.653464
0.639609
0.625556
0.611310
0.596876
0.582257
0.567459
0.552487
0.537344
0.522035
0.506565
0.490940
0.475164
0.459241
0.443178
0.426978
0.410648
0.394192
0.377616
0.360924
0.344123
0.327216
0.310211
0.293112
0.275925
0.258655
0.241307
0.223888
0.206403
0.188857
0.171256
0.153607
0.135913
0.118182
0.100419
0.082629
0.064819
0.046994
0.029159
0.011322
-0.006514
-0.024341
-0.042154
-0.059948
-0.077716
-0.095452
-0.113152
-0.130809
-0.148418
-0.165972
-0.183467
-0.200896
-0.218255
-0.235536
-0.252735
-0.269846
-0.286864
-0.303782
-0.320597
-0.337301
-0.353890
-0.370359
-0.386702
-0.402913
-0.418989
-0.434922
-0.450709
-0.466344
-0.481823
-0.497139
-0.512289
-0.527268
-0.542070
-0.556692
-0.571127
-0.585373
-0.599424
-0.613275
-0.626923
-0.640363
-0.653591
-0.666603
-0.679395
-0.691962
-0.704300
-0.716407
-0.728277
-0.739908
-0.751296
-0.762437
-0.773328
-0.783966
-0.794347
-0.804467
-0.814325
-0.823917
-0.833240
-0.842291
-0.851068
-0.859568
-0.867789
-0.875727
-0.883382
-0.890750
-0.897829
-0.904617
-0.911113
-0.917315
-0.923220
-0.928828
-0.934136
-0.939144
-0.943849
-0.948251
-0.952348
-0.956140
-0.959625
-0.962803
-0.965673
-0.968234
-0.970486
-0.972428
-0.974060
-0.975381
-0.976392
-0.977093
-0.977483
-0.977563
-0.977332
-0.976792
-0.975942
-0.974784
-0.973317
-0.971543
-0.969463
-0.967076
-0.964385
-0.961391
-0.958094
-0.954496
-0.950598
-0.946402
-0.941909
-0.937121
-0.932039
-0.926666
-0.921004
-0.915054
-0.908818
-0.902298
-0.895498
-0.888419
-0.881063
-0.873433
-0.865532
-0.857361
-0.848925
-0.840226
-0.831266
-0.822048
-0.812576
-0.802853
-0.792881
-0.782664
-0.772205
-0.761508
-0.750576
-0.739412
-0.728020
-0.716403
-0.704566
-0.692512
-0.680244
-0.667767
-0.655085
-0.642201
-0.629119
-0.615844
-0.602379
-0.588729
-0.574897
-0.560889
-0.546708
-0.532359
-0.517846
-0.503174
-0.488346
-0.473368
-0.458244
-0.442979
-0.427577
-0.412043
-0.396381
-0.380596
-0.364693
-0.348677
-0.332553
-0.316325
