4.286062
4.289972
4.293871
4.297760
4.301639
4.305507
4.309364
4.313211
4.317048
4.320874
4.324689
4.328495
4.332289
4.336073
4.339847
4.343610
4.347362
4.351104
4.354835
4.358555
4.362265
4.365965
4.369653
4.373332
4.376999
4.380656
4.384302
4.387937
4.391562
4.395176
4.398779
4.402372
4.405954
4.409525
4.413085
4.416635
4.420173
4.423701
4.427219
4.430725
4.434221
4.437705
4.441179
4.444642
4.448094
4.451536
4.454966
4.458386
4.461794
4.465192
4.468579
4.471955
4.475320
4.478674
4.482017
4.485349
4.488670
4.491980
4.495279
4.498567
4.501844
4.505110
4.508365
4.511609
4.514842
4.518064
4.521275
4.524475
4.527663
4.530841
4.534007
4.537162
4.540306
4.543439
4.546561
4.549672
4.552771
4.555860
4.558937
4.562003
4.565057
4.568101
4.571133
4.574154
4.577164
4.580163
4.583150
4.586126
4.589091
4.592044
4.594986
4.597917
4.600837
4.603745
4.606642
4.609527
4.612402
4.615264
4.618116
4.620956
4.623785
4.626602
4.629408
4.632202
4.634986
4.637757
4.640517
4.643266
4.646004
4.648729
4.651444
4.654147
4.656838
4.659518
4.662187
4.664844
4.667489
4.670123
4.672745
4.675356
4.677956
4.680543
4.683119
4.685684
4.688237
4.690778
4.693308
4.695827
4.698333
4.700828
4.703312
4.705783
4.708243
4.710692
4.713129
4.715554
4.717967
4.720369
4.722759
4.725137
4.727504
4.729859
4.732202
4.734534
4.736854
4.739162
4.741458
4.743743
4.746015
4.748276
4.750526
4.752763
4.754989
4.757203
4.759405
4.761595
4.763774
4.765940
4.768095
4.770238
4.772369
4.774489
4.776596
4.778692
4.780775
4.782847
4.784907
4.786955
4.788991
4.791015
4.793028
4.795028
4.797017
4.798993
4.800958
4.802911
4.804851
4.806780
4.808697
4.810602
4.812495
4.814376
4.816245
4.818102
4.819946
4.821779
4.823600
4.825409
4.827206
4.828991
4.830764
4.832525
4.834273
4.836010
4.837735
4.839447
4.841148
4.842836
4.844513
4.846177
4.847829
4.849470
4.851098
4.852713
4.854317
4.855909
4.857489
4.859056
4.860611
4.862155
4.863686
4.865204
4.866711
4.868206
4.869688
4.871159
4.872617
4.874063
4.875496
4.876918
4.878327
4.879724
4.881109
4.882482
4.883843
4.885191
4.886527
4.887851
4.889163
4.890462
4.891749
4.893024
4.894287
4.895538
4.896776
4.898002
4.899215
4.900417
4.901606
4.902783
4.903947
4.905100
4.906240
4.907367
4.908483
4.909586
4.910677
4.911755
4.912822
4.913876
4.914917
4.915946
4.916963
4.917968
4.918960
4.919940
4.920908
4.921863
4.922806
4.923736
4.924655
4.925560
4.926454
4.927335
4.928204
4.929060
4.929904
4.930736
4.931555
4.932362
4.933156
4.933938
4.934708
4.935465
4.936210
4.936942
4.937663
4.938370
4.939065
4.939748
4.940419
4.941077
4.941722
4.942355
4.942976
4.943584
4.944180
4.944764
4.945335
4.945893
4.946439
4.946973
4.947494
4.948003
4.948499
4.948983
4.949454
4.949913
4.950360
4.950794
4.951215
4.951624
4.952021
4.952405
4.952777
4.953136
4.953483
4.953817
4.954139
4.954448
4.954745
4.955029
4.955301
4.955560
4.955807
4.956041
4.956263
4.956473
4.956669
4.956854
4.957026
4.957185
4.957332
4.957466
4.957588
4.957697
4.957794
4.957879
4.957950
4.958010
4.958057
4.958091
4.958113
4.958122
4.958119
4.958103
4.958075
4.958034
4.957981
4.957915
4.957837
4.957746
4.957642
4.957526
4.957398
4.957257
4.957104
4.956938
4.956759
4.956568
4.956365
4.956149
4.955920
4.955679
4.955425
4.955159
4.954880
4.954589
4.954285
4.953969
4.953640
4.953299
4.952945
4.952579
4.952200
4.951809
4.951405
4.950988
4.950560
4.950118
4.949664
4.949198
4.948719
4.948227
4.947723
4.947206
4.946677
4.946136
4.945582
4.945015
4.944436
4.943844
4.943240
4.942623
4.941994
4.941352
4.940698
4.940031
4.939352
4.938661
4.937956
4.937240
4.936510
4.935769
4.935014
4.934248
4.933468
4.932677
4.931872
4.931056
4.930227
4.929385
4.928531
4.927664
4.926785
4.925893
4.924989
4.924073
4.923144
4.922202
4.921248
4.920282
4.919303
4.918311
4.917308
4.916291
4.915262
4.914221
4.913167
4.912101
4.911023
4.909932
4.908828
4.907712
4.906584
4.905443
4.904290
4.903124
4.901946
4.900755
4.899552
4.898337
4.897109
4.895869
4.894616
4.893351
4.892074
4.890784
4.889482
4.888167
4.886840
4.885500
4.884149
4.882784
4.881408
4.880019
4.878617
4.877203
4.875777
4.874339
4.872888
4.871425
4.869949
4.868461
4.866961
4.865448
4.863923
4.862386
4.860836
4.859274
4.857700
4.856113
4.854514
4.852903
4.851279
4.849643
4.847995
4.846334
4.844661
4.842976
4.841279
4.839569
4.837847
4.836113
4.834366
4.832607
4.830836
4.829053
4.827257
4.825449
4.823629
4.821797
4.819952
4.818095
4.816226
4.814345
4.812451
4.810546
4.808628
4.806697
4.804755
4.802800
4.800834
4.798855
4.796864
4.794860
4.792845
4.790817
4.788777
4.786725
4.784661
4.782585
4.780497
4.778396
4.776283
4.774159
4.772022
4.769873
4.767712
4.765538
4.763353
4.761155
4.758946
4.756724
4.754491
4.752245
4.749987
4.747717
4.745435
4.743141
4.740835
4.738517
4.736187
4.733845
4.731491
4.729125
4.726746
4.724356
4.721954
4.719540
4.717114
4.714676
4.712226
4.709764
4.707290
4.704804
4.702306
4.699796
4.697274
4.694741
4.692195
4.689638
4.687068
4.684487
4.681894
4.679289
4.676672
4.674043
4.671402
4.668749
4.666085
4.663409
4.660721
4.658021
4.655309
4.652586
4.649850
4.647103
4.644344
4.641573
4.638791
4.635997
4.633191
4.630373
4.627543
4.624702
4.621849
4.618984
4.616108
4.613219
4.610319
4.607408
4.604485
4.601550
4.598603
4.595645
4.592675
4.589693
4.586700
4.583695
4.580678
4.577650
4.574610
4.571559
4.568496
4.565421
4.562335
4.559238
4.556128
4.553007
4.549875
4.546731
4.543576
4.540409
4.537230
4.534040
4.530839
4.527626
4.524401
4.521165
4.517918
4.514659
4.511389
4.508107
4.504814
4.501510
4.498194
4.494866
4.491527
4.488177
4.484816
4.481443
4.478059
4.474663
4.471256
4.467838
4.464408
4.460967
4.457515
4.454052
4.450577
4.447091
4.443593
4.440085
4.436565
4.433034
4.429492
4.425938
4.422373
4.418798
4.415210
4.411612
4.408003
4.404382
4.400750
4.397107
4.393453
4.389788
4.386112
4.382424
4.378726
4.375016
4.371296
4.367564
4.363821
4.360067
4.356303
4.352527
4.348740
4.344942
4.341133
4.337313
4.333482
4.329641
4.325788
4.321924
4.318050
4.314164
4.310268
4.306360
4.302442
4.298513
4.294573
4.290622
4.286660
4.282688
4.278705
4.274710
4.270705
4.266690
4.262663
4.258626
4.254578
4.250519
4.246449
4.242369
4.238278
4.234176
4.230064
4.225941
4.221807
4.217663
4.213507
4.209342
4.205165
4.200978
4.196781
4.192573
4.188354
4.184125
4.179885
4.175634
4.171373
4.167102
4.162820
4.158527
4.154224
4.149911
4.145587
4.141252
4.136907
4.132552
4.128186
4.123810
4.119423
4.115027
4.110619
4.106202
4.101773
4.097335
4.092886
4.088427
4.083958
4.079478
4.074989
4.070488
4.065978
4.061457
4.056926
4.052385
4.047834
4.043272
4.038701
4.034119
4.029527
4.024925
4.020312
4.015690
4.011057
4.006415
4.001762
3.997099
3.992426
3.987744
3.983051
3.978348
3.973635
3.968912
3.964179
3.959436
3.954683
3.949920
3.945148
3.940365
3.935572
3.930770
3.925958
3.921135
3.916303
3.911461
3.906610
3.901748
3.896877
3.891996
3.887105
3.882204
3.877294
3.872373
3.867444
3.862504
3.857555
3.852596
3.847627
3.842649
3.837661
3.832663
3.827656
3.822639
3.817613
3.812577
3.807532
3.802476
3.797412
3.792338
3.787254
3.782161
3.777058
3.771946
3.766825
3.761694
3.756553
3.751404
3.746244
3.741076
3.735898
3.730711
3.725514
3.720308
3.715093
3.709868
3.704634
3.699391
3.694139
3.688877
3.683606
3.678326
3.673037
3.667738
3.662430
3.657114
3.651788
3.646452
3.641108
3.635755
3.630392
3.625021
3.619640
3.614251
3.608852
3.603445
3.598028
3.592602
3.587168
3.581724
3.576272
3.570810
3.565340
3.559861
3.554372
3.548875
3.543370
3.537855
3.532331
3.526799
3.521258
3.515708
3.510149
3.504582
3.499006
3.493421
3.487827
3.482225
3.476614
3.470994
3.465366
3.459729
3.454084
3.448429
3.442767
3.437095
3.431416
3.425727
3.420030
3.414325
3.408611
3.402889
3.397158
3.391418
3.385671
3.379914
3.374150
3.368377
3.362596
3.356806
3.351008
3.345201
3.339387
3.333564
3.327732
3.321893
3.316045
3.310189
3.304325
3.298452
3.292572
3.286683
3.280786
3.274881
3.268968
3.263046
3.257117
3.251179
3.245234
3.239280
3.233319
3.227349
3.221371
3.215386
3.209392
3.203391
3.197381
3.191364
3.185338
3.179305
3.173264
3.167215
3.161158
3.155094
3.149021
3.142941
3.136853
3.130757
3.124654
3.118543
3.112424
3.106297
3.100163
3.094021
3.087871
3.081714
3.075549
3.069377
3.063197
3.057009
3.050814
3.044611
3.038401
3.032184
3.025958
3.019726
3.013486
3.007238
3.000983
2.994721
2.988451
2.982174
2.975890
2.969598
2.963299
2.956993
2.950679
2.944358
2.938030
2.931694
2.925352
2.919002
2.912645
2.906281
2.899909
2.893531
2.887145
2.880752
2.874353
2.867946
2.861532
2.855111
2.848683
2.842248
2.835806
2.829357
2.822901
2.816438
2.809969
2.803492
2.797009
2.790518
2.784021
2.777517
2.771006
2.764489
2.757964
2.751433
2.744895
2.738350
2.731799
2.725241
2.718676
2.712105
2.705527
2.698942
2.692351
2.685753
2.679148
2.672537
2.665920
2.659296
2.652665
2.646028
2.639384
2.632734
2.626078
2.619415
2.612746
2.606070
2.599388
2.592700
2.586005
2.579304
2.572597
2.565883
2.559163
2.552437
2.545705
2.538966
2.532222
2.525471
2.518714
2.511950
2.505181
2.498406
2.491624
2.484836
2.478043
2.471243
2.464437
2.457626
2.450808
2.443984
2.437155
2.430319
2.423478
2.416630
2.409777
2.402918
2.396053
2.389182
2.382306
2.375423
2.368535
2.361641
2.354742
2.347837
2.340925
2.334009
2.327086
2.320158
2.313225
2.306285
2.299341
2.292390
2.285434
2.278473
2.271506
2.264533
2.257555
2.250571
2.243583
2.236588
2.229588
2.222583
2.215573
2.208557
2.201535
2.194509
2.187477
2.180440
2.173397
2.166349
2.159296
2.152238
2.145175
2.138106
2.131032
2.123954
2.116870
2.109780
2.102686
2.095587
2.088483
2.081373
2.074259
2.067139
2.060015
2.052886
2.045751
2.038612
2.031468
2.024319
2.017165
2.010006
2.002843
1.995675
1.988501
1.981323
1.974141
1.966953
1.959761
1.952564
1.945362
1.938156
1.930945
1.923729
1.916509
1.909284
1.902055
1.894821
1.887582
1.880339
1.873092
1.865840
1.858583
1.851322
1.844057
1.836787
1.829513
1.822234
1.814951
1.807664
1.800372
1.793076
1.785776
1.778472
1.771163
1.763850
1.756533
1.749211
1.741886
1.734556
1.727222
1.719884
1.712542
1.705196
1.697845
1.690491
1.683133
1.675770
1.668404
1.661033
1.653659
1.646281
1.638899
1.631512
1.624122
1.616729
1.609331
1.601929
1.594524
1.587115
1.579702
1.572285
1.564865
1.557441
1.550013
1.542581
1.535146
1.527707
1.520265
1.512819
1.505369
1.497916
1.490459
1.482999
1.475535
1.468068
1.460597
1.453123
1.445645
1.438164
1.430679
1.423191
1.415700
1.408205
1.400707
1.393206
1.385701
1.378194
1.370682
1.363168
1.355651
1.348130
1.340606
1.333079
1.325548
1.318015
1.310478
1.302939
1.295396
1.287850
1.280302
1.272750
1.265195
1.257637
1.250076
1.242513
1.234946
1.227377
1.219804
1.212229
1.204651
1.197070
1.189486
1.181900
1.174310
1.166718
1.159123
1.151526
1.143925
1.136322
1.128717
1.121109
1.113498
1.105884
1.098268
1.090649
1.083028
1.075404
1.067778
1.060149
1.052518
1.044884
1.037248
1.029610
1.021969
1.014325
1.006680
0.999032
0.991381
0.983728
0.976073
0.968416
0.960756
0.953095
0.945431
0.937764
0.930096
0.922425
0.914753
0.907078
0.899401
0.891722
0.884041
0.876357
0.868672
0.860985
0.853296
0.845605
0.837911
0.830216
0.822519
0.814820
0.807119
0.799417
0.791712
0.784006
0.776297
0.768587
0.760876
0.753162
0.745447
0.737730
0.730011
0.722291
0.714569
0.706845
0.699120
0.691393
0.683664
0.675934
0.668202
0.660469
0.652734
0.644998
0.637260
0.629521
0.621780
0.614038
0.606295
0.598550
0.590804
0.583056
0.575307
0.567557
0.559805
0.552053
0.544298
0.536543
0.528787
0.521029
0.513270
0.505510
0.497748
0.489986
0.482222
0.474458
0.466692
0.458925
0.451158
0.443389
0.435619
0.427848
0.420076
0.412303
0.404530
0.396755
0.388980
0.381203
0.373426
0.365648
0.357869
0.350089
0.342309
0.334528
0.326746
0.318963
0.311179
0.303395
0.295610
0.287825
0.280039
0.272252
0.264465
0.256677
0.248888
0.241099
0.233309
0.225519
0.217729
0.209938
0.202146
0.194354
0.186562
0.178769
0.170976
0.163182
0.155388
0.147594
0.139799
0.132004
0.124209
0.116414
0.108618
0.100822
0.093026
0.085230
0.077433
0.069637
0.061840
0.054043
0.046246
0.038449
0.030652
0.022855
0.015058
0.007260
-0.000537
-0.008334
-0.016131
-0.023928
-0.031725
-0.039522
-0.047319
-0.055115
-0.062912
-0.070708
-0.078504
-0.086300
-0.094096
-0.101891
-0.109687
-0.117481
-0.125276
-0.133070
-0.140864
-0.148658
-0.156451
-0.164244
-0.172037
-0.179829
-0.187620
-0.195412
-0.203202
-0.210992
-0.218782
-0.226571
-0.234360
-0.242148
-0.249936
-0.257722
-0.265509
-0.273294
-0.281079
-0.288864
-0.296647
-0.304430
-0.312213
-0.319994
-0.327775
-0.335555
-0.343334
-0.351112
-0.358890
-0.366667
-0.374443
-0.382218
-0.389992
-0.397765
-0.405537
-0.413308
-0.421079
-0.428848
-0.436616
-0.444384
-0.452150
-0.459915
-0.467679
-0.475443
-0.483205
-0.490965
-0.498725
-0.506484
-0.514241
-0.521997
-0.529752
-0.537506
-0.545259
-0.553010
-0.560760
-0.568509
-0.576256
-0.584002
-0.591747
-0.599490
-0.607232
-0.614973
-0.622712
-0.630450
-0.638186
-0.645921
-0.653654
-0.661386
-0.669116
-0.676845
-0.684572
-0.692298
-0.700022
-0.707744
-0.715465
-0.723185
-0.730902
-0.738618
-0.746332
-0.754045
-0.761755
-0.769464
-0.777172
-0.784877
-0.792581
-0.800283
-0.807983
-0.815681
-0.823377
-0.831072
-0.838765
-0.846455
-0.854144
-0.861831
-0.869516
-0.877199
-0.884880
-0.892558
-0.900235
-0.907910
-0.915583
-0.923254
-0.930922
-0.938589
-0.946253
-0.953915
-0.961575
-0.969233
-0.976889
-0.984542
-0.992193
-0.999842
-1.007489
-1.015134
-1.022776
-1.030416
-1.038053
-1.045688
-1.053321
-1.060952
-1.068580
-1.076205
-1.083829
-1.091449
-1.099068
-1.106683
-1.114297
-1.121908
-1.129516
-1.137122
-1.144725
-1.152326
-1.159924
-1.167519
-1.175112
-1.182702
-1.190290
-1.197874
-1.205457
-1.213036
-1.220613
-1.228187
-1.235758
-1.243326
-1.250892
-1.258455
-1.266015
-1.273572
-1.281127
-1.288678
-1.296227
-1.303772
-1.311315
-1.318855
-1.326392
-1.333926
-1.341457
-1.348985
-1.356510
-1.364032
-1.371551
-1.379067
-1.386580
-1.394089
-1.401596
-1.409099
-1.416600
-1.424097
-1.431591
-1.439082
-1.446569
-1.454054
-1.461535
-1.469013
-1.476487
-1.483959
-1.491427
-1.498891
-1.506353
-1.513811
-1.521266
-1.528717
-1.536165
-1.543609
-1.551050
-1.558488
-1.565922
-1.573353
-1.580780
-1.588204
-1.595624
-1.603041
-1.610454
-1.617864
-1.625270
-1.632672
-1.640071
-1.647466
-1.654858
-1.662245
-1.669630
-1.677010
-1.684387
-1.691760
-1.699129
-1.706495
-1.713857
-1.721215
-1.728569
-1.735920
-1.743266
-1.750609
-1.757948
-1.765283
-1.772614
-1.779942
-1.787265
-1.794584
-1.801900
-1.809211
-1.816519
-1.823822
-1.831122
-1.838418
-1.845709
-1.852996
-1.860280
-1.867559
-1.874834
-1.882105
-1.889372
-1.896635
-1.903894
-1.911148
-1.918398
-1.925644
-1.932886
-1.940124
-1.947357
-1.954586
-1.961811
-1.969032
-1.976248
-1.983460
-1.990668
-1.997871
-2.005070
-2.012264
-2.019454
-2.026640
-2.033821
-2.040998
-2.048170
-2.055338
-2.062502
-2.069660
-2.076815
-2.083965
-2.091110
-2.098251
-2.105387
-2.112519
-2.119646
-2.126768
-2.133886
-2.140999
-2.148107
-2.155211
-2.162310
-2.169405
-2.176494
-2.183579
-2.190660
-2.197735
-2.204806
-2.211872
-2.218933
-2.225989
-2.233041
-2.240087
-2.247129
-2.254166
-2.261198
-2.268225
-2.275247
-2.282265
-2.289277
-2.296284
-2.303287
-2.310284
-2.317276
-2.324264
-2.331246
-2.338224
-2.345196
-2.352163
-2.359125
-2.366082
-2.373034
-2.379981
-2.386923
-2.393859
-2.400791
-2.407717
-2.414638
-2.421553
-2.428464
-2.435369
-2.442269
-2.449164
-2.456054
-2.462938
-2.469817
-2.476691
-2.483559
-2.490422
-2.497279
-2.504132
-2.510978
-2.517820
-2.524656
-2.531487
-2.538312
-2.545131
-2.551946
-2.558754
-2.565558
-2.572356
-2.579148
-2.585935
-2.592716
-2.599491
-2.606261
-2.613026
-2.619785
-2.626538
-2.633286
-2.640028
-2.646764
-2.653495
-2.660220
-2.666939
-2.673652
-2.680360
-2.687062
-2.693759
-2.700450
-2.707134
-2.713814
-2.720487
-2.727154
-2.733816
-2.740472
-2.747122
-2.753766
-2.760404
-2.767037
-2.773663
-2.780284
-2.786898
-2.793507
-2.800110
-2.806706
-2.813297
-2.819882
-2.826461
-2.833034
-2.839600
-2.846161
-2.852716
-2.859264
-2.865807
-2.872343
-2.878874
-2.885398
-2.891916
-2.898428
-2.904934
-2.911433
-2.917927
-2.924414
-2.930895
-2.937370
-2.943839
-2.950301
-2.956757
-2.963207
-2.969651
-2.976088
-2.982519
-2.988943
-2.995362
-3.001774
-3.008179
-3.014579
-3.020972
-3.027358
-3.033738
-3.040112
-3.046479
-3.052840
-3.059195
-3.065542
-3.071884
-3.078219
-3.084547
-3.090869
-3.097185
-3.103494
-3.109796
-3.116092
-3.122381
-3.128664
-3.134940
-3.141209
-3.147472
-3.153728
-3.159978
-3.166221
-3.172457
-3.178687
-3.184910
-3.191126
-3.197335
-3.203538
-3.209734
-3.215923
-3.222106
-3.228282
-3.234451
-3.240613
-3.246768
-3.252917
-3.259059
-3.265193
-3.271321
-3.277443
-3.283557
-3.289664
-3.295765
-3.301859
-3.307945
-3.314025
-3.320098
-3.326164
-3.332223
-3.338275
-3.344320
-3.350358
-3.356388
-3.362412
-3.368429
-3.374439
-3.380442
-3.386438
-3.392426
-3.398408
-3.404382
-3.410350
-3.416310
-3.422263
-3.428209
-3.434148
-3.440080
-3.446004
-3.451921
-3.457831
-3.463734
-3.469630
-3.475518
-3.481400
-3.487274
-3.493140
-3.499000
-3.504852
-3.510697
-3.516534
-3.522364
-3.528187
-3.534003
-3.539811
-3.545612
-3.551405
-3.557191
-3.562970
-3.568741
-3.574505
-3.580262
-3.586011
-3.591752
-3.597486
-3.603213
-3.608932
-3.614644
-3.620348
-3.626045
-3.631734
-3.637415
-3.643090
-3.648756
-3.654415
-3.660067
-3.665710
-3.671347
-3.676975
-3.682596
-3.688210
-3.693816
-3.699414
-3.705004
-3.710587
-3.716162
-3.721730
-3.727290
-3.732842
-3.738386
-3.743923
-3.749452
-3.754973
-3.760487
-3.765992
-3.771490
-3.776980
-3.782463
-3.787937
-3.793404
-3.798863
-3.804314
-3.809757
-3.815193
-3.820620
-3.826040
-3.831452
-3.836856
-3.842252
-3.847640
-3.853020
-3.858392
-3.863757
-3.869113
-3.874462
-3.879802
-3.885135
-3.890459
-3.895776
-3.901084
-3.906385
-3.911677
-3.916962
-3.922238
-3.927506
-3.932767
-3.938019
-3.943263
-3.948499
-3.953727
-3.958947
-3.964159
-3.969362
-3.974558
-3.979745
-3.984924
-3.990095
-3.995258
-4.000413
-4.005560
-4.010698
-4.015828
-4.020950
-4.026064
-4.031169
-4.036266
-4.041355
-4.046436
-4.051508
-4.056572
-4.061628
-4.066676
-4.071715
-4.076746
-4.081769
-4.086783
-4.091789
-4.096786
-4.101776
-4.106756
-4.111729
-4.116693
-4.121649
-4.126596
-4.131535
-4.136466
-4.141388
-4.146301
-4.151206
-4.156103
-4.160991
-4.165871
-4.170743
-4.175605
-4.180460
-4.185306
-4.190143
-4.194972
-4.199792
-4.204604
-4.209407
-4.214202
-4.218988
-4.223765
-4.228534
-4.233295
-4.238046
-4.242790
-4.247524
-4.252250
-4.256967
-4.261676
-4.266376
-4.271067
-4.275750
-4.280424
-4.285090
-4.289746
-4.294394
-4.299034
-4.303664
-4.308286
-4.312899
-4.317504
-4.322099
-4.326686
-4.331265
-4.335834
-4.340395
-4.344947
-4.349490
-4.354024
-4.358549
-4.363066
-4.367574
-4.372073
-4.376563
-4.381045
-4.385517
-4.389981
-4.394436
-4.398882
-4.403319
-4.407747
-4.412166
-4.416577
-4.420978
-4.425371
-4.429754
-4.434129
-4.438495
-4.442852
-4.447200
-4.451538
-4.455868
-4.460189
-4.464501
-4.468804
-4.473098
-4.477384
-4.481660
-4.485927
-4.490185
-4.494433
-4.498673
-4.502904
-4.507126
-4.511339
-4.515542
-4.519737
-4.523923
-4.528099
-4.532266
-4.536425
-4.540574
-4.544714
-4.548845
-4.552966
-4.557079
-4.561183
-4.565277
-4.569362
-4.573438
-4.577505
-4.581563
-4.585611
-4.589650
-4.593681
-4.597701
-4.601713
-4.605716
-4.609709
-4.613693
-4.617668
-4.621633
-4.625589
-4.629537
-4.633474
-4.637403
-4.641322
-4.645232
-4.649133
-4.653024
-4.656906
-4.660779
-4.664642
-4.668496
-4.672341
-4.676177
-4.680003
-4.683819
-4.687627
-4.691425
-4.695214
-4.698993
-4.702763
-4.706524
-4.710275
-4.714016
-4.717749
-4.721472
-4.725185
-4.728890
-4.732584
-4.736270
-4.739945
-4.743612
-4.747269
-4.750916
-4.754554
-4.758183
-4.761802
-4.765412
-4.769012
-4.772602
-4.776184
-4.779755
-4.783317
-4.786870
-4.790413
-4.793947
-4.797471
-4.800985
-4.804490
-4.807986
-4.811472
-4.814948
-4.818415
-4.821872
-4.825319
-4.828757
-4.832186
-4.835605
-4.839014
-4.842414
-4.845804
-4.849184
-4.852555
-4.855916
-4.859268
-4.862610
-4.865942
-4.869264
-4.872577
-4.875881
-4.879174
-4.882458
-4.885733
-4.888997
-4.892252
-4.895498
-4.898733
-4.901959
-4.905175
-4.908382
-4.911579
-4.914766
-4.917943
-4.921111
-4.924268
-4.927417
-4.930555
-4.933684
-4.936802
-4.939912
-4.943011
-4.946101
-4.949180
-4.952250
-4.955311
-4.958361
-4.961402
-4.964433
-4.967454
-4.970465
-4.973467
-4.976458
-4.979440
-4.982412
-4.985374
-4.988327
-4.991269
-4.994202
-4.997125
-5.000038
-5.002941
-5.005834
-5.008717
-5.011591
-5.014455
-5.017308
-5.020152
-5.022986
-5.025810
-5.028625
-5.031429
-5.034223
-5.037008
-5.039783
-5.042547
-5.045302
-5.048047
-5.050782
-5.053507
-5.056222
-5.058927
-5.061622
-5.064307
-5.066982
-5.069648
-5.072303
-5.074948
-5.077584
-5.080209
-5.082824
-5.085430
-5.088025
-5.090611
-5.093186
-5.095752
-5.098307
-5.100853
-5.103388
-5.105914
-5.108429
-5.110934
-5.113430
-5.115915
-5.118390
-5.120856
-5.123311
-5.125756
-5.128191
-5.130616
-5.133031
-5.135436
-5.137831
-5.140216
-5.142591
-5.144956
-5.147310
-5.149655
-5.151989
-5.154314
-5.156628
-5.158932
-5.161227
-5.163511
-5.165784
-5.168048
-5.170302
-5.172546
-5.174779
-5.177002
-5.179216
-5.181419
-5.183612
-5.185795
-5.187967
-5.190130
-5.192282
-5.194425
-5.196557
-5.198679
-5.200791
-5.202892
-5.204984
-5.207065
-5.209136
-5.211197
-5.213248
-5.215289
-5.217319
-5.219340
-5.221350
-5.223350
-5.225339
-5.227319
-5.229288
-5.231247
-5.233196
-5.235135
-5.237064
-5.238982
-5.240890
-5.242788
-5.244676
-5.246553
-5.248421
-5.250278
-5.252124
-5.253961
-5.255787
-5.257603
-5.259409
-5.261205
-5.262990
-5.264766
-5.266530
-5.268285
-5.270029
-5.271764
-5.273487
-5.275201
-5.276904
-5.278598
-5.280280
-5.281953
-5.283615
-5.285267
-5.286909
-5.288540
-5.290162
-5.291773
-5.293373
-5.294963
-5.296544
-5.298113
-5.299673
-5.301222
-5.302761
-5.304289
-5.305808
-5.307316
-5.308813
-5.310301
-5.311778
-5.313244
-5.314701
-5.316147
-5.317583
-5.319008
-5.320423
-5.321828
-5.323223
-5.324607
-5.325981
-5.327344
-5.328697
-5.330040
-5.331373
-5.332695
-5.334007
-5.335308
-5.336599
-5.337880
-5.339151
-5.340411
-5.341661
-5.342900
-5.344129
-5.345348
-5.346556
-5.347754
-5.348942
-5.350119
-5.351286
-5.352443
-5.353589
-5.354725
-5.355850
-5.356965
-5.358070
-5.359164
-5.360248
-5.361322
-5.362385
-5.363438
-5.364481
-5.365513
-5.366535
-5.367546
-5.368547
-5.369538
-5.370518
-5.371488
-5.372447
-5.373396
-5.374335
-5.375263
-5.376181
-5.377089
-5.377986
-5.378873
-5.379749
-5.380615
-5.381471
-5.382316
-5.383151
-5.383975
-5.384789
-5.385593
-5.386386
-5.387169
-5.387941
-5.388703
-5.389455
-5.390196
-5.390927
-5.391647
-5.392357
-5.393057
-5.393746
-5.394425
-5.395093
-5.395751
-5.396398
-5.397036
-5.397662
-5.398279
-5.398884
-5.399480
-5.400065
-5.400640
-5.401204
-5.401758
-5.402301
-5.402834
-5.403357
-5.403869
-5.404371
-5.404862
-5.405343
-5.405814
-5.406274
-5.406723
-5.407163
-5.407592
-5.408010
-5.408418
-5.408816
-5.409203
-5.409580
-5.409946
-5.410302
-5.410647
-5.410983
-5.411307
-5.411622
-5.411925
-5.412219
-5.412502
-5.412775
-5.413037
-5.413288
-5.413530
-5.413761
-5.413981
-5.414191
-5.414391
-5.414580
-5.414759
-5.414928
-5.415086
-5.415233
-5.415371
-5.415497
-5.415614
-5.415720
-5.415815
-5.415900
-5.415975
-5.416040
-5.416093
-5.416137
-5.416170
-5.416193
-5.416205
-5.416207
-5.416198
-5.416179
-5.416150
-5.416110
-5.416060
-5.415999
-5.415928
-5.415847
-5.415755
-5.415653
-5.415540
-5.415417
-5.415284
-5.415140
-5.414986
-5.414822
-5.414647
-5.414461
-5.414265
-5.414059
-5.413843
-5.413616
-5.413378
-5.413131
-5.412872
-5.412604
-5.412325
-5.412036
-5.411736
-5.411426
-5.411105
-5.410775
-5.410433
-5.410082
-5.409720
-5.409347
-5.408965
-5.408572
-5.408168
-5.407754
-5.407330
-5.406895
-5.406450
-5.405995
-5.405529
-5.405053
-5.404567
-5.404070
-5.403563
-5.403045
-5.402517
-5.401979
-5.401430
-5.400872
-5.400302
-5.399723
-5.399133
-5.398532
-5.397921
-5.397300
-5.396669
-5.396027
-5.395375
-5.394713
-5.394040
-5.393357
-5.392663
-5.391960
-5.391245
-5.390521
-5.389786
-5.389041
-5.388286
-5.387520
-5.386744
-5.385958
-5.385161
-5.384354
-5.383536
-5.382709
-5.381871
-5.381023
-5.380164
-5.379295
-5.378416
-5.377527
-5.376627
-5.375717
-5.374796
-5.373866
-5.372925
-5.371973
-5.371012
-5.370040
-5.369058
-5.368066
-5.367063
-5.366050
-5.365027
-5.363994
-5.362950
-5.361896
-5.360832
-5.359757
-5.358672
-5.357577
-5.356472
-5.355356
-5.354231
-5.353094
-5.351948
-5.350792
-5.349625
-5.348448
-5.347261
-5.346063
-5.344855
-5.343637
-5.342409
-5.341171
-5.339922
-5.338663
-5.337394
-5.336115
-5.334826
-5.333526
-5.332216
-5.330896
-5.329566
-5.328225
-5.326875
-5.325514
-5.324143
-5.322761
-5.321370
-5.319968
-5.318557
-5.317135
-5.315703
-5.314260
-5.312808
-5.311345
-5.309872
-5.308389
-5.306896
-5.305393
-5.303880
-5.302356
-5.300822
-5.299279
-5.297725
-5.296161
-5.294586
-5.293002
-5.291407
-5.289803
-5.288188
-5.286563
-5.284928
-5.283283
-5.281628
-5.279963
-5.278288
-5.276602
-5.274907
-5.273201
-5.271485
-5.269759
-5.268024
-5.266278
-5.264522
-5.262755
-5.260979
-5.259193
-5.257397
-5.255591
-5.253774
-5.251948
-5.250111
-5.248265
-5.246408
-5.244542
-5.242665
-5.240778
-5.238882
-5.236975
-5.235058
-5.233132
-5.231195
-5.229248
-5.227291
-5.225325
-5.223348
-5.221361
-5.219365
-5.217358
-5.215341
-5.213315
-5.211278
-5.209232
-5.207175
-5.205109
-5.203032
-5.200946
-5.198849
-5.196743
-5.194627
-5.192501
-5.190365
-5.188219
-5.186063
-5.183897
-5.181721
-5.179536
-5.177340
-5.175135
-5.172919
-5.170694
-5.168459
-5.166214
-5.163959
-5.161694
-5.159419
-5.157135
-5.154840
-5.152536
-5.150222
-5.147898
-5.145564
-5.143220
-5.140867
-5.138504
-5.136130
-5.133747
-5.131355
-5.128952
-5.126539
-5.124117
-5.121685
-5.119243
-5.116792
-5.114330
-5.111859
-5.109378
-5.106887
-5.104387
-5.101876
-5.099356
-5.096826
-5.094287
-5.091737
-5.089178
-5.086609
-5.084031
-5.081443
-5.078845
-5.076237
-5.073619
-5.070992
-5.068355
-5.065709
-5.063052
-5.060387
-5.057711
-5.055026
-5.052331
-5.049626
-5.046912
-5.044188
-5.041454
-5.038711
-5.035958
-5.033195
-5.030423
-5.027641
-5.024849
-5.022048
-5.019238
-5.016417
-5.013587
-5.010748
-5.007899
-5.005040
-5.002172
-4.999294
-4.996406
-4.993509
-4.990603
-4.987687
-4.984761
-4.981826
-4.978881
-4.975926
-4.972963
-4.969989
-4.967006
-4.964014
-4.961012
-4.958000
-4.954979
-4.951949
-4.948909
-4.945860
-4.942801
-4.939732
-4.936655
-4.933567
-4.930471
-4.927364
-4.924249
-4.921124
-4.917989
-4.914845
-4.911692
-4.908529
-4.905357
-4.902175
-4.898984
-4.895784
-4.892574
-4.889355
-4.886127
-4.882889
-4.879642
-4.876385
-4.873119
-4.869844
-4.866559
-4.863265
-4.859962
-4.856649
-4.853327
-4.849996
-4.846655
-4.843306
-4.839946
-4.836578
-4.833200
-4.829813
-4.826417
-4.823012
-4.819597
-4.816173
-4.812739
-4.809297
-4.805845
-4.802384
-4.798914
-4.795435
-4.791946
-4.788448
-4.784941
-4.781425
-4.777900
-4.774365
-4.770822
-4.767269
-4.763707
-4.760136
-4.756555
-4.752966
-4.749367
-4.745760
-4.742143
-4.738517
-4.734882
-4.731238
-4.727584
-4.723922
-4.720251
-4.716570
-4.712881
-4.709182
-4.705475
-4.701758
-4.698032
-4.694298
-4.690554
-4.686801
-4.683039
-4.679268
-4.675489
-4.671700
-4.667902
-4.664095
-4.660280
-4.656455
-4.652621
-4.648779
-4.644927
-4.641067
-4.637197
-4.633319
-4.629432
-4.625536
-4.621631
-4.617717
-4.613794
-4.609862
-4.605922
-4.601972
-4.598014
-4.594047
-4.590071
-4.586086
-4.582092
-4.578090
-4.574079
-4.570058
-4.566030
-4.561992
-4.557945
-4.553890
-4.549826
-4.545753
-4.541672
-4.537581
-4.533482
-4.529374
-4.525258
-4.521133
-4.516999
-4.512856
-4.508705
-4.504545
-4.500376
-4.496198
-4.492012
-4.487817
-4.483614
-4.479402
-4.475181
-4.470952
-4.466714
-4.462467
-4.458212
-4.453948
-4.449676
-4.445395
-4.441105
-4.436807
-4.432501
-4.428185
-4.423861
-4.419529
-4.415188
-4.410839
-4.406481
-4.402114
-4.397740
-4.393356
-4.388964
-4.384564
-4.380155
-4.375738
-4.371312
-4.366878
-4.362435
-4.357984
-4.353524
-4.349056
-4.344580
-4.340095
-4.335602
-4.331101
-4.326591
-4.322072
-4.317546
-4.313011
-4.308467
-4.303916
-4.299356
-4.294788
-4.290211
-4.285626
-4.281033
-4.276431
-4.271822
-4.267204
-4.262577
-4.257943
-4.253300
-4.248649
-4.243990
-4.239322
-4.234646
-4.229962
-4.225270
-4.220570
-4.215862
-4.211145
-4.206420
-4.201687
-4.196946
-4.192197
-4.187440
-4.182674
-4.177901
-4.173119
-4.168329
-4.163531
-4.158725
-4.153911
-4.149089
-4.144259
-4.139421
-4.134575
-4.129721
-4.124858
-4.119988
-4.115110
-4.110224
-4.105330
-4.100427
-4.095517
-4.090599
-4.085673
-4.080739
-4.075797
-4.070848
-4.065890
-4.060924
-4.055951
-4.050969
-4.045980
-4.040983
-4.035978
-4.030965
-4.025944
-4.020916
-4.015880
-4.010835
-4.005783
-4.000724
-3.995656
-3.990581
-3.985498
-3.980407
-3.975309
-3.970202
-3.965088
-3.959966
-3.954837
-3.949700
-3.944555
-3.939402
-3.934242
-3.929074
-3.923899
-3.918716
-3.913525
-3.908326
-3.903120
-3.897907
-3.892685
-3.887457
-3.882220
-3.876976
-3.871724
-3.866465
-3.861199
-3.855924
-3.850643
-3.845354
-3.840057
-3.834753
-3.829441
-3.824122
-3.818795
-3.813461
-3.808119
-3.802770
-3.797414
-3.792050
-3.786679
-3.781300
-3.775914
-3.770521
-3.765120
-3.759712
-3.754296
-3.748873
-3.743443
-3.738005
-3.732561
-3.727109
-3.721649
-3.716182
-3.710708
-3.705227
-3.699739
-3.694243
-3.688740
-3.683230
-3.677713
-3.672188
-3.666656
-3.661117
-3.655571
-3.650018
-3.644457
-3.638890
-3.633315
-3.627733
-3.622144
-3.616548
-3.610945
-3.605335
-3.599717
-3.594093
-3.588462
-3.582823
-3.577178
-3.571525
-3.565866
-3.560199
-3.554526
-3.548845
-3.543158
-3.537463
-3.531762
-3.526053
-3.520338
-3.514616
-3.508887
-3.503151
-3.497408
-3.491658
-3.485902
-3.480138
-3.474368
-3.468591
-3.462807
-3.457016
-3.451219
-3.445414
-3.439603
-3.433785
-3.427961
-3.422129
-3.416291
-3.410446
-3.404595
-3.398736
-3.392871
-3.387000
-3.381121
-3.375236
-3.369345
-3.363446
-3.357541
-3.351630
-3.345712
-3.339787
-3.333856
-3.327918
-3.321973
-3.316022
-3.310064
-3.304100
-3.298130
-3.292152
-3.286169
-3.280179
-3.274182
-3.268179
-3.262169
-3.256153
-3.250131
-3.244102
-3.238067
-3.232025
-3.225977
-3.219922
-3.213861
-3.207794
-3.201721
-3.195641
-3.189555
-3.183462
-3.177363
-3.171258
-3.165147
-3.159029
-3.152905
-3.146775
-3.140639
-3.134496
-3.128347
-3.122192
-3.116031
-3.109863
-3.103690
-3.097510
-3.091324
-3.085132
-3.078934
-3.072730
-3.066520
-3.060303
-3.054081
-3.047852
-3.041617
-3.035377
-3.029130
-3.022877
-3.016619
-3.010354
-3.004083
-2.997807
-2.991524
-2.985235
-2.978941
-2.972640
-2.966334
-2.960022
-2.953704
-2.947380
-2.941050
-2.934714
-2.928372
-2.922025
-2.915672
-2.909313
-2.902948
-2.896577
-2.890201
-2.883819
-2.877431
-2.871037
-2.864638
-2.858233
-2.851822
-2.845405
-2.838983
-2.832555
-2.826122
-2.819683
-2.813238
-2.806788
-2.800332
-2.793870
-2.787403
-2.780930
-2.774452
-2.767968
-2.761479
-2.754984
-2.748483
-2.741977
-2.735466
-2.728949
-2.722427
-2.715899
-2.709366
-2.702827
-2.696283
-2.689734
-2.683179
-2.676619
-2.670053
-2.663482
-2.656906
-2.650324
-2.643738
-2.637145
-2.630548
-2.623945
-2.617337
-2.610724
-2.604105
-2.597481
-2.590852
-2.584218
-2.577579
-2.570934
-2.564285
-2.557630
-2.550970
-2.544305
-2.537634
-2.530959
-2.524279
-2.517593
-2.510903
-2.504207
-2.497506
-2.490801
-2.484090
-2.477374
-2.470654
-2.463928
-2.457197
-2.450462
-2.443721
-2.436976
-2.430225
-2.423470
-2.416710
-2.409945
-2.403175
-2.396400
-2.389621
-2.382836
-2.376047
-2.369253
-2.362454
-2.355651
-2.348842
-2.342029
-2.335211
-2.328389
-2.321562
-2.314730
-2.307893
-2.301052
-2.294206
-2.287355
-2.280500
-2.273640
-2.266776
-2.259907
-2.253033
-2.246155
-2.239272
-2.232385
-2.225493
-2.218597
-2.211696
-2.204791
-2.197881
-2.190967
-2.184048
-2.177125
-2.170198
-2.163266
-2.156330
-2.149389
-2.142444
-2.135494
-2.128541
-2.121583
-2.114620
-2.107654
-2.100683
-2.093707
-2.086728
-2.079744
-2.072756
-2.065764
-2.058767
-2.051767
-2.044762
-2.037753
-2.030740
-2.023723
-2.016701
-2.009676
-2.002646
-1.995613
-1.988575
-1.981533
-1.974487
-1.967437
-1.960384
-1.953326
-1.946264
-1.939198
-1.932128
-1.925054
-1.917977
-1.910895
-1.903810
-1.896720
-1.889627
-1.882530
-1.875429
-1.868324
-1.861215
-1.854103
-1.846986
-1.839866
-1.832742
-1.825615
-1.818483
-1.811348
-1.804209
-1.797067
-1.789921
-1.782771
-1.775617
-1.768460
-1.761299
-1.754135
-1.746967
-1.739795
-1.732620
-1.725441
-1.718259
-1.711073
-1.703884
-1.696691
-1.689494
-1.682295
-1.675091
-1.667885
-1.660674
-1.653461
-1.646244
-1.639023
-1.631800
-1.624572
-1.617342
-1.610108
-1.602871
-1.595630
-1.588387
-1.581139
-1.573889
-1.566636
-1.559379
-1.552119
-1.544855
-1.537589
-1.530319
-1.523047
-1.515771
-1.508492
-1.501209
-1.493924
-1.486636
-1.479344
-1.472050
-1.464752
-1.457451
-1.450148
-1.442841
-1.435531
-1.428219
-1.420903
-1.413584
-1.406263
-1.398939
-1.391611
-1.384281
-1.376948
-1.369612
-1.362273
-1.354931
-1.347587
-1.340240
-1.332890
-1.325537
-1.318181
-1.310823
-1.303462
-1.296098
-1.288731
-1.281362
-1.273990
-1.266616
-1.259238
-1.251859
-1.244476
-1.237091
-1.229704
-1.222313
-1.214921
-1.207525
-1.200128
-1.192727
-1.185324
-1.177919
-1.170511
-1.163101
-1.155688
-1.148273
-1.140856
-1.133436
-1.126014
-1.118589
-1.111162
-1.103733
-1.096301
-1.088867
-1.081431
-1.073992
-1.066552
-1.059109
-1.051663
-1.044216
-1.036766
-1.029314
-1.021860
-1.014404
-1.006946
-0.999485
-0.992023
-0.984558
-0.977092
-0.969623
-0.962152
-0.954679
-0.947204
-0.939727
-0.932248
-0.924768
-0.917285
-0.909800
-0.902313
-0.894825
-0.887334
-0.879842
-0.872348
-0.864851
-0.857353
-0.849854
-0.842352
-0.834849
-0.827344
-0.819837
-0.812328
-0.804818
-0.797306
-0.789792
-0.782276
-0.774759
-0.767240
-0.759720
-0.752198
-0.744674
-0.737149
-0.729622
-0.722094
-0.714564
-0.707032
-0.699499
-0.691965
-0.684429
-0.676891
-0.669353
-0.661812
-0.654270
-0.646727
-0.639183
-0.631637
-0.624090
-0.616541
-0.608991
-0.601440
-0.593887
-0.586333
-0.578778
-0.571222
-0.563664
-0.556105
-0.548545
-0.540984
-0.533421
-0.525858
-0.518293
-0.510727
-0.503160
-0.495592
-0.488023
-0.480453
-0.472882
-0.465309
-0.457736
-0.450162
-0.442586
-0.435010
-0.427433
-0.419855
-0.412276
-0.404696
-0.397115
-0.389533
-0.381950
-0.374367
-0.366783
-0.359198
-0.351612
-0.344025
-0.336438
-0.328849
-0.321260
-0.313671
-0.306080
-0.298489
-0.290898
-0.283305
-0.275712
-0.268119
-0.260524
-0.252930
-0.245334
-0.237738
-0.230142
-0.222545
-0.214947
-0.207349
-0.199751
-0.192152
-0.184552
-0.176952
-0.169352
-0.161751
-0.154150
-0.146549
-0.138947
-0.131345
-0.123742
-0.116140
-0.108537
-0.100933
-0.093330
-0.085726
-0.078122
-0.070518
-0.062913
-0.055309
-0.047704
-0.040099
-0.032494
-0.024889
-0.017284
-0.009678
-0.002073
0.005532
0.013138
0.020743
0.028349
0.035954
0.043560
0.051165
0.058770
0.066376
0.073981
0.081586
0.089191
0.096795
0.104400
0.112004
0.119608
0.127212
0.134816
0.142420
0.150023
0.157626
0.165228
0.172831
0.180433
0.188034
0.195636
0.203237
0.210837
0.218437
0.226037
0.233636
0.241235
0.248834
0.256431
0.264029
0.271626
0.279222
0.286818
0.294413
0.302007
0.309601
0.317195
0.324787
0.332379
0.339971
0.347561
0.355151
0.362741
0.370329
0.377917
0.385504
0.393090
0.400676
0.408260
0.415844
0.423427
0.431009
0.438590
0.446171
0.453750
0.461328
0.468906
0.476482
0.484058
0.491632
0.499206
0.506778
0.514350
0.521920
0.529489
0.537058
0.544625
0.552191
0.559755
0.567319
0.574881
0.582443
0.590003
0.597561
0.605119
0.612675
0.620230
0.627784
0.635336
0.642887
0.650437
0.657985
0.665532
0.673078
0.680622
0.688165
0.695706
0.703246
0.710784
0.718321
0.725856
0.733390
0.740922
0.748453
0.755982
0.763510
0.771036
0.778560
0.786082
0.793603
0.801123
0.808640
0.816156
0.823670
0.831183
0.838693
0.846202
0.853709
0.861214
0.868718
0.876219
0.883719
0.891217
0.898713
0.906207
0.913699
0.921189
0.928677
0.936163
0.943647
0.951129
0.958609
0.966088
0.973564
0.981037
0.988509
0.995979
1.003447
1.010912
1.018375
1.025836
1.033295
1.040752
1.048206
1.055658
1.063108
1.070556
1.078001
1.085444
1.092885
1.100323
1.107759
1.115193
1.122624
1.130053
1.137479
1.144903
1.152324
1.159743
1.167160
1.174574
1.181985
1.189394
1.196800
1.204204
1.211605
1.219003
1.226399
1.233792
1.241183
1.248571
1.255956
1.263338
1.270718
1.278094
1.285469
1.292840
1.300208
1.307574
1.314937
1.322297
1.329654
1.337008
1.344360
1.351708
1.359054
1.366396
1.373736
1.381072
1.388406
1.395736
1.403064
1.410388
1.417710
1.425028
1.432343
1.439655
1.446964
1.454270
1.461572
1.468872
1.476168
1.483461
1.490750
1.498037
1.505320
1.512600
1.519876
1.527150
1.534419
1.541686
1.548949
1.556209
1.563465
1.570718
1.577968
1.585214
1.592456
1.599695
1.606931
1.614163
1.621391
1.628616
1.635837
1.643055
1.650269
1.657479
1.664686
1.671889
1.679089
1.686285
1.693477
1.700665
1.707850
1.715030
1.722207
1.729381
1.736550
1.743716
1.750877
1.758035
1.765189
1.772339
1.779486
1.786628
1.793766
1.800901
1.808031
1.815157
1.822280
1.829398
1.836512
1.843622
1.850728
1.857830
1.864928
1.872022
1.879112
1.886197
1.893278
1.900355
1.907428
1.914497
1.921561
1.928621
1.935677
1.942728
1.949775
1.956818
1.963857
1.970891
1.977921
1.984946
1.991967
1.998983
2.005995
2.013003
2.020006
2.027004
2.033998
2.040988
2.047973
2.054953
2.061929
2.068900
2.075867
2.082829
2.089786
2.096739
2.103686
2.110630
2.117568
2.124502
2.131431
2.138355
2.145275
2.152189
2.159099
2.166004
2.172904
2.179799
2.186690
2.193575
2.200456
2.207331
2.214202
2.221068
2.227928
2.234784
2.241635
2.248480
2.255321
2.262156
2.268987
2.275812
2.282632
2.289448
2.296257
2.303062
2.309862
2.316656
2.323445
2.330229
2.337008
2.343781
2.350549
2.357312
2.364070
2.370822
2.377569
2.384310
2.391046
2.397777
2.404502
2.411222
2.417936
2.424645
2.431348
2.438046
2.444739
2.451426
2.458107
2.464783
2.471453
2.478117
2.484776
2.491430
2.498077
2.504719
2.511356
2.517986
2.524611
2.531230
2.537844
2.544452
2.551053
2.557650
2.564240
2.570824
2.577403
2.583976
2.590543
2.597104
2.603659
2.610208
2.616751
2.623288
2.629820
2.636345
2.642864
2.649378
2.655885
2.662386
2.668881
2.675370
2.681853
2.688330
2.694801
2.701265
2.707724
2.714176
2.720622
2.727062
2.733495
2.739922
2.746343
2.752758
2.759167
2.765569
2.771965
2.778354
2.784737
2.791114
2.797484
2.803848
2.810206
2.816557
2.822901
2.829239
2.835571
2.841896
2.848215
2.854527
2.860832
2.867131
2.873424
2.879709
2.885989
2.892261
2.898527
2.904786
2.911039
2.917285
2.923524
2.929756
2.935982
2.942201
2.948413
2.954618
2.960817
2.967008
2.973193
2.979371
2.985542
2.991707
2.997864
3.004014
3.010158
3.016294
3.022424
3.028547
3.034662
3.040771
3.046872
3.052967
3.059054
3.065135
3.071208
3.077274
3.083333
3.089385
3.095430
3.101468
3.107498
3.113522
3.119538
3.125546
3.131548
3.137542
3.143529
3.149509
3.155482
3.161447
3.167405
3.173355
3.179298
3.185234
3.191162
3.197083
3.202996
3.208902
3.214801
3.220692
3.226575
3.232452
3.238320
3.244181
3.250035
3.255880
3.261719
3.267550
3.273373
3.279188
3.284996
3.290796
3.296589
3.302373
3.308151
3.313920
3.319682
3.325436
3.331182
3.336920
3.342651
3.348373
3.354088
3.359795
3.365495
3.371186
3.376870
3.382545
3.388213
3.393873
3.399525
3.405168
3.410804
3.416432
3.422052
3.427664
3.433268
3.438864
3.444451
3.450031
3.455603
3.461166
3.466722
3.472269
3.477808
3.483339
3.488862
3.494376
3.499882
3.505381
3.510870
3.516352
3.521825
3.527290
3.532747
3.538196
3.543636
3.549068
3.554491
3.559906
3.565313
3.570711
3.576101
3.581483
3.586856
3.592220
3.597576
3.602924
3.608263
3.613594
3.618916
3.624229
3.629534
3.634831
3.640119
3.645398
3.650669
3.655931
