0.264062
0.244690
0.225117
0.205359
0.185432
0.165353
0.145137
0.124802
0.104364
0.083840
0.063247
0.042602
0.021921
0.001223
-0.019477
-0.040160
-0.060811
-0.081410
-0.101943
-0.122391
-0.142738
-0.162967
-0.183061
-0.203003
-0.222777
-0.242366
-0.261754
-0.280925
-0.299863
-0.318553
-0.336978
-0.355124
-0.372974
-0.390516
-0.407733
-0.424611
-0.441137
-0.457297
-0.473077
-0.488464
-0.503446
-0.518010
-0.532144
-0.545836
-0.559075
-0.571849
-0.584149
-0.595965
-0.607286
-0.618103
-0.628407
-0.638191
-0.647445
-0.656162
-0.664336
-0.671959
-0.679025
-0.685530
-0.691466
-0.696831
-0.701619
-0.705826
-0.709451
-0.712488
-0.714937
-0.716796
-0.718063
-0.718738
-0.718819
-0.718308
-0.717206
-0.715512
-0.713229
-0.710359
-0.706905
-0.702870
-0.698258
-0.693071
-0.687316
-0.680997
-0.674120
-0.666690
-0.658714
-0.650199
-0.641152
-0.631580
-0.621493
-0.610897
-0.599803
-0.588220
-0.576157
-0.563624
-0.550633
-0.537193
-0.523316
-0.509014
-0.494298
-0.479180
-0.463674
-0.447791
-0.431546
-0.414950
-0.398019
-0.380766
-0.363204
-0.345349
-0.327215
-0.308816
-0.290168
-0.271286
-0.252186
-0.232881
-0.213390
-0.193726
-0.173907
-0.153948
-0.133864
-0.113674
-0.093391
-0.073034
-0.052618
-0.032160
-0.011676
0.008817
0.029304
0.049767
0.070190
0.090557
0.110852
0.131058
0.151160
0.171141
0.190985
0.210677
0.230200
0.249540
0.268680
0.287607
0.306304
0.324756
0.342950
0.360870
0.378502
0.395833
0.412848
0.429534
0.445878
0.461866
0.477486
0.492726
0.507573
0.522015
0.536041
0.549640
0.562801
0.575513
0.587767
0.599551
0.610858
0.621677
0.632000
0.641819
0.651126
0.659913
0.668173
0.675900
0.683086
0.689727
0.695816
0.701350
0.706322
0.710729
0.714567
0.717834
0.720525
0.722639
0.724174
0.725129
0.725502
0.725292
0.724501
0.723127
0.721172
0.718638
0.715526
0.711838
0.707576
0.702745
0.697348
0.691388
0.684871
0.677801
0.670183
0.662025
0.653330
0.644108
0.634364
0.624106
0.613343
0.602083
0.590334
0.578106
0.565409
0.552252
0.538647
0.524603
0.510132
0.495246
0.479957
0.464276
0.448216
0.431791
0.415013
0.397896
0.380454
0.362700
0.344650
0.326318
0.307718
0.288866
0.269778
0.250468
0.230952
0.211247
0.191369
0.171333
0.151157
0.130856
0.110447
0.089948
0.069375
0.048745
0.028075
0.007382
-0.013317
-0.034004
-0.054663
-0.075277
-0.095828
-0.116300
-0.136675
-0.156937
-0.177068
-0.197052
-0.216873
-0.236514
-0.255959
-0.275191
-0.294194
-0.312953
-0.331453
-0.349676
-0.367610
-0.385238
-0.402546
-0.419519
-0.436144
-0.452407
-0.468293
-0.483791
-0.498886
-0.513567
-0.527821
-0.541637
-0.555003
-0.567908
-0.580341
-0.592292
-0.603751
-0.614710
-0.625158
-0.635087
-0.644489
-0.653357
-0.661682
-0.669460
-0.676682
-0.683344
-0.689439
-0.694963
-0.699913
-0.704283
-0.708070
-0.711271
-0.713885
-0.715909
-0.717341
-0.718181
-0.718428
-0.718082
-0.717145
-0.715616
-0.713497
-0.710791
-0.707500
-0.703626
-0.699175
-0.694148
-0.688551
-0.682389
-0.675667
-0.668390
-0.660566
-0.652200
-0.643301
-0.633875
-0.623930
-0.613475
-0.602519
-0.591071
-0.579140
-0.566737
-0.553872
-0.540556
-0.526799
-0.512614
-0.498011
-0.483004
-0.467604
-0.451824
-0.435678
-0.419178
-0.402338
-0.385172
-0.367693
-0.349917
-0.331858
-0.313531
-0.294949
-0.276130
-0.257087
-0.237836
-0.218394
-0.198775
-0.178995
-0.159071
-0.139019
-0.118854
-0.098594
-0.078254
-0.057850
-0.037400
-0.016919
0.003577
0.024069
0.044543
0.064982
0.085370
0.105690
0.125925
0.146061
0.166081
0.185968
0.205707
0.225283
0.244679
0.263881
0.282872
0.301639
0.320165
0.338436
0.356438
0.374157
0.391577
0.408686
0.425470
0.441915
0.458009
0.473738
0.489090
0.504053
0.518614
0.532763
0.546487
0.559777
0.572621
0.585008
0.596930
0.608377
0.619338
0.629807
0.639773
0.649229
0.658168
0.666581
0.674463
0.681807
0.688607
0.694857
0.700552
0.705687
0.710258
0.714262
0.717695
0.720553
0.722835
0.724538
0.725661
0.726202
0.726162
0.725539
0.724334
0.722548
0.720181
0.717236
0.713715
0.709620
0.704953
0.699720
0.693923
0.687567
0.680657
0.673198
0.665195
0.656656
0.647586
0.637993
0.627884
0.617267
0.606150
0.594543
0.582453
0.569892
0.556868
0.543392
0.529475
0.515128
0.500362
0.485189
0.469621
0.453671
0.437351
0.420676
0.403657
0.386309
0.368645
0.350681
0.332430
0.313908
0.295130
0.276110
0.256864
0.237409
0.217759
0.197931
0.177941
0.157806
0.137542
0.117165
0.096693
0.076142
0.055530
0.034872
0.014187
-0.006509
-0.027199
-0.047865
-0.068491
-0.089059
-0.109552
-0.129953
-0.150246
-0.170414
-0.190439
-0.210305
-0.229996
-0.249495
-0.268787
-0.287854
-0.306682
-0.325254
-0.343555
-0.361570
-0.379283
-0.396681
-0.413749
-0.430471
-0.446836
-0.462828
-0.478435
-0.493643
-0.508441
-0.522815
-0.536754
-0.550246
-0.563281
-0.575847
-0.587933
-0.599531
-0.610630
-0.621221
-0.631296
-0.640847
-0.649865
-0.658343
-0.666274
-0.673652
-0.680471
-0.686725
-0.692410
-0.697521
-0.702053
-0.706004
-0.709369
-0.712148
-0.714337
-0.715935
-0.716940
-0.717353
-0.717174
-0.716401
-0.715038
-0.713084
-0.710542
-0.707414
-0.703703
-0.699412
-0.694546
-0.689108
-0.683103
-0.676537
-0.669414
-0.661742
-0.653527
-0.644775
-0.635495
-0.625694
-0.615380
-0.604563
-0.593251
-0.581453
-0.569181
-0.556443
-0.543250
-0.529615
-0.515547
-0.501059
-0.486162
-0.470869
-0.455193
-0.439146
-0.422742
-0.405995
-0.388917
-0.371523
-0.353827
-0.335843
-0.317587
-0.299074
-0.280317
-0.261333
-0.242137
-0.222744
-0.203170
-0.183432
-0.163544
-0.143524
-0.123386
-0.103148
-0.082826
-0.062436
-0.041994
-0.021517
-0.001021
0.019477
0.039961
0.060415
0.080821
0.101165
0.121429
0.141598
0.161655
0.181584
0.201370
0.220996
0.240448
0.259709
0.278765
0.297599
0.316198
0.334546
0.352629
0.370432
0.387941
0.405143
0.422023
0.438568
0.454765
0.470602
0.486065
0.501142
0.515821
0.530091
0.543939
0.557356
0.570330
0.582851
0.594908
0.606493
0.617596
0.628208
0.638320
0.647925
0.657013
0.665580
0.673616
0.681116
0.688073
0.694482
0.700338
0.705635
0.710370
0.714538
0.718136
0.721161
0.723609
0.725480
0.726770
0.727480
0.727608
0.727153
0.726116
0.724498
0.722300
0.719522
0.716167
0.712238
0.707737
0.702668
0.697034
0.690839
0.684090
0.676789
0.668944
0.660560
0.651644
0.642203
0.632243
0.621773
0.610801
0.599336
0.587387
0.574962
0.562073
0.548728
0.534939
0.520717
0.506073
0.491018
0.475566
0.459727
0.443515
0.426944
0.410025
0.392773
0.375202
0.357326
0.339160
0.320717
0.302014
0.283065
0.263886
0.244493
0.224901
0.205126
0.185185
0.165093
0.144868
0.124525
0.104083
0.083556
0.062963
0.042320
0.021645
0.000954
-0.019736
-0.040407
-0.061043
-0.081625
-0.102138
-0.122564
-0.142887
-0.163089
-0.183153
-0.203063
-0.222803
-0.242356
-0.261706
-0.280836
-0.299731
-0.318375
-0.336752
-0.354848
-0.372647
-0.390134
-0.407295
-0.424115
-0.440581
-0.456679
-0.472395
-0.487717
-0.502631
-0.517125
-0.531188
-0.544807
-0.557972
-0.570671
-0.582894
-0.594631
-0.605872
-0.616608
-0.626830
-0.636529
-0.645699
-0.654330
-0.662417
-0.669953
-0.676931
-0.683346
-0.689192
-0.694466
-0.699163
-0.703279
-0.706811
-0.709756
-0.712112
-0.713877
-0.715051
-0.715632
-0.715620
-0.715016
-0.713820
-0.712033
-0.709657
-0.706694
-0.703148
-0.699021
-0.694317
-0.689040
-0.683195
-0.676786
-0.669820
-0.662302
-0.654240
-0.645638
-0.636506
-0.626851
-0.616680
-0.606003
-0.594829
-0.583167
-0.571026
-0.558417
-0.545351
-0.531838
-0.517890
-0.503517
-0.488733
-0.473549
-0.457978
-0.442033
-0.425726
-0.409072
-0.392083
-0.374775
-0.357160
-0.339254
-0.321071
-0.302626
-0.283934
-0.265009
-0.245869
-0.226527
-0.207000
-0.187303
-0.167453
-0.147465
-0.127356
-0.107141
-0.086838
-0.066462
-0.046029
-0.025557
-0.005061
0.015441
0.035934
0.056402
0.076827
0.097193
0.117485
0.137686
0.157780
0.177750
0.197582
0.217258
0.236764
0.256084
0.275203
0.294105
0.312775
0.331199
0.349361
0.367248
0.384845
0.402139
0.419114
0.435759
0.452059
0.468002
0.483575
0.498765
0.513561
0.527951
0.541922
0.555465
0.568568
0.581221
0.593414
0.605136
0.616379
0.627133
0.637390
0.647141
0.656379
0.665096
0.673286
0.680940
0.688054
0.694622
0.700637
0.706095
0.710992
0.715323
0.719084
0.722274
0.724888
0.726924
0.728381
0.729258
0.729552
0.729265
0.728395
0.726943
0.724911
0.722299
0.719110
0.715345
0.711007
0.706101
0.700628
0.694594
0.688003
0.680860
0.673171
0.664941
0.656177
0.646885
0.637074
0.626750
0.615921
0.604597
0.592786
0.580497
0.567740
0.554525
0.540863
0.526765
0.512241
0.497304
0.481965
0.466236
0.450131
0.433662
0.416842
0.399686
0.382206
0.364417
0.346333
0.327970
0.309341
0.290463
0.271350
0.252017
0.232482
0.212760
0.192866
0.172817
0.152631
0.132322
0.111908
0.091406
0.070832
0.050204
0.029538
0.008852
-0.011838
-0.032514
-0.053159
-0.073756
-0.094288
-0.114739
-0.135090
-0.155326
-0.175428
-0.195382
-0.215170
-0.234775
-0.254182
-0.273374
-0.292335
-0.311049
-0.329502
-0.347677
-0.365559
-0.383134
-0.400387
-0.417303
-0.433869
-0.450070
-0.465894
-0.481327
-0.496356
-0.510969
-0.525153
-0.538897
-0.552190
-0.565021
-0.577378
-0.589252
-0.600632
-0.611510
-0.621877
-0.631724
-0.641043
-0.649826
-0.658066
-0.665757
-0.672892
-0.679465
-0.685472
-0.690907
-0.695766
-0.700046
-0.703742
-0.706852
-0.709374
-0.711306
-0.712646
-0.713394
-0.713548
-0.713111
-0.712081
-0.710460
-0.708249
-0.705452
-0.702069
-0.698105
-0.693563
-0.688447
-0.682761
-0.676510
-0.669701
-0.662337
-0.654427
-0.645976
-0.636993
-0.627484
-0.617457
-0.606922
-0.595886
-0.584360
-0.572353
-0.559874
-0.546935
-0.533547
-0.519719
-0.505465
-0.490795
-0.475721
-0.460258
-0.444416
-0.428209
-0.411650
-0.394754
-0.377533
-0.360002
-0.342176
-0.324069
-0.305695
-0.287069
-0.268208
-0.249125
-0.229837
-0.210359
-0.190708
-0.170898
-0.150945
-0.130867
-0.110679
-0.090398
-0.070039
-0.049619
-0.029154
-0.008662
0.011842
0.032342
0.052820
0.073261
0.093647
0.113964
0.134194
0.154322
0.174331
0.194206
0.213930
0.233488
0.252864
0.272044
0.291011
0.309751
0.328248
0.346488
0.364457
0.382140
0.399523
0.416592
0.433334
0.449735
0.465783
0.481464
0.496766
0.511677
0.526186
0.540279
0.553947
0.567178
0.579962
0.592288
0.604147
0.615529
0.626424
0.636825
0.646723
0.656110
0.664977
0.673319
0.681128
0.688398
0.695123
0.701298
0.706916
0.711975
0.716468
0.720394
0.723748
0.726527
0.728730
0.730353
0.731396
0.731858
0.731737
0.731034
0.729749
0.727883
0.725438
0.722413
0.718813
0.714640
0.709896
0.704585
0.698712
0.692280
0.685294
0.677761
0.669685
0.661074
0.651933
0.642269
0.632091
0.621407
0.610224
0.598551
0.586398
0.573774
0.560690
0.547155
0.533180
0.518778
0.503958
0.488733
0.473115
0.457116
0.440750
0.424030
0.406969
0.389580
0.371879
0.353879
0.335594
0.317040
0.298232
0.279185
0.259915
0.240437
0.220767
0.200921
0.180916
0.160768
0.140493
0.120109
0.099631
0.079077
0.058464
0.037808
0.017127
-0.003562
-0.024242
-0.044897
-0.065508
-0.086059
-0.106533
-0.126913
-0.147182
-0.167323
-0.187319
-0.207155
-0.226812
-0.246275
-0.265528
-0.284555
-0.303340
-0.321867
-0.340121
-0.358086
-0.375748
-0.393093
-0.410104
-0.426770
-0.443074
-0.459005
-0.474549
-0.489692
-0.504422
-0.518728
-0.532597
-0.546017
-0.558978
-0.571469
-0.583479
-0.594999
-0.606019
-0.616531
-0.626524
-0.635992
-0.644926
-0.653319
-0.661165
-0.668457
-0.675189
-0.681355
-0.686951
-0.691972
-0.696415
-0.700276
-0.703551
-0.706238
-0.708336
-0.709843
-0.710757
-0.711079
-0.710808
-0.709944
-0.708489
-0.706445
-0.703812
-0.700594
-0.696794
-0.692414
-0.687459
-0.681934
-0.675842
-0.669189
-0.661981
-0.654225
-0.645926
-0.637092
-0.627730
-0.617849
-0.607457
-0.596562
-0.585173
-0.573301
-0.560955
-0.548145
-0.534882
-0.521178
-0.507043
-0.492490
-0.477530
-0.462175
-0.446439
-0.430335
-0.413875
-0.397073
-0.379943
-0.362499
-0.344755
-0.326726
-0.308426
-0.289871
-0.271075
-0.252054
-0.232823
-0.213398
-0.193794
-0.174028
-0.154115
-0.134071
-0.113913
-0.093656
-0.073318
-0.052914
-0.032461
-0.011975
0.008528
0.029030
0.049516
0.069968
0.090372
0.110710
0.130967
0.151125
0.171170
0.191084
0.210853
0.230460
0.249890
0.269128
0.288157
0.306963
0.325532
0.343847
0.361895
0.379661
0.397132
0.414293
0.431130
0.447631
0.463781
0.479569
0.494982
0.510007
0.524633
0.538847
0.552638
0.565997
0.578910
0.591370
0.603364
0.614885
0.625922
0.636466
0.646510
0.656045
0.665064
0.673558
0.681522
0.688949
0.695832
0.702166
0.707946
0.713167
0.717824
0.721915
0.725435
0.728380
0.730750
0.732541
0.733753
0.734383
0.734431
0.733897
0.732780
0.731082
0.728804
0.725948
0.722514
0.718506
0.713927
0.708780
0.703069
0.696798
0.689973
0.682597
0.674678
0.666221
0.657232
0.647719
0.637689
0.627150
0.616110
0.604578
0.592563
0.580074
0.567122
0.553716
0.539867
0.525587
0.510886
0.495777
0.480271
0.464380
0.448119
0.431499
0.414535
0.397239
0.379626
0.361710
0.343506
0.325027
0.306291
0.287310
0.268102
0.248682
0.229065
0.209268
0.189306
0.169197
0.148957
0.128601
0.108148
0.087614
0.067015
0.046369
0.025693
0.005003
-0.015682
-0.036346
-0.056972
-0.077543
-0.098042
-0.118451
-0.138754
-0.158934
-0.178974
-0.198858
-0.218569
-0.238090
-0.257406
-0.276499
-0.295356
-0.313959
-0.332293
-0.350343
-0.368094
-0.385531
-0.402640
-0.419406
-0.435815
-0.451855
-0.467510
-0.482770
-0.497620
-0.512048
-0.526043
-0.539593
-0.552686
-0.565312
-0.577461
-0.589122
-0.600285
-0.610943
-0.621084
-0.630703
-0.639790
-0.648338
-0.656340
-0.663790
-0.670682
-0.677010
-0.682768
-0.687954
-0.692561
-0.696587
-0.700029
-0.702884
-0.705149
-0.706824
-0.707906
-0.708396
-0.708293
-0.707598
-0.706311
-0.704433
-0.701968
-0.698915
-0.695280
-0.691064
-0.686272
-0.680907
-0.674975
-0.668481
-0.661430
-0.653828
-0.645683
-0.637000
-0.627787
-0.618052
-0.607804
-0.597050
-0.585800
-0.574064
-0.561851
-0.549172
-0.536037
-0.522456
-0.508442
-0.494006
-0.479160
-0.463916
-0.448287
-0.432286
-0.415925
-0.399219
-0.382180
-0.364824
-0.347164
-0.329214
-0.310990
-0.292506
-0.273776
-0.254818
-0.235645
-0.216273
-0.196718
-0.176997
-0.157123
-0.137115
-0.116988
-0.096758
-0.076441
-0.056054
-0.035613
-0.015135
0.005364
0.025868
0.046360
0.066824
0.087243
0.107602
0.127883
0.148071
0.168149
0.188102
0.207914
0.227569
0.247050
0.266344
0.285434
0.304305
0.322942
0.341331
0.359456
0.377304
0.394860
0.412110
0.429041
0.445638
0.461890
0.477782
0.493302
0.508439
0.523179
0.537511
0.551424
0.564906
0.577947
0.590537
0.602664
0.614321
0.625496
0.636181
0.646368
0.656049
0.665215
0.673859
0.681975
0.689554
0.696593
0.703083
0.709021
0.714402
0.719220
0.723472
0.727154
0.730264
0.732798
0.734754
0.736130
0.736925
0.737139
0.736770
0.735820
0.734287
0.732174
0.729482
0.726212
0.722367
0.717951
0.712965
0.707414
0.701302
0.694634
0.687414
0.679649
0.671344
0.662506
0.653142
0.643258
0.632863
0.621965
0.610572
0.598694
0.586339
0.573517
0.560239
0.546516
0.532357
0.517775
0.502780
0.487386
0.471604
0.455447
0.438928
0.422060
0.404857
0.387333
0.369501
0.351378
0.332976
0.314311
0.295399
0.276254
0.256892
0.237329
0.217582
0.197665
0.177596
0.157391
0.137067
0.116639
0.096126
0.075544
0.054909
0.034240
0.013552
-0.007137
-0.027809
-0.048448
-0.069037
-0.089558
-0.109995
-0.130330
-0.150548
-0.170630
-0.190560
-0.210322
-0.229899
-0.249276
-0.268435
-0.287361
-0.306038
-0.324451
-0.342584
-0.360422
-0.377951
-0.395155
-0.412021
-0.428534
-0.444681
-0.460448
-0.475822
-0.490791
-0.505341
-0.519462
-0.533140
-0.546365
-0.559126
-0.571413
-0.583214
-0.594521
-0.605324
-0.615615
-0.625384
-0.634624
-0.643327
-0.651486
-0.659095
-0.666147
-0.672636
-0.678559
-0.683908
-0.688682
-0.692875
-0.696484
-0.699507
-0.701941
-0.703785
-0.705037
-0.705697
-0.705763
-0.705237
-0.704119
-0.702411
-0.700113
-0.697228
-0.693759
-0.689709
-0.685081
-0.679880
-0.674110
-0.667776
-0.660884
-0.653439
-0.645449
-0.636919
-0.627857
-0.618270
-0.608168
-0.597558
-0.586450
-0.574852
-0.562774
-0.550228
-0.537222
-0.523768
-0.509877
-0.495560
-0.480831
-0.465699
-0.450179
-0.434283
-0.418024
-0.401416
-0.384471
-0.367204
-0.349630
-0.331762
-0.313615
-0.295204
-0.276544
-0.257649
-0.238536
-0.219220
-0.199717
-0.180042
-0.160211
-0.140240
-0.120146
-0.099944
-0.079651
-0.059283
-0.038856
-0.018388
0.002107
0.022610
0.043107
0.063580
0.084012
0.104389
0.124693
0.144909
0.165019
0.185009
0.204862
0.224562
0.244093
0.263441
0.282590
0.301524
0.320229
0.338689
0.356890
0.374817
0.392457
0.409795
0.426817
0.443509
0.459860
0.475854
0.491481
0.506727
0.521580
0.536029
0.550061
0.563666
0.576833
0.589551
0.601810
0.613600
0.624912
0.635736
0.646065
0.655889
0.665201
0.673994
0.682259
0.689991
0.697182
0.703828
0.709923
0.715461
0.720438
0.724850
0.728694
0.731965
0.734662
0.736781
0.738321
0.739280
0.739658
0.739454
0.738667
0.737299
0.735350
0.732821
0.729714
0.726031
0.721775
0.716949
0.711557
0.705603
0.699092
0.692027
0.684415
0.676262
0.667574
0.658357
0.648619
0.638368
0.627611
0.616357
0.604614
0.592393
0.579702
0.566552
0.552953
0.538916
0.524452
0.509573
0.494290
0.478616
0.462564
0.446146
0.429375
0.412265
0.394831
0.377085
0.359042
0.340717
0.322125
0.303281
0.284201
0.264899
0.245391
0.225694
0.205824
0.185797
0.165628
0.145336
0.124936
0.104445
0.083881
0.063259
0.042598
0.021913
0.001223
-0.019455
-0.040106
-0.060711
-0.081253
-0.101716
-0.122082
-0.142335
-0.162457
-0.182433
-0.202245
-0.221877
-0.241312
-0.260535
-0.279530
-0.298280
-0.316770
-0.334985
-0.352910
-0.370529
-0.387827
-0.404792
-0.421408
-0.437661
-0.453539
-0.469027
-0.484114
-0.498786
-0.513031
-0.526838
-0.540195
-0.553091
-0.565516
-0.577458
-0.588909
-0.599858
-0.610298
-0.620218
-0.629612
-0.638471
-0.646788
-0.654557
-0.661771
-0.668424
-0.674511
-0.680027
-0.684968
-0.689329
-0.693108
-0.696301
-0.698907
-0.700922
-0.702346
-0.703178
-0.703417
-0.703063
-0.702117
-0.700580
-0.698453
-0.695739
-0.692440
-0.688558
-0.684098
-0.679063
-0.673459
-0.667288
-0.660558
-0.653274
-0.645441
-0.637068
-0.628160
-0.618726
-0.608773
-0.598310
-0.587346
-0.575890
-0.563951
-0.551540
-0.538667
-0.525343
-0.511578
-0.497385
-0.482774
-0.467759
-0.452351
-0.436563
-0.420409
-0.403901
-0.387053
-0.369879
-0.352393
-0.334609
-0.316542
-0.298206
-0.279617
-0.260790
-0.241739
-0.222481
-0.203031
-0.183404
-0.163617
-0.143686
-0.123626
-0.103454
-0.083186
-0.062839
-0.042428
-0.021970
-0.001482
0.019020
0.039519
0.060000
0.080446
0.100840
0.121166
0.141408
0.161550
0.181576
0.201469
0.221214
0.240796
0.260198
0.279405
0.298402
0.317173
0.335705
0.353981
0.371988
0.389712
0.407137
0.424250
0.441038
0.457488
0.473585
0.489318
0.504674
0.519640
0.534205
0.548357
0.562085
0.575377
0.588224
0.600614
0.612539
0.623988
0.634952
0.645422
0.655390
0.664849
0.673789
0.682204
0.690088
0.697433
0.704234
0.710485
0.716182
0.721318
0.725890
0.729895
0.733328
0.736188
0.738470
0.740174
0.741297
0.741839
0.741799
0.741177
0.739972
0.738187
0.735821
0.732876
0.729355
0.725260
0.720595
0.715362
0.709565
0.703209
0.696300
0.688841
0.680839
0.672301
0.663231
0.653639
0.643531
0.632914
0.621799
0.610192
0.598104
0.585543
0.572521
0.559046
0.545130
0.530785
0.516020
0.500849
0.485283
0.469335
0.453017
0.436343
0.419327
0.401981
0.384320
0.366358
0.348110
0.329591
0.310815
0.291798
0.272556
0.253103
0.233457
0.213632
0.193646
0.173514
0.153254
0.132881
0.112413
0.091866
0.071257
0.050604
0.029923
0.009231
-0.011455
-0.032116
-0.052737
-0.073301
-0.093789
-0.114186
-0.134474
-0.154637
-0.174657
-0.194518
-0.214204
-0.233699
-0.252985
-0.272047
-0.290870
-0.309437
-0.327732
-0.345742
-0.363451
-0.380843
-0.397905
-0.414623
-0.430982
-0.446969
-0.462570
-0.477774
-0.492566
-0.506935
-0.520869
-0.534356
-0.547385
-0.559946
-0.572027
-0.583620
-0.594714
-0.605300
-0.615370
-0.624916
-0.633929
-0.642402
-0.650328
-0.657702
-0.664516
-0.670766
-0.676446
-0.681552
-0.686079
-0.690025
-0.693387
-0.696161
-0.698345
-0.699939
-0.700940
-0.701349
-0.701165
-0.700389
-0.699021
-0.697063
-0.694517
-0.691385
-0.687671
-0.683376
-0.678506
-0.673064
-0.667056
-0.660486
-0.653360
-0.645684
-0.637465
-0.628710
-0.619427
-0.609622
-0.599305
-0.588484
-0.577169
-0.565368
-0.553092
-0.540351
-0.527156
-0.513517
-0.499446
-0.484955
-0.470055
-0.454759
-0.439080
-0.423031
-0.406624
-0.389873
-0.372792
-0.355395
-0.337697
-0.319711
-0.301452
-0.282935
-0.264176
-0.245189
-0.225991
-0.206595
-0.187019
-0.167278
-0.147388
-0.127365
-0.107226
-0.086985
-0.066661
-0.046269
-0.025825
-0.005346
0.015152
0.035652
0.056138
0.076593
0.097002
0.117347
0.137613
0.157783
0.177841
0.197772
0.217559
0.237186
0.256639
0.275901
0.294958
0.313793
0.332392
0.350741
0.368824
0.386627
0.404137
0.421339
0.438219
0.454764
0.470961
0.486797
0.502259
0.517336
0.532014
0.546283
0.560131
0.573546
0.586519
0.599038
0.611095
0.622678
0.633779
0.644389
0.654499
0.664101
0.673188
0.681751
0.689785
0.697282
0.704237
0.710643
0.716496
0.721790
0.726522
0.730687
0.734281
0.737302
0.739747
0.741613
0.742900
0.743606
0.743730
0.743271
0.742230
0.740608
0.738405
0.735623
0.732263
0.728330
0.723824
0.718750
0.713111
0.706912
0.700158
0.692853
0.685003
0.676614
0.667693
0.658247
0.648282
0.637807
0.626831
0.615361
0.603406
0.590977
0.578083
0.564733
0.550940
0.536713
0.522064
0.507005
0.491548
0.475705
0.459489
0.442913
0.425990
0.408735
0.391160
0.373280
0.355109
0.336663
0.317957
0.299005
0.279822
0.260426
0.240831
0.221053
0.201109
0.181014
0.160787
0.140442
0.119997
0.099468
0.078873
0.058229
0.037552
0.016859
-0.003832
-0.024504
-0.045141
-0.065724
-0.086238
-0.106665
-0.126987
-0.147189
-0.167254
-0.187164
-0.206904
-0.226456
-0.245805
-0.264935
-0.283829
-0.302472
-0.320848
-0.338943
-0.356740
-0.374226
-0.391385
-0.408204
-0.424668
-0.440764
-0.456478
-0.471797
-0.486709
-0.501201
-0.515262
-0.528879
-0.542041
-0.554737
-0.566957
-0.578691
-0.589930
-0.600663
-0.610882
-0.620578
-0.629745
-0.638374
-0.646457
-0.653990
-0.660965
-0.667377
-0.673221
-0.678491
-0.683185
-0.687298
-0.690827
-0.693770
-0.696123
-0.697886
-0.699057
-0.699635
-0.699621
-0.699014
-0.697815
-0.696026
-0.693648
-0.690684
-0.687135
-0.683006
-0.678300
-0.673022
-0.667175
-0.660765
-0.653798
-0.646279
-0.638215
-0.629612
-0.620479
-0.610823
-0.600652
-0.589975
-0.578800
-0.567138
-0.554997
-0.542388
-0.529322
-0.515810
-0.501862
-0.487490
-0.472707
-0.457524
-0.441954
-0.426009
-0.409704
-0.393051
-0.376065
-0.358758
-0.341145
-0.323241
-0.305060
-0.286617
-0.267927
-0.249006
-0.229867
-0.210528
-0.191004
-0.171310
-0.151463
-0.131479
-0.111373
-0.091162
-0.070862
-0.050489
-0.030061
-0.009592
0.010899
0.031398
0.051887
0.072350
0.092771
0.113133
0.133420
0.153616
0.173705
0.193671
0.213498
0.233169
0.252671
0.271986
0.291099
0.309996
0.328661
0.347079
0.365237
0.383118
0.400710
0.417997
0.434967
0.451606
0.467901
0.483838
0.499405
0.514589
0.529379
0.543763
0.557729
0.571266
0.584363
0.597010
0.609196
0.620912
0.632149
0.642897
0.653147
0.662893
0.672124
0.680835
0.689018
0.696666
0.703774
0.710335
0.716343
0.721795
0.726685
0.731010
0.734765
0.737948
0.740555
0.742585
0.744035
0.744905
0.745193
0.744899
0.744022
0.742564
0.740525
0.737906
0.734710
0.730938
0.726594
0.721680
0.716201
0.710160
0.703562
0.696413
0.688716
0.680480
0.671709
0.662410
0.652592
0.642261
0.631425
0.620094
0.608276
0.595980
0.583216
0.569995
0.556326
0.542221
0.527690
0.512746
0.497400
0.481664
0.465552
0.449076
0.432250
0.415086
0.397600
0.379804
0.361714
0.343343
0.324708
0.305823
0.286703
0.267364
0.247822
0.228093
0.208193
0.188138
0.167945
0.147629
0.127209
0.106701
0.086121
0.065486
0.044814
0.024122
0.003426
-0.017256
-0.037907
-0.058510
-0.079048
-0.099504
-0.119861
-0.140102
-0.160211
-0.180170
-0.199963
-0.219573
-0.238985
-0.258182
-0.277148
-0.295868
-0.314325
-0.332505
-0.350392
-0.367971
-0.385229
-0.402149
-0.418719
-0.434925
-0.450753
-0.466190
-0.481222
-0.495839
-0.510027
-0.523775
-0.537071
-0.549905
-0.562266
-0.574143
-0.585527
-0.596408
-0.606778
-0.616627
-0.625949
-0.634735
-0.642978
-0.650671
-0.657809
-0.664385
-0.670394
-0.675831
-0.680693
-0.684974
-0.688673
-0.691785
-0.694309
-0.696243
-0.697585
-0.698335
-0.698492
-0.698056
-0.697028
-0.695410
-0.693201
-0.690406
-0.687026
-0.683064
-0.678524
-0.673410
-0.667726
-0.661478
-0.654671
-0.647310
-0.639402
-0.630954
-0.621973
-0.612467
-0.602443
-0.591911
-0.580878
-0.569355
-0.557351
-0.544876
-0.531941
-0.518556
-0.504732
-0.490482
-0.475816
-0.460747
-0.445287
-0.429450
-0.413247
-0.396694
-0.379802
-0.362587
-0.345061
-0.327240
-0.309138
-0.290770
-0.272150
-0.253295
-0.234218
-0.214937
-0.195466
-0.175820
-0.156017
-0.136072
-0.116001
-0.095820
-0.075546
-0.055195
-0.034783
-0.014326
0.006158
0.026654
0.047146
0.067615
0.088047
0.108426
0.128733
0.148955
0.169073
0.189073
0.208938
0.228653
0.248202
0.267569
0.286738
0.305695
0.324425
0.342912
0.361142
0.379101
0.396774
0.414146
0.431205
0.447936
0.464327
0.480364
0.496035
0.511327
0.526227
0.540724
0.554807
0.568464
0.581684
0.594457
0.606772
0.618620
0.629991
0.640875
0.651265
0.661152
0.670527
0.679384
0.687714
0.695512
0.702771
0.709485
0.715648
0.721256
0.726303
0.730785
0.734700
0.738042
0.740811
0.743002
0.744614
0.745646
0.746097
0.745965
0.745251
0.743955
0.742078
0.739621
0.736586
0.732975
0.728790
0.724035
0.718714
0.712829
0.706387
0.699390
0.691846
0.683760
0.675137
0.665985
0.656311
0.646123
0.635427
0.624233
0.612550
0.600386
0.587752
0.574657
0.561112
0.547127
0.532713
0.517883
0.502647
0.487019
0.471010
0.454634
0.437903
0.420832
0.403433
0.385722
0.367711
0.349417
0.330853
0.312035
0.292978
0.273697
0.254209
0.234529
0.214674
0.194659
0.174501
0.154216
0.133822
0.113335
0.092771
0.072148
0.051483
0.030792
0.010094
-0.010596
-0.031260
-0.051881
-0.072441
-0.092925
-0.113314
-0.133592
-0.153742
-0.173747
-0.193591
-0.213257
-0.232729
-0.251991
-0.271027
-0.289820
-0.308356
-0.326618
-0.344592
-0.362263
-0.379615
-0.396635
-0.413309
-0.429621
-0.445560
-0.461112
-0.476263
-0.491001
-0.505315
-0.519191
-0.532619
-0.545588
-0.558086
-0.570104
-0.581631
-0.592658
-0.603177
-0.613177
-0.622652
-0.631593
-0.639994
-0.647846
-0.655145
-0.661883
-0.668056
-0.673659
-0.678687
-0.683136
-0.687003
-0.690284
-0.692978
-0.695082
-0.696595
-0.697516
-0.697844
-0.697579
-0.696721
-0.695273
-0.693234
-0.690608
-0.687396
-0.683601
-0.679227
-0.674278
-0.668759
-0.662673
-0.656026
-0.648824
-0.641074
-0.632781
-0.623953
-0.614598
-0.604722
-0.594336
-0.583447
-0.572065
-0.560199
-0.547859
-0.535056
-0.521800
-0.508102
-0.493973
-0.479427
-0.464473
-0.449126
-0.433396
-0.417299
-0.400846
-0.384051
-0.366928
-0.349492
-0.331755
-0.313734
-0.295442
-0.276895
-0.258107
-0.239094
-0.219871
-0.200454
-0.180859
-0.161101
-0.141197
-0.121162
-0.101013
-0.080766
-0.060437
-0.040043
-0.019599
0.000877
0.021369
0.041861
0.062337
0.082779
0.103172
0.123499
0.143745
0.163892
0.183925
0.203828
0.223585
0.243180
0.262598
0.281823
0.300840
0.319634
0.338190
0.356492
0.374527
0.392280
0.409737
0.426885
0.443708
0.460195
0.476332
0.492106
0.507504
0.522515
0.537125
0.551325
0.565102
0.578445
0.591343
0.603787
0.615767
0.627272
0.638293
0.648822
0.658850
0.668369
0.677372
0.685850
0.693798
0.701208
0.708075
0.714393
0.720156
0.725361
0.730002
0.734075
0.737578
0.740508
0.742860
0.744635
0.745829
0.746443
0.746474
0.745923
0.744790
0.743075
0.740780
0.737907
0.734456
0.730432
0.725836
0.720672
0.714945
0.708657
0.701815
0.694424
0.686488
0.678014
0.669009
0.659480
0.649434
0.638879
0.627824
0.616276
0.604245
0.591741
0.578773
0.565352
0.551488
0.537192
0.522477
0.507353
0.491832
0.475927
0.459651
0.443018
0.426039
0.408729
0.391102
0.373173
0.354955
0.336463
0.317714
0.298720
0.279499
0.260066
0.240437
0.220627
0.200653
0.180532
0.160279
0.139912
0.119447
0.098901
0.078291
0.057634
0.036947
0.016247
-0.004450
-0.025125
-0.045761
-0.066343
-0.086852
-0.107271
-0.127584
-0.147774
-0.167825
-0.187718
-0.207438
-0.226969
-0.246294
-0.265398
-0.284263
-0.302875
-0.321219
-0.339278
-0.357038
-0.374484
-0.391602
-0.408377
-0.424795
-0.440843
-0.456508
-0.471776
-0.486634
-0.501071
-0.515075
-0.528633
-0.541735
-0.554370
-0.566527
-0.578197
-0.589369
-0.600035
-0.610185
-0.619812
-0.628908
-0.637465
-0.645476
-0.652934
-0.659835
-0.666171
-0.671939
-0.677133
-0.681749
-0.685784
-0.689235
-0.692099
-0.694373
-0.696057
-0.697149
-0.697648
-0.697554
-0.696868
-0.695591
-0.693723
-0.691266
-0.688224
-0.684598
-0.680392
-0.675609
-0.670255
-0.664333
-0.657849
-0.650808
-0.643216
-0.635081
-0.626408
-0.617206
-0.607481
-0.597243
-0.586500
-0.575261
-0.563536
-0.551334
-0.538665
-0.525541
-0.511972
-0.497969
-0.483544
-0.468709
-0.453476
-0.437858
-0.421868
-0.405519
-0.388824
-0.371797
-0.354452
-0.336803
-0.318865
-0.300653
-0.282180
-0.263463
-0.244516
-0.225355
-0.205995
-0.186452
-0.166742
-0.146881
-0.126885
-0.106770
-0.086552
-0.066248
-0.045873
-0.025445
-0.004979
0.015508
0.035999
0.056479
0.076930
0.097337
0.117683
0.137951
0.158126
0.178192
0.198132
0.217931
0.237572
0.257041
0.276321
0.295398
0.314256
0.332880
0.351255
0.369367
0.387201
0.404744
0.421980
0.438897
0.455481
0.471718
0.487596
0.503103
0.518225
0.532951
0.547269
0.561167
0.574635
0.587662
0.600237
0.612349
0.623991
0.635151
0.645822
0.655994
0.665659
0.674810
0.683439
0.691539
0.699103
0.706125
0.712600
0.718523
0.723887
0.728689
0.732925
0.736591
0.739684
0.742202
0.744141
0.745501
0.746280
0.746477
0.746091
0.745124
0.743574
0.741444
0.738735
0.735448
0.731586
0.727152
0.722149
0.716581
0.710452
0.703766
0.696530
0.688747
0.680425
0.671570
0.662188
0.652287
0.641875
0.630959
0.619549
0.607653
0.595281
0.582442
0.569147
0.555406
0.541231
0.526631
0.511620
0.496209
0.480410
0.464237
0.447701
0.430817
0.413598
0.396057
0.378210
0.360070
0.341653
0.322973
0.304045
0.284884
0.265507
0.245930
0.226167
0.206236
0.186153
0.165933
0.145595
0.125153
0.104626
0.084030
0.063382
0.042700
0.021999
0.001298
-0.019388
-0.040039
-0.060640
-0.081174
-0.101623
-0.121970
-0.142199
-0.162292
-0.182234
-0.202007
-0.221596
-0.240983
-0.260153
-0.279089
-0.297777
-0.316200
-0.334343
-0.352191
-0.369730
-0.386944
-0.403819
-0.420342
-0.436498
-0.452275
-0.467658
-0.482636
-0.497196
-0.511325
-0.525012
-0.538247
-0.551016
-0.563312
-0.575122
-0.586438
-0.597250
-0.607549
-0.617327
-0.626575
-0.635287
-0.643455
-0.651072
-0.658133
-0.664632
-0.670563
-0.675921
-0.680703
-0.684905
-0.688523
-0.691555
-0.693999
-0.695852
-0.697113
-0.697782
-0.697858
-0.697341
-0.696233
-0.694534
-0.692245
-0.689370
-0.685911
-0.681871
-0.677253
-0.672062
-0.666302
-0.659978
-0.653096
-0.645662
-0.637682
-0.629162
-0.620111
-0.610535
-0.600444
-0.589845
-0.578747
-0.567161
-0.555094
-0.542559
-0.529564
-0.516122
-0.502242
-0.487938
-0.473219
-0.458100
-0.442592
-0.426708
-0.410461
-0.393864
-0.376932
-0.359677
-0.342115
-0.324260
-0.306125
-0.287726
-0.269079
-0.250197
-0.231097
-0.211794
-0.192303
-0.172641
-0.152823
-0.132865
-0.112784
-0.092595
-0.072315
-0.051960
-0.031547
-0.011092
0.009389
0.029879
0.050362
0.070822
0.091241
0.111604
0.131895
0.152096
0.172193
0.192169
0.212008
0.231694
0.251212
0.270546
0.289681
0.308601
0.327291
0.345737
0.363924
0.381838
0.399463
0.416786
0.433794
0.450472
0.466808
0.482789
0.498401
0.513632
0.528470
0.542904
0.556922
0.570512
0.583664
0.596367
0.608611
0.620386
0.631683
0.642493
0.652806
0.662615
0.671912
0.680689
0.688939
0.696655
0.703831
0.710461
0.716540
0.722062
0.727024
0.731420
0.735248
0.738503
0.741184
0.743287
0.744811
0.745754
0.746115
0.745895
0.745092
0.743707
0.741741
0.739195
0.736072
0.732372
0.728100
0.723257
0.717849
0.711878
0.705349
0.698268
0.690639
0.682469
0.673763
0.664530
0.654775
0.644506
0.633732
0.622461
0.610701
0.598463
0.585755
0.572588
0.558972
0.544917
0.530436
0.515540
0.500241
0.484550
0.468481
0.452046
0.435258
0.418132
0.400680
0.382918
0.364859
0.346517
0.327909
0.309049
0.289952
0.270634
0.251111
0.231398
0.211512
0.191469
0.171285
0.150977
0.130562
0.110056
0.089477
0.068841
0.048165
0.027466
0.006762
-0.013931
-0.034596
-0.055214
-0.075770
-0.096246
-0.116626
-0.136891
-0.157027
-0.177015
-0.196839
-0.216483
-0.235931
-0.255165
-0.274172
-0.292933
-0.311434
-0.329660
-0.347596
-0.365225
-0.382535
-0.399509
-0.416135
-0.432398
-0.448286
-0.463784
-0.478880
-0.493561
-0.507815
-0.521631
-0.534996
-0.547901
-0.560334
-0.572284
-0.583743
-0.594700
-0.605147
-0.615076
-0.624477
-0.633343
-0.641668
-0.649444
-0.656665
-0.663325
-0.669419
-0.674942
-0.679889
-0.684258
-0.688043
-0.691243
-0.693855
-0.695877
-0.697308
-0.698146
-0.698392
-0.698045
-0.697105
-0.695575
-0.693455
-0.690748
-0.687455
-0.683580
-0.679127
-0.674100
-0.668502
-0.662339
-0.655616
-0.648338
-0.640513
-0.632147
-0.623247
-0.613821
-0.603876
-0.593421
-0.582465
-0.571017
-0.559087
-0.546684
-0.533820
-0.520504
-0.506748
-0.492564
-0.477963
-0.462957
-0.447558
-0.431780
-0.415636
-0.399138
-0.382300
-0.365136
-0.347661
-0.329888
-0.311832
-0.293507
-0.274930
-0.256114
-0.237075
-0.217828
-0.198390
-0.178775
-0.159001
-0.139082
-0.119035
-0.098875
-0.078620
-0.058286
-0.037889
-0.017444
0.003030
0.023518
0.044004
0.064471
0.084903
0.105283
0.125594
0.145822
0.165949
0.185960
0.205839
0.225569
0.245135
0.264522
0.283714
0.302696
0.321452
0.339968
0.358229
0.376220
0.393927
0.411337
0.428434
0.445207
0.461640
0.477722
0.493438
0.508778
0.523728
0.538277
0.552413
0.566124
0.579401
0.592231
0.604605
0.616513
0.627946
0.638894
0.649348
0.659300
0.668742
0.677666
0.686065
0.693933
0.701262
0.708047
0.714282
0.719962
0.725082
0.729639
0.733628
0.737045
0.739888
0.742155
0.743843
0.744951
0.745477
0.745421
0.744783
0.743563
0.741762
0.739380
0.736420
0.732884
0.728774
0.724093
0.718845
0.713033
0.706662
0.699738
0.692264
0.684247
0.675694
0.666610
0.657002
0.646879
0.636249
0.625118
0.613497
0.601394
0.588819
0.575782
0.562293
0.548363
0.534003
0.519225
0.504040
0.488460
0.472497
0.456166
0.439478
0.422448
0.405088
0.387413
0.369438
0.351176
0.332644
0.313854
0.294824
0.275568
0.256102
0.236442
0.216605
0.196605
0.176461
0.156187
0.135802
0.115320
0.094761
0.074139
0.053473
0.032780
0.012075
-0.008622
-0.029296
-0.049930
-0.070505
-0.091006
-0.111415
-0.131715
-0.151889
-0.171921
-0.191794
-0.211492
-0.230998
-0.250295
-0.269369
-0.288202
-0.306780
-0.325087
-0.343108
-0.360827
-0.378231
-0.395303
-0.412032
-0.428401
-0.444398
-0.460010
-0.475224
-0.490026
-0.504405
-0.518348
-0.531845
-0.544884
-0.557454
-0.569545
-0.581147
-0.592251
-0.602846
-0.612925
-0.622480
-0.631501
-0.639983
-0.647918
-0.655300
-0.662123
-0.668381
-0.674069
-0.679184
-0.683720
-0.687674
-0.691043
-0.693825
-0.696018
-0.697619
-0.698628
-0.699045
-0.698868
-0.698100
-0.696739
-0.694789
-0.692250
-0.689126
-0.685419
-0.681132
-0.676269
-0.670834
-0.664833
-0.658270
-0.651152
-0.643483
-0.635272
-0.626524
-0.617248
-0.607451
-0.597141
-0.586328
-0.575019
-0.563226
-0.550958
-0.538224
-0.525036
-0.511405
-0.497342
-0.482858
-0.467967
-0.452679
-0.437008
-0.420966
-0.404567
-0.387825
-0.370752
-0.353364
-0.335674
-0.317697
-0.299447
-0.280939
-0.262189
-0.243211
-0.224022
-0.204636
-0.185070
-0.165338
-0.145458
-0.125445
-0.105316
-0.085086
-0.064772
-0.044390
-0.023957
-0.003488
0.016998
0.037487
0.057962
0.078406
0.098803
0.119136
0.139390
0.159548
0.179594
0.199512
0.219287
0.238902
0.258342
0.277591
0.296634
0.315456
0.334042
0.352377
0.370447
0.388236
0.405732
0.422920
0.439786
0.456317
0.472500
0.488321
0.503769
0.518831
0.533495
0.547749
0.561582
0.574983
0.587941
0.600445
0.612486
0.624054
0.635140
0.645735
0.655830
0.665417
0.674489
0.683037
0.691056
0.698538
0.705477
0.711868
0.717706
0.722985
0.727701
0.731851
0.735430
0.738436
0.740866
0.742717
0.743989
0.744680
0.744789
0.744315
0.743260
0.741623
0.739405
0.736609
0.733235
0.729287
0.724767
0.719679
0.714026
0.707813
0.701045
0.693726
0.685862
0.677460
0.668525
0.659065
0.649087
0.638599
0.627610
0.616126
0.604159
0.591717
0.578810
0.565448
0.551642
0.537402
0.522741
0.507670
0.492200
0.476345
0.460117
0.443529
0.426595
0.409327
0.391740
0.373849
0.355667
0.337210
0.318492
0.299528
0.280335
0.260927
0.241321
0.221532
0.201577
0.181472
0.161234
0.140878
0.120423
0.099884
0.079278
0.058623
0.037936
0.017233
-0.003468
-0.024150
-0.044796
-0.065390
-0.085913
-0.106350
-0.126682
-0.146894
-0.166967
-0.186887
-0.206636
-0.226198
-0.245556
-0.264695
-0.283598
-0.302250
-0.320635
-0.338738
-0.356544
-0.374039
-0.391206
-0.408034
-0.424506
-0.440610
-0.456333
-0.471660
-0.486581
-0.501081
-0.515149
-0.528774
-0.541944
-0.554648
-0.566876
-0.578618
-0.589863
-0.600604
-0.610830
-0.620534
-0.629708
-0.638344
-0.646435
-0.653974
-0.660956
-0.667375
-0.673226
-0.678504
-0.683204
-0.687324
-0.690859
-0.693808
-0.696168
-0.697938
-0.699115
-0.699700
-0.699692
-0.699091
-0.697899
-0.696116
-0.693744
-0.690786
-0.687244
-0.683121
-0.678421
-0.673148
-0.667308
-0.660904
-0.653942
-0.646429
-0.638371
-0.629775
-0.620648
-0.610998
-0.600833
-0.590162
-0.578993
-0.567337
-0.555202
-0.542599
-0.529539
-0.516033
-0.502091
-0.487726
-0.472948
-0.457772
-0.442208
-0.426270
-0.409971
-0.393325
-0.376345
-0.359045
-0.341438
-0.323541
-0.305367
-0.286931
-0.268248
-0.249333
-0.230202
-0.210870
-0.191353
-0.171666
-0.151827
-0.131849
-0.111751
-0.091548
-0.071255
-0.050891
-0.030470
-0.010010
0.010474
0.030964
0.051445
0.071900
0.092312
0.112666
0.132944
0.153132
0.173212
0.193168
0.212986
0.232648
0.252140
0.271446
0.290550
0.309437
0.328092
0.346500
0.364648
0.382519
0.400100
0.417378
0.434337
0.450965
0.467249
0.483175
0.498731
0.513905
0.528684
0.543056
0.557011
0.570536
0.583621
0.596256
0.608431
0.620135
0.631360
0.642096
0.652334
0.662067
0.671287
0.679985
0.688156
0.695792
0.702887
0.709435
0.715431
0.720870
0.725747
0.730059
0.733801
0.736971
0.739565
0.741582
0.743020
0.743876
0.744151
0.743844
0.742954
0.741483
0.739431
0.736799
0.733590
0.729806
0.725449
0.720522
0.715030
0.708976
0.702366
0.695203
0.687494
0.679245
0.670462
0.661151
0.651320
0.640977
0.630129
0.618786
0.606956
0.594648
0.581873
0.568640
0.554959
0.540842
0.526301
0.511345
0.495988
0.480242
0.464119
0.447633
0.430796
0.413622
0.396125
0.378319
0.360219
0.341839
0.323194
0.304300
0.285171
0.265823
0.246272
0.226534
0.206626
0.186562
0.166361
0.146038
0.125610
0.105093
0.084506
0.063864
0.043185
0.022486
0.001783
-0.018905
-0.039563
-0.060172
-0.080716
-0.101178
-0.121541
-0.141788
-0.161902
-0.181866
-0.201664
-0.221280
-0.240696
-0.259898
-0.278869
-0.297592
-0.316054
-0.334238
-0.352129
-0.369712
-0.386973
-0.403897
-0.420471
-0.436680
-0.452511
-0.467950
-0.482986
-0.497606
-0.511797
-0.525547
-0.538846
-0.551683
-0.564045
-0.575925
-0.587311
-0.598195
-0.608567
-0.618418
-0.627742
-0.636530
-0.644775
-0.652470
-0.659610
-0.666188
-0.672199
-0.677638
-0.682502
-0.686785
-0.690486
-0.693600
-0.696126
-0.698062
-0.699406
-0.700158
-0.700317
-0.699883
-0.698857
-0.697241
-0.695035
-0.692241
-0.688864
-0.684904
-0.680367
-0.675255
-0.669574
-0.663328
-0.656524
-0.649166
-0.641261
-0.632816
-0.623838
-0.614335
-0.604314
-0.593785
-0.582756
-0.571237
-0.559236
-0.546765
-0.533833
-0.520452
-0.506632
-0.492385
-0.477724
-0.462659
-0.447203
-0.431370
-0.415172
-0.398623
-0.381736
-0.364525
-0.347005
-0.329189
-0.311091
-0.292728
-0.274114
-0.255263
-0.236192
-0.216916
-0.197450
-0.177810
-0.158012
-0.138073
-0.118007
-0.097832
-0.077563
-0.057218
-0.036811
-0.016361
0.004118
0.024608
0.045093
0.065557
0.085983
0.106355
0.126657
0.146872
0.166985
0.186978
0.206838
0.226546
0.246089
0.265449
0.284613
