8.834561
8.832376
8.830188
8.827997
8.825802
8.823604
8.821402
8.819198
8.816990
8.814778
8.812564
8.810346
8.808125
8.805900
8.803672
8.801441
8.799207
8.796969
8.794728
8.792483
8.790236
8.787985
8.785731
8.783473
8.781212
8.778948
8.776681
8.774410
8.772136
8.769859
8.767578
8.765294
8.763007
8.760717
8.758423
8.756126
8.753825
8.751522
8.749215
8.746905
8.744591
8.742274
8.739954
8.737631
8.735304
8.732974
8.730641
8.728304
8.725965
8.723622
8.721275
8.718926
8.716573
8.714216
8.711857
8.709494
8.707128
8.704759
8.702386
8.700010
8.697631
8.695249
8.692863
8.690474
8.688082
8.685686
8.683288
8.680885
8.678480
8.676071
8.673660
8.671244
8.668826
8.666404
8.663979
8.661551
8.659120
8.656685
8.654247
8.651806
8.649361
8.646913
8.644462
8.642008
8.639550
8.637089
8.634625
8.632158
8.629687
8.627213
8.624736
8.622256
8.619772
8.617285
8.614795
8.612301
8.609805
8.607305
8.604802
8.602295
8.599785
8.597272
8.594756
8.592237
8.589714
8.587188
8.584659
8.582126
8.579591
8.577052
8.574510
8.571964
8.569416
8.566864
8.564308
8.561750
8.559188
8.556624
8.554055
8.551484
8.548909
8.546332
8.543751
8.541166
8.538579
8.535988
8.533394
8.530797
8.528196
8.525592
8.522986
8.520375
8.517762
8.515145
8.512525
8.509902
8.507276
8.504647
8.502014
8.499378
8.496739
8.494096
8.491450
8.488802
8.486149
8.483494
8.480836
8.478174
8.475509
8.472841
8.470169
8.467495
8.464817
8.462136
8.459451
8.456764
8.454073
8.451379
8.448682
8.445982
8.443278
8.440571
8.437862
8.435148
8.432432
8.429712
8.426990
8.424264
8.421534
8.418802
8.416066
8.413328
8.410586
8.407840
8.405092
8.402340
8.399586
8.396828
8.394066
8.391302
8.388534
8.385764
8.382990
8.380212
8.377432
8.374649
8.371862
8.369072
8.366279
8.363483
8.360683
8.357880
8.355074
8.352265
8.349453
8.346638
8.343819
8.340997
8.338172
8.335344
8.332513
8.329679
8.326841
8.324000
8.321156
8.318309
8.315458
8.312605
8.309748
8.306888
8.304025
8.301159
8.298290
8.295417
8.292541
8.289662
8.286780
8.283895
8.281007
8.278115
8.275220
8.272323
8.269421
8.266517
8.263610
8.260699
8.257786
8.254869
8.251949
8.249026
8.246099
8.243170
8.240237
8.237302
8.234363
8.231421
8.228475
8.225527
8.222576
8.219621
8.216663
8.213702
8.210738
8.207771
8.204800
8.201827
8.198850
8.195870
8.192887
8.189901
8.186912
8.183920
8.180924
8.177926
8.174924
8.171919
8.168911
8.165900
8.162886
8.159868
8.156848
8.153824
8.150797
8.147767
8.144734
8.141698
8.138659
8.135616
8.132571
8.129522
8.126470
8.123415
8.120357
8.117296
8.114232
8.111165
8.108094
8.105021
8.101944
8.098864
8.095781
8.092695
8.089606
8.086514
8.083418
8.080320
8.077218
8.074114
8.071006
8.067895
8.064781
8.061664
8.058544
8.055421
8.052294
8.049165
8.046032
8.042896
8.039758
8.036616
8.033471
8.030323
8.027172
8.024018
8.020860
8.017700
8.014536
8.011370
8.008200
8.005027
8.001852
7.998673
7.995491
7.992306
7.989118
7.985926
7.982732
7.979535
7.976334
7.973131
7.969924
7.966715
7.963502
7.960286
7.957067
7.953845
7.950620
7.947392
7.944161
7.940927
7.937690
7.934449
7.931206
7.927959
7.924710
7.921457
7.918202
7.914943
7.911681
7.908417
7.905149
7.901878
7.898604
7.895327
7.892047
7.888764
7.885478
7.882188
7.878896
7.875601
7.872303
7.869001
7.865697
7.862389
7.859079
7.855765
7.852449
7.849129
7.845807
7.842481
7.839152
7.835821
7.832486
7.829148
7.825807
7.822463
7.819117
7.815767
7.812414
7.809058
7.805699
7.802337
7.798972
7.795604
7.792233
7.788859
7.785482
7.782102
7.778718
7.775332
7.771943
7.768551
7.765156
7.761758
7.758356
7.754952
7.751545
7.748135
7.744722
7.741306
7.737886
7.734464
7.731039
7.727611
7.724180
7.720745
7.717308
7.713868
7.710425
7.706979
7.703530
7.700077
7.696622
7.693164
7.689703
7.686239
7.682772
7.679302
7.675829
7.672353
7.668874
7.665392
7.661907
7.658419
7.654928
7.651434
7.647937
7.644437
7.640935
7.637429
7.633920
7.630408
7.626894
7.623376
7.619855
7.616332
7.612805
7.609276
7.605743
7.602208
7.598670
7.595128
7.591584
7.588037
7.584486
7.580933
7.577377
7.573818
7.570256
7.566691
7.563123
7.559553
7.555979
7.552402
7.548822
7.545240
7.541654
7.538066
7.534474
7.530880
7.527283
7.523683
7.520079
7.516473
7.512864
7.509252
7.505637
7.502020
7.498399
7.494775
7.491149
7.487519
7.483887
7.480252
7.476613
7.472972
7.469328
7.465681
7.462031
7.458378
7.454723
7.451064
7.447402
7.443738
7.440070
7.436400
7.432727
7.429051
7.425372
7.421690
7.418005
7.414318
7.410627
7.406934
7.403237
7.399538
7.395836
7.392131
7.388423
7.384712
7.380998
7.377282
7.373562
7.369840
7.366115
7.362386
7.358655
7.354921
7.351185
7.347445
7.343703
7.339957
7.336209
7.332458
7.328704
7.324947
7.321187
7.317424
7.313659
7.309891
7.306119
7.302345
7.298568
7.294789
7.291006
7.287220
7.283432
7.279641
7.275847
7.272050
7.268250
7.264448
7.260642
7.256834
7.253023
7.249209
7.245392
7.241572
7.237749
7.233924
7.230096
7.226265
7.222431
7.218594
7.214755
7.210912
7.207067
7.203219
7.199368
7.195515
7.191658
7.187799
7.183937
7.180072
7.176204
7.172333
7.168460
7.164583
7.160704
7.156822
7.152938
7.149050
7.145160
7.141267
7.137371
7.133472
7.129571
7.125666
7.121759
7.117849
7.113936
7.110021
7.106103
7.102181
7.098257
7.094331
7.090401
7.086469
7.082534
7.078596
7.074655
7.070712
7.066766
7.062817
7.058865
7.054910
7.050953
7.046993
7.043030
7.039064
7.035096
7.031124
7.027150
7.023174
7.019194
7.015212
7.011227
7.007239
7.003248
6.999255
6.995259
6.991260
6.987258
6.983254
6.979247
6.975237
6.971224
6.967209
6.963191
6.959170
6.955146
6.951120
6.947091
6.943059
6.939024
6.934987
6.930947
6.926904
6.922859
6.918810
6.914759
6.910706
6.906649
6.902590
6.898528
6.894463
6.890396
6.886326
6.882253
6.878178
6.874099
6.870018
6.865935
6.861848
6.857759
6.853667
6.849573
6.845476
6.841376
6.837273
6.833168
6.829060
6.824949
6.820835
6.816719
6.812600
6.808479
6.804355
6.800228
6.796098
6.791966
6.787831
6.783693
6.779553
6.775409
6.771264
6.767115
6.762964
6.758810
6.754654
6.750495
6.746333
6.742168
6.738001
6.733831
6.729659
6.725484
6.721306
6.717125
6.712942
6.708756
6.704568
6.700377
6.696183
6.691987
6.687788
6.683586
6.679381
6.675174
6.670965
6.666752
6.662537
6.658320
6.654099
6.649876
6.645651
6.641423
6.637192
6.632958
6.628722
6.624483
6.620242
6.615998
6.611751
6.607502
6.603250
6.598996
6.594739
6.590479
6.586217
6.581952
6.577684
6.573414
6.569141
6.564865
6.560587
6.556307
6.552024
6.547738
6.543449
6.539158
6.534864
6.530568
6.526269
6.521968
6.517664
6.513357
6.509048
6.504736
6.500422
6.496105
6.491785
6.487463
6.483138
6.478811
6.474481
6.470148
6.465813
6.461476
6.457135
6.452793
6.448447
6.444099
6.439749
6.435396
6.431040
6.426682
6.422321
6.417958
6.413592
6.409223
6.404852
6.400479
6.396103
6.391724
6.387343
6.382959
6.378573
6.374184
6.369793
6.365399
6.361002
6.356603
6.352202
6.347798
6.343391
6.338982
6.334570
6.330156
6.325739
6.321320
6.316898
6.312474
6.308047
6.303618
6.299186
6.294752
6.290315
6.285876
6.281434
6.276989
6.272542
6.268093
6.263641
6.259186
6.254730
6.250270
6.245808
6.241344
6.236877
6.232407
6.227935
6.223461
6.218984
6.214505
6.210023
6.205539
6.201052
6.196562
6.192071
6.187576
6.183080
6.178580
6.174079
6.169575
6.165068
6.160559
6.156047
6.151533
6.147017
6.142498
6.137976
6.133452
6.128926
6.124397
6.119866
6.115332
6.110796
6.106258
6.101717
6.097173
6.092627
6.088079
6.083528
6.078975
6.074419
6.069861
6.065300
6.060737
6.056172
6.051604
6.047034
6.042461
6.037886
6.033309
6.028729
6.024146
6.019561
6.014974
6.010385
6.005792
6.001198
5.996601
5.992002
5.987400
5.982796
5.978190
5.973581
5.968969
5.964356
5.959740
5.955121
5.950500
5.945877
5.941251
5.936623
5.931993
5.927360
5.922725
5.918087
5.913448
5.908805
5.904161
5.899513
5.894864
5.890212
5.885558
5.880902
5.876243
5.871581
5.866918
5.862252
5.857583
5.852913
5.848240
5.843564
5.838886
5.834206
5.829524
5.824839
5.820152
5.815462
5.810771
5.806076
5.801380
5.796681
5.791980
5.787276
5.782570
5.777862
5.773152
5.768439
5.763724
5.759006
5.754286
5.749564
5.744840
5.740113
5.735384
5.730653
5.725919
5.721183
5.716445
5.711704
5.706961
5.702216
5.697468
5.692719
5.687967
5.683212
5.678455
5.673696
5.668935
5.664172
5.659406
5.654638
5.649867
5.645095
5.640320
5.635542
5.630763
5.625981
5.621197
5.616411
5.611622
5.606831
5.602038
5.597243
5.592445
5.587645
5.582843
5.578038
5.573232
5.568423
5.563612
5.558798
5.553983
5.549165
5.544344
5.539522
5.534697
5.529870
5.525041
5.520210
5.515376
5.510541
5.505703
5.500862
5.496020
5.491175
5.486328
5.481479
5.476628
5.471774
5.466918
5.462060
5.457200
5.452337
5.447473
5.442606
5.437737
5.432866
5.427992
5.423117
5.418239
5.413359
5.408476
5.403592
5.398705
5.393817
5.388926
5.384032
5.379137
5.374240
5.369340
5.364438
5.359534
5.354628
5.349719
5.344809
5.339896
5.334981
5.330064
5.325145
5.320223
5.315300
5.310374
5.305446
5.300516
5.295584
5.290650
5.285714
5.280775
5.275834
5.270891
5.265946
5.260999
5.256050
5.251099
5.246145
5.241189
5.236231
5.231272
5.226310
5.221345
5.216379
5.211411
5.206440
5.201467
5.196493
5.191516
5.186537
5.181556
5.176573
5.171587
5.166600
5.161610
5.156619
5.151625
5.146629
5.141632
5.136632
5.131630
5.126625
5.121619
5.116611
5.111601
5.106588
5.101574
5.096557
5.091538
5.086518
5.081495
5.076470
5.071443
5.066414
5.061383
5.056350
5.051315
5.046277
5.041238
5.036197
5.031153
5.026108
5.021060
5.016011
5.010959
5.005906
5.000850
4.995792
4.990733
4.985671
4.980607
4.975541
4.970473
4.965404
4.960332
4.955258
4.950182
4.945104
4.940024
4.934942
4.929858
4.924772
4.919684
4.914594
4.909502
4.904408
4.899312
4.894214
4.889114
4.884012
4.878908
4.873802
4.868694
4.863584
4.858472
4.853358
4.848242
4.843125
4.838005
4.832883
4.827759
4.822633
4.817506
4.812376
4.807244
4.802111
4.796975
4.791838
4.786698
4.781557
4.776413
4.771268
4.766121
4.760971
4.755820
4.750667
4.745512
4.740355
4.735196
4.730035
4.724872
4.719708
4.714541
4.709372
4.704202
4.699029
4.693855
4.688679
4.683501
4.678321
4.673139
4.667955
4.662769
4.657581
4.652391
4.647200
4.642006
4.636811
4.631614
4.626415
4.621214
4.616011
4.610806
4.605599
4.600391
4.595180
4.589968
4.584754
4.579538
4.574320
4.569100
4.563878
4.558655
4.553429
4.548202
4.542973
4.537742
4.532509
4.527274
4.522038
4.516799
4.511559
4.506317
4.501073
4.495827
4.490579
4.485330
4.480078
4.474825
4.469570
4.464313
4.459055
4.453794
4.448532
4.443268
4.438002
4.432734
4.427465
4.422193
4.416920
4.411645
4.406368
4.401089
4.395809
4.390527
4.385243
4.379957
4.374669
4.369380
4.364089
4.358796
4.353501
4.348204
4.342906
4.337606
4.332304
4.327000
4.321695
4.316387
4.311078
4.305768
4.300455
4.295141
4.289825
4.284507
4.279187
4.273866
4.268543
4.263218
4.257891
4.252563
4.247233
4.241901
4.236567
4.231232
4.225895
4.220556
4.215215
4.209873
4.204529
4.199184
4.193836
4.188487
4.183136
4.177783
4.172429
4.167073
4.161715
4.156356
4.150995
4.145632
4.140267
4.134901
4.129533
4.124163
4.118792
4.113419
4.108044
4.102668
4.097290
4.091910
4.086528
4.081145
4.075760
4.070374
4.064985
4.059596
4.054204
4.048811
4.043416
4.038019
4.032621
4.027221
4.021820
4.016417
4.011012
4.005605
4.000197
3.994787
3.989376
3.983963
3.978548
3.973132
3.967714
3.962294
3.956873
3.951450
3.946026
3.940600
3.935172
3.929743
3.924312
3.918879
3.913445
3.908009
3.902572
3.897133
3.891692
3.886250
3.880806
3.875361
3.869914
3.864465
3.859015
3.853563
3.848110
3.842655
3.837198
3.831740
3.826280
3.820819
3.815356
3.809892
3.804426
3.798958
3.793489
3.788018
3.782546
3.777072
3.771597
3.766120
3.760641
3.755161
3.749680
3.744197
3.738712
3.733226
3.727738
3.722249
3.716758
3.711265
3.705772
3.700276
3.694779
3.689281
3.683781
3.678279
3.672776
3.667272
3.661766
3.656258
3.650749
3.645238
3.639726
3.634213
3.628698
3.623181
3.617663
3.612143
3.606622
3.601100
3.595576
3.590050
3.584523
3.578995
3.573465
3.567933
3.562400
3.556866
3.551330
3.545793
3.540254
3.534714
3.529172
3.523629
3.518084
3.512538
3.506991
3.501442
3.495891
3.490339
3.484786
3.479231
3.473675
3.468117
3.462558
3.456998
3.451436
3.445873
3.440308
3.434742
3.429174
3.423605
3.418035
3.412463
3.406890
3.401315
3.395739
3.390161
3.384583
3.379002
3.373421
3.367837
3.362253
3.356667
3.351080
3.345491
3.339901
3.334310
3.328717
3.323123
3.317528
3.311931
3.306332
3.300733
3.295132
3.289529
3.283926
3.278321
3.272714
3.267106
3.261497
3.255887
3.250275
3.244662
3.239047
3.233431
3.227814
3.222196
3.216576
3.210955
3.205332
3.199708
3.194083
3.188456
3.182829
3.177200
3.171569
3.165937
3.160304
3.154670
3.149034
3.143397
3.137759
3.132119
3.126478
3.120836
3.115193
3.109548
3.103902
3.098254
3.092606
3.086956
3.081305
3.075652
3.069999
3.064344
3.058687
3.053030
3.047371
3.041711
3.036049
3.030387
3.024723
3.019058
3.013392
3.007724
3.002055
2.996385
2.990714
2.985041
2.979367
2.973692
2.968016
2.962338
2.956660
2.950980
2.945299
2.939616
2.933933
2.928248
2.922562
2.916874
2.911186
2.905496
2.899805
2.894113
2.888420
2.882725
2.877030
2.871333
2.865635
2.859936
2.854235
2.848533
2.842831
2.837127
2.831422
2.825715
2.820008
2.814299
2.808589
2.802878
2.797166
2.791453
2.785738
2.780022
2.774306
2.768588
2.762869
2.757148
2.751427
2.745704
2.739981
2.734256
2.728530
2.722803
2.717075
2.711345
2.705615
2.699883
2.694151
2.688417
2.682682
2.676946
2.671209
2.665470
2.659731
2.653990
2.648249
2.642506
2.636762
2.631017
2.625271
2.619524
2.613776
2.608027
2.602277
2.596525
2.590773
2.585019
2.579265
2.573509
2.567752
2.561994
2.556235
2.550475
2.544714
2.538952
2.533189
2.527425
2.521660
2.515893
2.510126
2.504358
2.498588
2.492818
2.487046
2.481274
2.475500
2.469726
2.463950
2.458174
2.452396
2.446617
2.440838
2.435057
2.429275
2.423492
2.417709
2.411924
2.406138
2.400351
2.394564
2.388775
2.382985
2.377195
2.371403
2.365610
2.359816
2.354022
2.348226
2.342430
2.336632
2.330833
2.325034
2.319233
2.313432
2.307630
2.301826
2.296022
2.290217
2.284410
2.278603
2.272795
2.266986
2.261176
2.255365
2.249553
2.243740
2.237926
2.232112
2.226296
2.220480
2.214662
2.208844
2.203024
2.197204
2.191383
2.185561
2.179738
2.173914
2.168089
2.162264
2.156437
2.150610
2.144781
2.138952
2.133122
2.127291
2.121459
2.115626
2.109792
2.103958
2.098122
2.092286
2.086449
2.080611
2.074772
2.068932
2.063091
2.057250
2.051407
2.045564
2.039720
2.033875
2.028029
2.022183
2.016335
2.010487
2.004638
1.998788
1.992937
1.987086
1.981233
1.975380
1.969526
1.963671
1.957815
1.951959
1.946101
1.940243
1.934384
1.928524
1.922664
1.916802
1.910940
1.905077
1.899213
1.893349
1.887483
1.881617
1.875750
1.869883
1.864014
1.858145
1.852275
1.846404
1.840533
1.834660
1.828787
1.822913
1.817039
1.811163
1.805287
1.799410
1.793533
1.787654
1.781775
1.775895
1.770015
1.764133
1.758251
1.752368
1.746485
1.740601
1.734716
1.728830
1.722943
1.717056
1.711168
1.705280
1.699391
1.693501
1.687610
1.681718
1.675826
1.669934
1.664040
1.658146
1.652251
1.646355
1.640459
1.634562
1.628665
1.622766
1.616867
1.610968
1.605067
1.599166
1.593265
1.587362
1.581459
1.575556
1.569651
1.563747
1.557841
1.551935
1.546028
1.540120
1.534212
1.528303
1.522394
1.516484
1.510573
1.504662
1.498750
1.492837
1.486924
1.481010
1.475096
1.469180
1.463265
1.457348
1.451432
1.445514
1.439596
1.433677
1.427758
1.421838
1.415918
1.409996
1.404075
1.398153
1.392230
1.386306
1.380382
1.374458
1.368533
1.362607
1.356681
1.350754
1.344826
1.338898
1.332970
1.327041
1.321111
1.315181
1.309250
1.303319
1.297387
1.291455
1.285522
1.279588
1.273654
1.267720
1.261785
1.255849
1.249913
1.243977
1.238040
1.232102
1.226164
1.220225
1.214286
1.208346
1.202406
1.196466
1.190524
1.184583
1.178641
1.172698
1.166755
1.160811
1.154867
1.148922
1.142977
1.137032
1.131086
1.125139
1.119192
1.113245
1.107297
1.101349
1.095400
1.089451
1.083501
1.077551
1.071600
1.065649
1.059698
1.053746
1.047793
1.041841
1.035887
1.029934
1.023979
1.018025
1.012070
1.006115
1.000159
0.994203
0.988246
0.982289
0.976331
0.970374
0.964415
0.958457
0.952498
0.946538
0.940578
0.934618
0.928657
0.922696
0.916735
0.910773
0.904811
0.898849
0.892886
0.886922
0.880959
0.874995
0.869030
0.863066
0.857101
0.851135
0.845169
0.839203
0.833237
0.827270
0.821303
0.815335
0.809367
0.803399
0.797430
0.791461
0.785492
0.779523
0.773553
0.767583
0.761612
0.755641
0.749670
0.743699
0.737727
0.731755
0.725783
0.719810
0.713837
0.707864
0.701890
0.695916
0.689942
0.683968
0.677993
0.672018
0.666043
0.660067
0.654091
0.648115
0.642139
0.636162
0.630186
0.624208
0.618231
0.612253
0.606275
0.600297
0.594319
0.588340
0.582361
0.576382
0.570403
0.564423
0.558443
0.552463
0.546483
0.540502
0.534522
0.528541
0.522559
0.516578
0.510596
0.504615
0.498632
0.492650
0.486668
0.480685
0.474702
0.468719
0.462736
0.456752
0.450769
0.444785
0.438801
0.432817
0.426832
0.420848
0.414863
0.408878
0.402893
0.396908
0.390923
0.384937
0.378951
0.372966
0.366980
0.360993
0.355007
0.349021
0.343034
0.337047
0.331060
0.325073
0.319086
0.313099
0.307112
0.301124
0.295136
0.289149
0.283161
0.277173
0.271185
0.265196
0.259208
0.253220
0.247231
0.241242
0.235254
0.229265
0.223276
0.217287
0.211298
0.205309
0.199319
0.193330
0.187341
0.181351
0.175361
0.169372
0.163382
0.157392
0.151402
0.145412
0.139422
0.133432
0.127442
0.121452
0.115462
0.109472
0.103482
0.097491
0.091501
0.085511
0.079520
0.073530
0.067539
0.061549
0.055558
0.049568
0.043577
0.037586
0.031596
0.025605
0.019615
0.013624
0.007633
0.001643
-0.004348
-0.010338
-0.016329
-0.022320
-0.028310
-0.034301
-0.040291
-0.046282
-0.052272
-0.058263
-0.064253
-0.070244
-0.076234
-0.082224
-0.088215
-0.094205
-0.100195
-0.106185
-0.112175
-0.118166
-0.124156
-0.130146
-0.136135
-0.142125
-0.148115
-0.154105
-0.160095
-0.166084
-0.172074
-0.178063
-0.184052
-0.190042
-0.196031
-0.202020
-0.208009
-0.213998
-0.219987
-0.225976
-0.231964
-0.237953
-0.243941
-0.249930
-0.255918
-0.261906
-0.267894
-0.273882
-0.279870
-0.285857
-0.291845
-0.297832
-0.303820
-0.309807
-0.315794
-0.321781
-0.327767
-0.333754
-0.339740
-0.345727
-0.351713
-0.357699
-0.363685
-0.369670
-0.375656
-0.381641
-0.387627
-0.393612
-0.399597
-0.405581
-0.411566
-0.417550
-0.423534
-0.429518
-0.435502
-0.441486
-0.447469
-0.453453
-0.459436
-0.465418
-0.471401
-0.477384
-0.483366
-0.489348
-0.495330
-0.501311
-0.507293
-0.513274
-0.519255
-0.525236
-0.531216
-0.537197
-0.543177
-0.549157
-0.555136
-0.561116
-0.567095
-0.573074
-0.579052
-0.585031
-0.591009
-0.596987
-0.602964
-0.608942
-0.614919
-0.620896
-0.626873
-0.632849
-0.638825
-0.644801
-0.650776
-0.656752
-0.662727
-0.668701
-0.674676
-0.680650
-0.686624
-0.692597
-0.698570
-0.704543
-0.710516
-0.716488
-0.722461
-0.728432
-0.734404
-0.740375
-0.746346
-0.752316
-0.758286
-0.764256
-0.770226
-0.776195
-0.782164
-0.788132
-0.794101
-0.800068
-0.806036
-0.812003
-0.817970
-0.823937
-0.829903
-0.835868
-0.841834
-0.847799
-0.853764
-0.859728
-0.865692
-0.871656
-0.877619
-0.883582
-0.889544
-0.895507
-0.901468
-0.907430
-0.913391
-0.919351
-0.925312
-0.931271
-0.937231
-0.943190
-0.949149
-0.955107
-0.961065
-0.967022
-0.972979
-0.978936
-0.984892
-0.990848
-0.996803
-1.002758
-1.008713
-1.014667
-1.020620
-1.026574
-1.032526
-1.038479
-1.044431
-1.050382
-1.056333
-1.062284
-1.068234
-1.074184
-1.080133
-1.086082
-1.092030
-1.097978
-1.103925
-1.109872
-1.115818
-1.121764
-1.127710
-1.133655
-1.139600
-1.145544
-1.151487
-1.157430
-1.163373
-1.169315
-1.175257
-1.181198
-1.187138
-1.193079
-1.199018
-1.204957
-1.210896
-1.216834
-1.222772
-1.228709
-1.234645
-1.240581
-1.246517
-1.252452
-1.258386
-1.264320
-1.270253
-1.276186
-1.282119
-1.288050
-1.293982
-1.299912
-1.305842
-1.311772
-1.317701
-1.323629
-1.329557
-1.335485
-1.341411
-1.347338
-1.353263
-1.359188
-1.365113
-1.371037
-1.376960
-1.382883
-1.388805
-1.394727
-1.400648
-1.406568
-1.412488
-1.418407
-1.424326
-1.430244
-1.436161
-1.442078
-1.447994
-1.453910
-1.459825
-1.465739
-1.471653
-1.477566
-1.483479
-1.489391
-1.495302
-1.501212
-1.507122
-1.513032
-1.518940
-1.524849
-1.530756
-1.536663
-1.542569
-1.548474
-1.554379
-1.560283
-1.566187
-1.572090
-1.577992
-1.583894
-1.589794
-1.595695
-1.601594
-1.607493
-1.613391
-1.619289
-1.625186
-1.631082
-1.636977
-1.642872
-1.648766
-1.654659
-1.660552
-1.666444
-1.672335
-1.678226
-1.684116
-1.690005
-1.695893
-1.701781
-1.707668
-1.713554
-1.719440
-1.725325
-1.731209
-1.737092
-1.742975
-1.748857
-1.754738
-1.760618
-1.766498
-1.772377
-1.778255
-1.784133
-1.790009
-1.795885
-1.801760
-1.807635
-1.813509
-1.819381
-1.825254
-1.831125
-1.836996
-1.842865
-1.848734
-1.854603
-1.860470
-1.866337
-1.872203
-1.878068
-1.883932
-1.889796
-1.895659
-1.901521
-1.907382
-1.913242
-1.919102
-1.924961
-1.930818
-1.936676
-1.942532
-1.948387
-1.954242
-1.960096
-1.965949
-1.971801
-1.977653
-1.983503
-1.989353
-1.995202
-2.001050
-2.006897
-2.012743
-2.018589
-2.024433
-2.030277
-2.036120
-2.041962
-2.047804
-2.053644
-2.059483
-2.065322
-2.071160
-2.076997
-2.082833
-2.088668
-2.094502
-2.100336
-2.106168
-2.112000
-2.117830
-2.123660
-2.129489
-2.135317
-2.141144
-2.146971
-2.152796
-2.158621
-2.164444
-2.170267
-2.176088
-2.181909
-2.187729
-2.193548
-2.199366
-2.205183
-2.210999
-2.216815
-2.222629
-2.228443
-2.234255
-2.240067
-2.245877
-2.251687
-2.257495
-2.263303
-2.269110
-2.274916
-2.280721
-2.286525
-2.292328
-2.298130
-2.303931
-2.309731
-2.315530
-2.321328
-2.327125
-2.332921
-2.338717
-2.344511
-2.350304
-2.356096
-2.361888
-2.367678
-2.373467
-2.379255
-2.385043
-2.390829
-2.396614
-2.402399
-2.408182
-2.413964
-2.419745
-2.425526
-2.431305
-2.437083
-2.442860
-2.448636
-2.454411
-2.460185
-2.465958
-2.471730
-2.477501
-2.483271
-2.489040
-2.494808
-2.500575
-2.506341
-2.512105
-2.517869
-2.523632
-2.529393
-2.535154
-2.540913
-2.546671
-2.552429
-2.558185
-2.563940
-2.569694
-2.575447
-2.581199
-2.586950
-2.592699
-2.598448
-2.604196
-2.609942
-2.615688
-2.621432
-2.627175
-2.632917
-2.638658
-2.644398
-2.650137
-2.655874
-2.661611
-2.667346
-2.673080
-2.678814
-2.684546
-2.690277
-2.696006
-2.701735
-2.707463
-2.713189
-2.718914
-2.724638
-2.730361
-2.736083
-2.741804
-2.747523
-2.753242
-2.758959
-2.764675
-2.770390
-2.776104
-2.781816
-2.787528
-2.793238
-2.798947
-2.804655
-2.810362
-2.816068
-2.821772
-2.827475
-2.833177
-2.838878
-2.844578
-2.850276
-2.855973
-2.861669
-2.867364
-2.873058
-2.878750
-2.884442
-2.890132
-2.895821
-2.901508
-2.907195
-2.912880
-2.918564
-2.924247
-2.929928
-2.935608
-2.941288
-2.946965
-2.952642
-2.958317
-2.963992
-2.969664
-2.975336
-2.981007
-2.986676
-2.992344
-2.998010
-3.003676
-3.009340
-3.015003
-3.020664
-3.026325
-3.031984
-3.037642
-3.043298
-3.048954
-3.054608
-3.060260
-3.065912
-3.071562
-3.077211
-3.082858
-3.088505
-3.094150
-3.099794
-3.105436
-3.111077
-3.116717
-3.122356
-3.127993
-3.133629
-3.139263
-3.144897
-3.150529
-3.156159
-3.161789
-3.167417
-3.173043
-3.178669
-3.184293
-3.189915
-3.195537
-3.201157
-3.206776
-3.212393
-3.218009
-3.223624
-3.229237
-3.234849
-3.240460
-3.246069
-3.251677
-3.257283
-3.262889
-3.268493
-3.274095
-3.279696
-3.285296
-3.290894
-3.296491
-3.302087
-3.307681
-3.313274
-3.318865
-3.324456
-3.330044
-3.335632
-3.341217
-3.346802
-3.352385
-3.357967
-3.363547
-3.369126
-3.374704
-3.380280
-3.385854
-3.391428
-3.397000
-3.402570
-3.408139
-3.413707
-3.419273
-3.424838
-3.430401
-3.435963
-3.441523
-3.447082
-3.452640
-3.458196
-3.463751
-3.469304
-3.474856
-3.480406
-3.485955
-3.491503
-3.497049
-3.502593
-3.508136
-3.513678
-3.519218
-3.524757
-3.530294
-3.535830
-3.541364
-3.546897
-3.552428
-3.557958
-3.563486
-3.569013
-3.574538
-3.580062
-3.585585
-3.591106
-3.596625
-3.602143
-3.607659
-3.613174
-3.618688
-3.624200
-3.629710
-3.635219
-3.640726
-3.646232
-3.651736
-3.657239
-3.662740
-3.668240
-3.673738
-3.679235
-3.684730
-3.690224
-3.695716
-3.701206
-3.706695
-3.712183
-3.717669
-3.723153
-3.728636
-3.734117
-3.739597
-3.745075
-3.750552
-3.756027
-3.761500
-3.766972
-3.772442
-3.777911
-3.783378
-3.788844
-3.794308
-3.799771
-3.805231
-3.810691
-3.816148
-3.821605
-3.827059
-3.832512
-3.837963
-3.843413
-3.848861
-3.854308
-3.859753
-3.865196
-3.870638
-3.876078
-3.881517
-3.886953
-3.892389
-3.897822
-3.903254
-3.908685
-3.914114
-3.919541
-3.924966
-3.930390
-3.935812
-3.941233
-3.946652
-3.952069
-3.957485
-3.962899
-3.968312
-3.973722
-3.979132
-3.984539
-3.989945
-3.995349
-4.000751
-4.006152
-4.011551
-4.016949
-4.022345
-4.027739
-4.033131
-4.038522
-4.043911
-4.049299
-4.054685
-4.060069
-4.065451
-4.070832
-4.076211
-4.081588
-4.086964
-4.092338
-4.097710
-4.103081
-4.108449
-4.113816
-4.119182
-4.124546
-4.129908
-4.135268
-4.140626
-4.145983
-4.151338
-4.156692
-4.162044
-4.167393
-4.172742
-4.178088
-4.183433
-4.188776
-4.194117
-4.199457
-4.204795
-4.210131
-4.215465
-4.220798
-4.226128
-4.231457
-4.236785
-4.242110
-4.247434
-4.252756
-4.258076
-4.263395
-4.268712
-4.274027
-4.279340
-4.284651
-4.289961
-4.295269
-4.300575
-4.305879
-4.311182
-4.316482
-4.321781
-4.327078
-4.332374
-4.337667
-4.342959
-4.348249
-4.353537
-4.358824
-4.364108
-4.369391
-4.374672
-4.379951
-4.385228
-4.390504
-4.395778
-4.401049
-4.406319
-4.411588
-4.416854
-4.422119
-4.427381
-4.432642
-4.437901
-4.443158
-4.448414
-4.453667
-4.458919
-4.464169
-4.469417
-4.474663
-4.479907
-4.485150
-4.490390
-4.495629
-4.500866
-4.506101
-4.511334
-4.516566
-4.521795
-4.527022
-4.532248
-4.537472
-4.542694
-4.547914
-4.553132
-4.558348
-4.563563
-4.568775
-4.573986
-4.579195
-4.584401
-4.589606
-4.594809
-4.600011
-4.605210
-4.610407
-4.615603
-4.620796
-4.625988
-4.631177
-4.636365
-4.641551
-4.646735
-4.651917
-4.657097
-4.662275
-4.667452
-4.672626
-4.677798
-4.682969
-4.688137
-4.693304
-4.698469
-4.703631
-4.708792
-4.713951
-4.719108
-4.724263
-4.729416
-4.734567
-4.739716
-4.744863
-4.750008
-4.755151
-4.760293
-4.765432
-4.770569
-4.775705
-4.780838
-4.785969
-4.791099
-4.796226
-4.801352
-4.806475
-4.811597
-4.816716
-4.821834
-4.826949
-4.832063
-4.837175
-4.842284
-4.847392
-4.852497
-4.857601
-4.862702
-4.867802
-4.872900
-4.877995
-4.883089
-4.888180
-4.893270
-4.898357
-4.903443
-4.908526
-4.913608
-4.918687
-4.923764
-4.928840
-4.933913
-4.938984
-4.944054
-4.949121
-4.954186
-4.959249
-4.964310
-4.969369
-4.974426
-4.979481
-4.984534
-4.989585
-4.994634
-4.999681
-5.004725
-5.009768
-5.014809
-5.019847
-5.024883
-5.029918
-5.034950
-5.039980
-5.045008
-5.050035
-5.055059
-5.060080
-5.065100
-5.070118
-5.075134
-5.080147
-5.085159
-5.090168
-5.095176
-5.100181
-5.105184
-5.110185
-5.115184
-5.120181
-5.125175
-5.130168
-5.135158
-5.140147
-5.145133
-5.150117
-5.155099
-5.160079
-5.165057
-5.170033
-5.175006
-5.179977
-5.184947
-5.189914
-5.194879
-5.199842
-5.204803
-5.209761
-5.214718
-5.219672
-5.224624
-5.229574
-5.234522
-5.239468
-5.244412
-5.249353
-5.254292
-5.259229
-5.264164
-5.269097
-5.274028
-5.278956
-5.283883
-5.288807
-5.293729
-5.298649
-5.303566
-5.308482
-5.313395
-5.318306
-5.323215
-5.328122
-5.333026
-5.337929
-5.342829
-5.347727
-5.352623
-5.357516
-5.362408
-5.367297
-5.372184
-5.377069
-5.381951
-5.386832
-5.391710
-5.396586
-5.401459
-5.406331
-5.411200
-5.416067
-5.420932
-5.425795
-5.430655
-5.435514
-5.440370
-5.445223
-5.450075
-5.454924
-5.459771
-5.464616
-5.469459
-5.474299
-5.479137
-5.483973
-5.488807
-5.493638
-5.498467
-5.503294
-5.508119
-5.512941
-5.517761
-5.522579
-5.527395
-5.532208
-5.537019
-5.541828
-5.546634
-5.551439
-5.556240
-5.561040
-5.565838
-5.570633
-5.575426
-5.580216
-5.585005
-5.589791
-5.594574
-5.599356
-5.604135
-5.608912
-5.613687
-5.618459
-5.623229
-5.627997
-5.632762
-5.637525
-5.642286
-5.647044
-5.651801
-5.656554
-5.661306
-5.666055
-5.670802
-5.675547
-5.680289
-5.685029
-5.689767
-5.694502
-5.699235
-5.703966
-5.708694
-5.713420
-5.718144
-5.722865
-5.727584
-5.732301
-5.737015
-5.741727
-5.746437
-5.751144
-5.755849
-5.760552
-5.765252
-5.769950
-5.774646
-5.779339
-5.784030
-5.788718
-5.793404
-5.798088
-5.802769
-5.807449
-5.812125
-5.816799
-5.821471
-5.826141
-5.830808
-5.835473
-5.840135
-5.844795
-5.849453
-5.854108
-5.858761
-5.863412
-5.868060
-5.872706
-5.877349
-5.881990
-5.886628
-5.891265
-5.895898
-5.900530
-5.905159
-5.909785
-5.914409
-5.919031
-5.923650
-5.928267
-5.932882
-5.937494
-5.942103
-5.946711
-5.951315
-5.955918
-5.960518
-5.965115
-5.969710
-5.974303
-5.978893
-5.983481
-5.988067
-5.992649
-5.997230
-6.001808
-6.006384
-6.010957
-6.015528
-6.020096
-6.024662
-6.029225
-6.033786
-6.038345
-6.042901
-6.047454
-6.052005
-6.056554
-6.061100
-6.065644
-6.070185
-6.074724
-6.079261
-6.083794
-6.088326
-6.092855
-6.097381
-6.101905
-6.106427
-6.110946
-6.115462
-6.119976
-6.124488
-6.128997
-6.133504
-6.138008
-6.142509
-6.147008
-6.151505
-6.155999
-6.160491
-6.164980
-6.169467
-6.173951
-6.178432
-6.182912
-6.187388
-6.191862
-6.196334
-6.200803
-6.205269
-6.209734
-6.214195
-6.218654
-6.223111
-6.227565
-6.232016
-6.236465
-6.240911
-6.245355
-6.249796
-6.254235
-6.258672
-6.263105
-6.267536
-6.271965
-6.276391
-6.280815
-6.285236
-6.289654
-6.294070
-6.298484
-6.302894
-6.307303
-6.311708
-6.316112
-6.320512
-6.324910
-6.329306
-6.333699
-6.338089
-6.342477
-6.346862
-6.351245
-6.355625
-6.360002
-6.364377
-6.368750
-6.373120
-6.377487
-6.381851
-6.386213
-6.390573
-6.394930
-6.399284
-6.403636
-6.407985
-6.412332
-6.416676
-6.421017
-6.425356
-6.429692
-6.434025
-6.438356
-6.442685
-6.447011
-6.451334
-6.455654
-6.459972
-6.464288
-6.468600
-6.472910
-6.477218
-6.481523
-6.485825
-6.490125
-6.494422
-6.498716
-6.503008
-6.507297
-6.511584
-6.515867
-6.520149
-6.524427
-6.528703
-6.532977
-6.537248
-6.541516
-6.545781
-6.550044
-6.554304
-6.558562
-6.562817
-6.567069
-6.571318
-6.575565
-6.579810
-6.584051
-6.588290
-6.592527
-6.596760
-6.600991
-6.605220
-6.609445
-6.613668
-6.617889
-6.622106
-6.626322
-6.630534
-6.634744
-6.638951
-6.643155
-6.647357
-6.651556
-6.655752
-6.659946
-6.664137
-6.668325
-6.672510
-6.676693
-6.680874
-6.685051
-6.689226
-6.693398
-6.697568
-6.701734
-6.705898
-6.710060
-6.714218
-6.718374
-6.722528
-6.726678
-6.730826
-6.734971
-6.739114
-6.743253
-6.747390
-6.751525
-6.755656
-6.759785
-6.763911
-6.768035
-6.772156
-6.776274
-6.780389
-6.784501
-6.788611
-6.792718
-6.796823
-6.800924
-6.805023
-6.809119
-6.813213
-6.817304
-6.821392
-6.825477
-6.829559
-6.833639
-6.837716
-6.841790
-6.845862
-6.849931
-6.853997
-6.858060
-6.862120
-6.866178
-6.870233
-6.874286
-6.878335
-6.882382
-6.886426
-6.890467
-6.894505
-6.898541
-6.902574
-6.906604
-6.910632
-6.914656
-6.918678
-6.922697
-6.926714
-6.930727
-6.934738
-6.938746
-6.942751
-6.946753
-6.950753
-6.954750
-6.958744
-6.962735
-6.966724
-6.970709
-6.974692
-6.978672
-6.982650
-6.986624
-6.990596
-6.994565
-6.998531
-7.002494
-7.006455
-7.010413
-7.014368
-7.018320
-7.022269
-7.026215
-7.030159
-7.034100
-7.038038
-7.041973
-7.045906
-7.049835
-7.053762
-7.057686
-7.061607
-7.065526
-7.069441
-7.073354
-7.077264
-7.081171
-7.085075
-7.088976
-7.092875
-7.096771
-7.100663
-7.104553
-7.108441
-7.112325
-7.116207
-7.120085
-7.123961
-7.127834
-7.131704
-7.135572
-7.139436
-7.143298
-7.147156
-7.151012
-7.154865
-7.158715
-7.162563
-7.166407
-7.170249
-7.174088
-7.177924
-7.181757
-7.185587
-7.189414
-7.193238
-7.197060
-7.200879
-7.204695
-7.208508
-7.212318
-7.216125
-7.219929
-7.223731
-7.227529
-7.231325
-7.235118
-7.238908
-7.242695
-7.246479
-7.250260
-7.254039
-7.257814
-7.261587
-7.265357
-7.269123
-7.272887
-7.276648
-7.280406
-7.284162
-7.287914
-7.291664
-7.295410
-7.299154
-7.302895
-7.306632
-7.310367
-7.314099
-7.317828
-7.321555
-7.325278
-7.328998
-7.332716
-7.336430
-7.340142
-7.343851
-7.347557
-7.351260
-7.354959
-7.358657
-7.362351
-7.366042
-7.369730
-7.373415
-7.377098
-7.380777
-7.384454
-7.388128
-7.391798
-7.395466
-7.399131
-7.402793
-7.406452
-7.410108
-7.413761
-7.417411
-7.421058
-7.424702
-7.428343
-7.431982
-7.435617
-7.439250
-7.442879
-7.446506
-7.450129
-7.453750
-7.457368
-7.460982
-7.464594
-7.468203
-7.471809
-7.475412
-7.479011
-7.482608
-7.486202
-7.489793
-7.493381
-7.496967
-7.500549
-7.504128
-7.507704
-7.511277
-7.514847
-7.518415
-7.521979
-7.525540
-7.529099
-7.532654
-7.536206
-7.539756
-7.543302
-7.546845
-7.550386
-7.553923
-7.557458
-7.560989
-7.564518
-7.568043
-7.571566
-7.575085
-7.578602
-7.582115
-7.585625
-7.589133
-7.592637
-7.596139
-7.599637
-7.603133
-7.606625
-7.610115
-7.613601
-7.617085
-7.620565
-7.624043
-7.627517
-7.630989
-7.634457
-7.637922
-7.641385
-7.644844
-7.648300
-7.651754
-7.655204
-7.658651
-7.662096
-7.665537
-7.668975
-7.672410
-7.675842
-7.679271
-7.682698
-7.686121
-7.689541
-7.692958
-7.696372
-7.699783
-7.703190
-7.706595
-7.709997
-7.713396
-7.716792
-7.720184
-7.723574
-7.726961
-7.730344
-7.733725
-7.737102
-7.740477
-7.743848
-7.747216
-7.750582
-7.753944
-7.757303
-7.760659
-7.764012
-7.767362
-7.770709
-7.774053
-7.777394
-7.780732
-7.784066
-7.787398
-7.790727
-7.794052
-7.797374
-7.800694
-7.804010
-7.807323
-7.810634
-7.813941
-7.817245
-7.820546
-7.823844
-7.827138
-7.830430
-7.833719
-7.837004
-7.840287
-7.843566
-7.846843
-7.850116
-7.853386
-7.856653
-7.859917
-7.863178
-7.866436
-7.869691
-7.872942
-7.876191
-7.879436
-7.882679
-7.885918
-7.889154
-7.892387
-7.895617
-7.898844
-7.902068
-7.905289
-7.908506
-7.911721
-7.914932
-7.918140
-7.921345
-7.924548
-7.927747
-7.930942
-7.934135
-7.937325
-7.940511
-7.943695
-7.946875
-7.950052
-7.953226
-7.956397
-7.959565
-7.962730
-7.965891
-7.969050
-7.972205
-7.975357
-7.978507
-7.981653
-7.984795
-7.987935
-7.991072
-7.994205
-7.997336
-8.000463
-8.003587
-8.006708
-8.009826
-8.012941
-8.016052
-8.019161
-8.022266
-8.025368
-8.028467
-8.031563
-8.034656
-8.037745
-8.040832
-8.043915
-8.046995
-8.050072
-8.053146
-8.056217
-8.059284
-8.062349
-8.065410
-8.068468
-8.071523
-8.074575
-8.077624
-8.080669
-8.083712
-8.086751
-8.089787
-8.092820
-8.095850
-8.098876
-8.101900
-8.104920
-8.107937
-8.110951
-8.113962
-8.116970
-8.119974
-8.122975
-8.125973
-8.128968
-8.131960
-8.134949
-8.137934
-8.140916
-8.143896
-8.146871
-8.149844
-8.152814
-8.155780
-8.158743
-8.161703
-8.164660
-8.167614
-8.170564
-8.173512
-8.176456
-8.179397
-8.182335
-8.185269
-8.188201
-8.191129
-8.194054
-8.196976
-8.199894
-8.202810
-8.205722
-8.208631
-8.211537
-8.214440
-8.217339
-8.220235
-8.223129
-8.226018
-8.228905
-8.231789
-8.234669
-8.237546
-8.240420
-8.243291
-8.246158
-8.249022
-8.251884
-8.254741
-8.257596
-8.260448
-8.263296
-8.266141
-8.268983
-8.271821
-8.274657
-8.277489
-8.280318
-8.283144
-8.285966
-8.288786
-8.291602
-8.294415
-8.297224
-8.300031
-8.302834
-8.305634
-8.308431
-8.311225
-8.314015
-8.316802
-8.319586
-8.322367
-8.325144
-8.327918
-8.330690
-8.333457
-8.336222
-8.338983
-8.341741
-8.344496
-8.347248
-8.349996
-8.352741
-8.355483
-8.358222
-8.360958
-8.363690
-8.366419
-8.369145
-8.371867
-8.374586
-8.377302
-8.380015
-8.382725
-8.385431
-8.388134
-8.390834
-8.393530
-8.396224
-8.398914
-8.401601
-8.404284
-8.406965
-8.409642
-8.412316
-8.414986
-8.417654
-8.420318
-8.422978
-8.425636
-8.428290
-8.430941
-8.433589
-8.436234
-8.438875
-8.441513
-8.444148
-8.446779
-8.449408
-8.452033
-8.454654
-8.457273
-8.459888
-8.462500
-8.465109
-8.467714
-8.470316
-8.472915
-8.475511
-8.478103
-8.480692
-8.483278
-8.485860
-8.488440
-8.491016
-8.493588
-8.496158
-8.498724
-8.501287
-8.503846
-8.506403
-8.508956
-8.511506
-8.514052
-8.516595
-8.519135
-8.521672
-8.524205
-8.526735
-8.529262
-8.531786
-8.534306
-8.536823
-8.539337
-8.541847
-8.544354
-8.546858
-8.549359
-8.551856
-8.554350
-8.556840
-8.559328
-8.561812
-8.564293
-8.566770
-8.569244
-8.571715
-8.574183
-8.576647
-8.579108
-8.581566
-8.584020
-8.586472
-8.588919
-8.591364
-8.593805
-8.596243
-8.598678
-8.601109
-8.603537
-8.605962
-8.608383
-8.610801
-8.613216
-8.615628
-8.618036
-8.620441
-8.622843
-8.625241
-8.627636
-8.630027
-8.632416
-8.634801
-8.637183
-8.639561
-8.641936
-8.644308
-8.646676
-8.649042
-8.651403
-8.653762
-8.656117
-8.658469
-8.660818
-8.663163
-8.665505
-8.667844
-8.670179
-8.672511
-8.674840
-8.677165
-8.679487
-8.681806
-8.684121
-8.686433
-8.688742
-8.691047
-8.693349
-8.695648
-8.697944
-8.700236
-8.702525
-8.704810
-8.707092
-8.709371
-8.711646
-8.713919
-8.716187
-8.718453
-8.720715
-8.722974
-8.725229
-8.727481
-8.729730
-8.731976
-8.734218
-8.736457
-8.738692
-8.740924
-8.743153
-8.745378
-8.747601
-8.749819
-8.752035
-8.754247
-8.756456
-8.758661
-8.760863
-8.763062
-8.765257
-8.767449
-8.769638
-8.771823
-8.774005
-8.776184
-8.778359
-8.780531
-8.782700
-8.784865
-8.787027
-8.789186
-8.791341
-8.793493
-8.795641
-8.797787
-8.799928
-8.802067
-8.804202
-8.806334
-8.808462
-8.810587
-8.812709
-8.814827
-8.816942
-8.819054
-8.821162
-8.823267
-8.825369
-8.827467
-8.829562
-8.831653
-8.833742
-8.835826
-8.837908
-8.839986
-8.842060
-8.844132
-8.846200
-8.848264
-8.850326
-8.852384
-8.854438
-8.856489
-8.858537
-8.860581
-8.862623
-8.864660
-8.866695
-8.868725
-8.870753
-8.872777
-8.874798
-8.876816
-8.878830
-8.880841
-8.882848
-8.884852
-8.886853
-8.888850
-8.890844
-8.892834
-8.894821
-8.896805
-8.898786
-8.900763
-8.902736
-8.904706
-8.906673
-8.908637
-8.910597
-8.912554
-8.914507
-8.916457
-8.918404
-8.920347
-8.922287
-8.924223
-8.926157
-8.928086
-8.930013
-8.931936
-8.933855
-8.935771
-8.937684
-8.939594
-8.941500
-8.943402
-8.945302
-8.947198
-8.949090
-8.950979
-8.952865
-8.954747
-8.956626
-8.958502
-8.960374
-8.962243
-8.964109
-8.965971
-8.967829
-8.969684
-8.971536
-8.973385
-8.975230
-8.977072
-8.978910
-8.980745
-8.982576
-8.984405
-8.986229
-8.988051
-8.989869
-8.991683
-8.993494
-8.995302
-8.997107
-8.998908
-9.000705
-9.002499
-9.004290
-9.006078
-9.007862
-9.009642
-9.011419
-9.013193
-9.014964
-9.016731
-9.018494
-9.020254
-9.022011
-9.023765
-9.025515
-9.027261
-9.029005
-9.030744
-9.032481
-9.034214
-9.035943
-9.037670
-9.039392
-9.041112
-9.042828
-9.044540
-9.046250
-9.047955
-9.049658
-9.051357
-9.053052
-9.054744
-9.056433
-9.058119
-9.059800
-9.061479
-9.063154
-9.064826
-9.066494
-9.068159
-9.069821
-9.071479
-9.073133
-9.074785
-9.076432
-9.078077
-9.079718
-9.081356
-9.082990
-9.084621
-9.086248
-9.087872
-9.089493
-9.091110
-9.092723
-9.094334
-9.095941
-9.097544
-9.099144
-9.100741
-9.102334
-9.103924
-9.105510
-9.107093
-9.108673
-9.110249
-9.111822
-9.113391
-9.114957
-9.116520
-9.118079
-9.119635
-9.121187
-9.122736
-9.124281
-9.125823
-9.127362
-9.128897
-9.130429
-9.131957
-9.133482
-9.135003
-9.136521
-9.138036
-9.139547
-9.141055
-9.142560
-9.144061
-9.145558
-9.147052
-9.148543
-9.150030
-9.151514
-9.152994
-9.154471
-9.155945
-9.157415
-9.158882
-9.160345
-9.161805
-9.163262
-9.164715
-9.166164
-9.167611
-9.169053
-9.170493
-9.171929
-9.173361
-9.174790
-9.176216
-9.177638
-9.179057
-9.180472
-9.181884
-9.183293
-9.184698
-9.186099
-9.187497
-9.188892
-9.190284
-9.191672
-9.193056
-9.194437
-9.195815
-9.197189
-9.198560
-9.199927
-9.201291
-9.202652
-9.204009
-9.205362
-9.206713
-9.208059
-9.209403
-9.210743
-9.212079
-9.213412
-9.214742
-9.216068
-9.217391
-9.218710
-9.220026
-9.221338
-9.222647
-9.223953
-9.225255
-9.226554
-9.227849
-9.229141
-9.230430
-9.231715
-9.232996
-9.234274
-9.235549
-9.236820
-9.238088
-9.239353
-9.240613
-9.241871
-9.243125
-9.244376
-9.245623
-9.246867
-9.248107
-9.249344
-9.250578
-9.251808
-9.253034
-9.254257
-9.255477
-9.256693
-9.257906
-9.259116
-9.260322
-9.261524
-9.262723
-9.263919
-9.265111
-9.266300
-9.267485
-9.268667
-9.269846
-9.271021
