0.000000
-0.000000
-0.000000
-0.000000
-0.000000
-0.000000
-0.000000
-0.000000
-0.000000
-0.000000
-0.000000
-0.000000
-0.000000
-0.000000
-0.000000
-0.000000
-0.000000
-0.000000
-0.000000
-0.000001
-0.000001
-0.000001
-0.000001
-0.000001
-0.000001
-0.000001
-0.000001
-0.000001
-0.000001
-0.000001
-0.000001
-0.000001
-0.000002
-0.000002
-0.000002
-0.000002
-0.000002
-0.000002
-0.000002
-0.000002
-0.000002
-0.000003
-0.000003
-0.000003
-0.000003
-0.000003
-0.000003
-0.000003
-0.000004
-0.000004
-0.000004
-0.000004
-0.000004
-0.000004
-0.000005
-0.000005
-0.000005
-0.000005
-0.000005
-0.000006
-0.000006
-0.000006
-0.000006
-0.000006
-0.000007
-0.000007
-0.000007
-0.000007
-0.000008
-0.000008
-0.000008
-0.000008
-0.000009
-0.000009
-0.000009
-0.000009
-0.000010
-0.000010
-0.000010
-0.000010
-0.000011
-0.000011
-0.000011
-0.000012
-0.000012
-0.000012
-0.000013
-0.000013
-0.000013
-0.000014
-0.000014
-0.000014
-0.000015
-0.000015
-0.000015
-0.000016
-0.000016
-0.000016
-0.000017
-0.000017
-0.000018
-0.000018
-0.000018
-0.000019
-0.000019
-0.000020
-0.000020
-0.000020
-0.000021
-0.000021
-0.000022
-0.000022
-0.000023
-0.000023
-0.000024
-0.000024
-0.000024
-0.000025
-0.000025
-0.000026
-0.000026
-0.000027
-0.000027
-0.000028
-0.000029
-0.000029
-0.000030
-0.000030
-0.000031
-0.000031
-0.000032
-0.000032
-0.000033
-0.000033
-0.000034
-0.000035
-0.000035
-0.000036
-0.000036
-0.000037
-0.000038
-0.000038
-0.000039
-0.000040
-0.000040
-0.000041
-0.000041
-0.000042
-0.000043
-0.000043
-0.000044
-0.000045
-0.000045
-0.000046
-0.000047
-0.000047
-0.000048
-0.000049
-0.000050
-0.000050
-0.000051
-0.000052
-0.000052
-0.000053
-0.000054
-0.000055
-0.000055
-0.000056
-0.000057
-0.000058
-0.000058
-0.000059
-0.000060
-0.000061
-0.000061
-0.000062
-0.000063
-0.000064
-0.000065
-0.000065
-0.000066
-0.000067
-0.000068
-0.000069
-0.000069
-0.000070
-0.000071
-0.000072
-0.000073
-0.000073
-0.000074
-0.000075
-0.000076
-0.000077
-0.000078
-0.000078
-0.000079
-0.000080
-0.000081
-0.000082
-0.000083
-0.000083
-0.000084
-0.000085
-0.000086
-0.000087
-0.000088
-0.000089
-0.000089
-0.000090
-0.000091
-0.000092
-0.000093
-0.000094
-0.000095
-0.000096
-0.000096
-0.000097
-0.000098
-0.000099
-0.000100
-0.000101
-0.000102
-0.000103
-0.000103
-0.000104
-0.000105
-0.000106
-0.000107
-0.000108
-0.000109
-0.000110
-0.000111
-0.000112
-0.000112
-0.000113
-0.000114
-0.000115
-0.000116
-0.000117
-0.000118
-0.000119
-0.000120
-0.000121
-0.000122
-0.000122
-0.000123
-0.000124
-0.000125
-0.000126
-0.000127
-0.000128
-0.000129
-0.000130
-0.000131
-0.000132
-0.000132
-0.000133
-0.000134
-0.000135
-0.000136
-0.000137
-0.000138
-0.000139
-0.000140
-0.000141
-0.000142
-0.000142
-0.000143
-0.000144
-0.000145
-0.000146
-0.000147
-0.000148
-0.000149
-0.000150
-0.000151
-0.000152
-0.000152
-0.000153
-0.000154
-0.000155
-0.000156
-0.000157
-0.000158
-0.000159
-0.000160
-0.000161
-0.000162
-0.000163
-0.000163
-0.000164
-0.000165
-0.000166
-0.000167
-0.000168
-0.000169
-0.000170
-0.000171
-0.000172
-0.000173
-0.000174
-0.000174
-0.000175
-0.000176
-0.000177
-0.000178
-0.000179
-0.000180
-0.000181
-0.000182
-0.000183
-0.000184
-0.000185
-0.000186
-0.000187
-0.000187
-0.000188
-0.000189
-0.000190
-0.000191
-0.000192
-0.000193
-0.000194
-0.000195
-0.000196
-0.000197
-0.000198
-0.000199
-0.000200
-0.000201
-0.000202
-0.000202
-0.000203
-0.000204
-0.000205
-0.000206
-0.000207
-0.000208
-0.000209
-0.000210
-0.000211
-0.000212
-0.000213
-0.000214
-0.000215
-0.000216
-0.000217
-0.000217
-0.000218
-0.000219
-0.000220
-0.000221
-0.000222
-0.000223
-0.000224
-0.000225
-0.000226
-0.000227
-0.000228
-0.000229
-0.000230
-0.000230
-0.000231
-0.000232
-0.000233
-0.000234
-0.000235
-0.000236
-0.000237
-0.000238
-0.000239
-0.000240
-0.000241
-0.000242
-0.000242
-0.000243
-0.000244
-0.000245
-0.000246
-0.000247
-0.000248
-0.000249
-0.000250
-0.000251
-0.000252
-0.000252
-0.000253
-0.000254
-0.000255
-0.000256
-0.000257
-0.000258
-0.000259
-0.000260
-0.000260
-0.000261
-0.000262
-0.000263
-0.000264
-0.000265
-0.000266
-0.000267
-0.000267
-0.000268
-0.000269
-0.000270
-0.000271
-0.000272
-0.000273
-0.000273
-0.000274
-0.000275
-0.000276
-0.000277
-0.000278
-0.000278
-0.000279
-0.000280
-0.000281
-0.000282
-0.000283
-0.000283
-0.000284
-0.000285
-0.000286
-0.000287
-0.000287
-0.000288
-0.000289
-0.000290
-0.000291
-0.000291
-0.000292
-0.000293
-0.000294
-0.000294
-0.000295
-0.000296
-0.000297
-0.000297
-0.000298
-0.000299
-0.000300
-0.000300
-0.000301
-0.000302
-0.000302
-0.000303
-0.000304
-0.000304
-0.000305
-0.000306
-0.000307
-0.000307
-0.000308
-0.000309
-0.000309
-0.000310
-0.000311
-0.000311
-0.000312
-0.000313
-0.000313
-0.000314
-0.000314
-0.000315
-0.000316
-0.000316
-0.000317
-0.000318
-0.000318
-0.000319
-0.000319
-0.000320
-0.000321
-0.000321
-0.000322
-0.000322
-0.000323
-0.000324
-0.000324
-0.000325
-0.000325
-0.000326
-0.000326
-0.000327
-0.000328
-0.000328
-0.000329
-0.000329
-0.000330
-0.000330
-0.000331
-0.000331
-0.000332
-0.000332
-0.000333
-0.000333
-0.000334
-0.000334
-0.000335
-0.000335
-0.000336
-0.000336
-0.000337
-0.000337
-0.000338
-0.000338
-0.000339
-0.000339
-0.000340
-0.000340
-0.000341
-0.000341
-0.000342
-0.000342
-0.000343
-0.000343
-0.000344
-0.000344
-0.000344
-0.000345
-0.000345
-0.000346
-0.000346
-0.000347
-0.000347
-0.000348
-0.000348
-0.000348
-0.000349
-0.000349
-0.000350
-0.000350
-0.000350
-0.000351
-0.000351
-0.000352
-0.000352
-0.000352
-0.000353
-0.000353
-0.000354
-0.000354
-0.000354
-0.000355
-0.000355
-0.000356
-0.000356
-0.000356
-0.000357
-0.000357
-0.000357
-0.000358
-0.000358
-0.000358
-0.000359
-0.000359
-0.000360
-0.000360
-0.000360
-0.000361
-0.000361
-0.000361
-0.000362
-0.000362
-0.000362
-0.000363
-0.000363
-0.000363
-0.000364
-0.000364
-0.000364
-0.000365
-0.000365
-0.000365
-0.000366
-0.000366
-0.000366
-0.000366
-0.000367
-0.000367
-0.000367
-0.000368
-0.000368
-0.000368
-0.000368
-0.000369
-0.000369
-0.000369
-0.000370
-0.000370
-0.000370
-0.000370
-0.000371
-0.000371
-0.000371
-0.000371
-0.000372
-0.000372
-0.000372
-0.000372
-0.000372
-0.000373
-0.000373
-0.000373
-0.000373
-0.000373
-0.000374
-0.000374
-0.000374
-0.000374
-0.000374
-0.000374
-0.000375
-0.000375
-0.000375
-0.000375
-0.000375
-0.000375
-0.000375
-0.000375
-0.000376
-0.000376
-0.000376
-0.000376
-0.000376
-0.000376
-0.000376
-0.000376
-0.000376
-0.000376
-0.000376
-0.000376
-0.000376
-0.000376
-0.000376
-0.000376
-0.000376
-0.000376
-0.000376
-0.000376
-0.000376
-0.000376
-0.000376
-0.000376
-0.000376
-0.000376
-0.000376
-0.000376
-0.000376
-0.000376
-0.000376
-0.000375
-0.000375
-0.000375
-0.000375
-0.000375
-0.000375
-0.000375
-0.000375
-0.000374
-0.000374
-0.000374
-0.000374
-0.000374
-0.000373
-0.000373
-0.000373
-0.000373
-0.000372
-0.000372
-0.000372
-0.000372
-0.000371
-0.000371
-0.000371
-0.000370
-0.000370
-0.000370
-0.000369
-0.000369
-0.000369
-0.000368
-0.000368
-0.000368
-0.000367
-0.000367
-0.000366
-0.000366
-0.000366
-0.000365
-0.000365
-0.000364
-0.000364
-0.000363
-0.000363
-0.000362
-0.000362
-0.000361
-0.000361
-0.000360
-0.000360
-0.000359
-0.000358
-0.000358
-0.000357
-0.000357
-0.000356
-0.000355
-0.000355
-0.000354
-0.000354
-0.000353
-0.000352
-0.000352
-0.000351
-0.000350
-0.000350
-0.000349
-0.000348
-0.000347
-0.000347
-0.000346
-0.000345
-0.000344
-0.000344
-0.000343
-0.000342
-0.000341
-0.000341
-0.000340
-0.000339
-0.000338
-0.000337
-0.000336
-0.000336
-0.000335
-0.000334
-0.000333
-0.000332
-0.000331
-0.000330
-0.000329
-0.000329
-0.000328
-0.000327
-0.000326
-0.000325
-0.000324
-0.000323
-0.000322
-0.000321
-0.000320
-0.000319
-0.000318
-0.000317
-0.000316
-0.000315
-0.000314
-0.000313
-0.000312
-0.000311
-0.000310
-0.000309
-0.000308
-0.000307
-0.000305
-0.000304
-0.000303
-0.000302
-0.000301
-0.000300
-0.000299
-0.000298
-0.000296
-0.000295
-0.000294
-0.000293
-0.000292
-0.000290
-0.000289
-0.000288
-0.000287
-0.000286
-0.000284
-0.000283
-0.000282
-0.000281
-0.000279
-0.000278
-0.000277
-0.000276
-0.000274
-0.000273
-0.000272
-0.000270
-0.000269
-0.000268
-0.000266
-0.000265
-0.000264
-0.000262
-0.000261
-0.000259
-0.000258
-0.000257
-0.000255
-0.000254
-0.000252
-0.000251
-0.000250
-0.000248
-0.000247
-0.000245
-0.000244
-0.000242
-0.000241
-0.000239
-0.000238
-0.000236
-0.000235
-0.000233
-0.000232
-0.000230
-0.000229
-0.000227
-0.000226
-0.000224
-0.000222
-0.000221
-0.000219
-0.000218
-0.000216
-0.000214
-0.000213
-0.000211
-0.000209
-0.000208
-0.000206
-0.000204
-0.000203
-0.000201
-0.000199
-0.000198
-0.000196
-0.000194
-0.000192
-0.000191
-0.000189
-0.000187
-0.000185
-0.000184
-0.000182
-0.000180
-0.000178
-0.000176
-0.000175
-0.000173
-0.000171
-0.000169
-0.000167
-0.000165
-0.000163
-0.000162
-0.000160
-0.000158
-0.000156
-0.000154
-0.000152
-0.000150
-0.000148
-0.000146
-0.000144
-0.000142
-0.000140
-0.000138
-0.000136
-0.000134
-0.000132
-0.000130
-0.000128
-0.000125
-0.000123
-0.000121
-0.000119
-0.000117
-0.000115
-0.000113
-0.000111
-0.000108
-0.000106
-0.000104
-0.000102
-0.000100
-0.000097
-0.000095
-0.000093
-0.000091
-0.000088
-0.000086
-0.000084
-0.000081
-0.000079
-0.000077
-0.000075
-0.000072
-0.000070
-0.000067
-0.000065
-0.000063
-0.000060
-0.000058
-0.000055
-0.000053
-0.000051
-0.000048
-0.000046
-0.000043
-0.000041
-0.000038
-0.000036
-0.000033
-0.000031
-0.000028
-0.000026
-0.000023
-0.000021
-0.000018
-0.000015
-0.000013
-0.000010
-0.000008
-0.000005
-0.000002
0.000000
0.000003
0.000006
0.000008
0.000011
0.000014
0.000016
0.000019
0.000022
0.000024
0.000027
0.000030
0.000033
0.000035
0.000038
0.000041
0.000044
0.000047
0.000050
0.000052
0.000055
0.000058
0.000061
0.000064
0.000067
0.000070
0.000073
0.000075
0.000078
0.000081
0.000084
0.000087
0.000090
0.000093
0.000096
0.000099
0.000102
0.000105
0.000108
0.000111
0.000114
0.000117
0.000120
0.000124
0.000127
0.000130
0.000133
0.000136
0.000139
0.000142
0.000145
0.000148
0.000152
0.000155
0.000158
0.000161
0.000164
0.000168
0.000171
0.000174
0.000177
0.000180
0.000184
0.000187
0.000190
0.000194
0.000197
0.000200
0.000203
0.000207
0.000210
0.000213
0.000217
0.000220
0.000224
0.000227
0.000230
0.000234
0.000237
0.000241
0.000244
0.000247
0.000251
0.000254
0.000258
0.000261
0.000265
0.000268
0.000272
0.000275
0.000279
0.000282
0.000286
0.000289
0.000293
0.000297
0.000300
0.000304
0.000308
0.000311
0.000315
0.000318
0.000322
0.000326
0.000330
0.000333
0.000337
0.000341
0.000344
0.000348
0.000352
0.000356
0.000360
0.000363
0.000367
0.000371
0.000375
0.000379
0.000383
0.000386
0.000390
0.000394
0.000398
0.000402
0.000406
0.000410
0.000414
0.000418
0.000422
0.000426
0.000430
0.000434
0.000438
0.000442
0.000446
0.000450
0.000454
0.000458
0.000462
0.000466
0.000471
0.000475
0.000479
0.000483
0.000487
0.000491
0.000496
0.000500
0.000504
0.000508
0.000513
0.000517
0.000521
0.000526
0.000530
0.000534
0.000539
0.000543
0.000547
0.000552
0.000556
0.000561
0.000565
0.000569
0.000574
0.000578
0.000583
0.000587
0.000592
0.000596
0.000601
0.000606
0.000610
0.000615
0.000619
0.000624
0.000629
0.000633
0.000638
0.000642
0.000647
0.000652
0.000657
0.000661
0.000666
0.000671
0.000676
0.000680
0.000685
0.000690
0.000695
0.000700
0.000705
0.000709
0.000714
0.000719
0.000724
0.000729
0.000734
0.000739
0.000744
0.000749
0.000754
0.000759
0.000764
0.000769
0.000774
0.000779
0.000784
0.000789
0.000794
0.000799
0.000805
0.000810
0.000815
0.000820
0.000825
0.000830
0.000836
0.000841
0.000846
0.000851
0.000857
0.000862
0.000867
0.000872
0.000878
0.000883
0.000888
0.000894
0.000899
0.000904
0.000910
0.000915
0.000921
0.000926
0.000931
0.000937
0.000942
0.000948
0.000953
0.000959
0.000964
0.000970
0.000975
0.000981
0.000986
0.000992
0.000997
0.001003
0.001008
0.001014
0.001020
0.001025
0.001031
0.001037
0.001042
0.001048
0.001054
0.001059
0.001065
0.001071
0.001076
0.001082
0.001088
0.001093
0.001099
0.001105
0.001111
0.001117
0.001122
0.001128
0.001134
0.001140
0.001146
0.001151
0.001157
0.001163
0.001169
0.001175
0.001181
0.001187
0.001193
0.001199
0.001205
0.001211
0.001216
0.001222
0.001228
0.001234
0.001240
0.001246
0.001252
0.001259
0.001265
0.001271
0.001277
0.001283
0.001289
0.001295
0.001301
0.001307
0.001313
0.001319
0.001325
0.001332
0.001338
0.001344
0.001350
0.001356
0.001363
0.001369
0.001375
0.001381
0.001387
0.001394
0.001400
0.001406
0.001412
0.001419
0.001425
0.001431
0.001438
0.001444
0.001450
0.001457
0.001463
0.001469
0.001476
0.001482
0.001489
0.001495
0.001501
0.001508
0.001514
0.001521
0.001527
0.001534
0.001540
0.001547
0.001553
0.001560
0.001566
0.001573
0.001579
0.001586
0.001592
0.001599
0.001606
0.001612
0.001619
0.001625
0.001632
0.001639
0.001645
0.001652
0.001659
0.001666
0.001672
0.001679
0.001686
0.001692
0.001699
0.001706
0.001713
0.001720
0.001726
0.001733
0.001740
0.001747
0.001754
0.001761
0.001768
0.001775
0.001781
0.001788
0.001795
0.001802
0.001809
0.001816
0.001823
0.001830
0.001837
0.001844
0.001851
0.001858
0.001866
0.001873
0.001880
0.001887
0.001894
0.001901
0.001908
0.001915
0.001923
0.001930
0.001937
0.001944
0.001951
0.001959
0.001966
0.001973
0.001980
0.001988
0.001995
0.002002
0.002010
0.002017
0.002024
0.002032
0.002039
0.002047
0.002054
0.002061
0.002069
0.002076
0.002084
0.002091
0.002099
0.002106
0.002114
0.002121
0.002129
0.002136
0.002144
0.002152
0.002159
0.002167
0.002174
0.002182
0.002190
0.002197
0.002205
0.002213
0.002221
0.002228
0.002236
0.002244
0.002252
0.002259
0.002267
0.002275
0.002283
0.002291
0.002298
0.002306
0.002314
0.002322
0.002330
0.002338
0.002346
0.002354
0.002362
0.002370
0.002378
0.002385
0.002393
0.002401
0.002410
0.002418
0.002426
0.002434
0.002442
0.002450
0.002458
0.002466
0.002474
0.002482
0.002490
0.002499
0.002507
0.002515
0.002523
0.002531
0.002540
0.002548
0.002556
0.002564
0.002573
0.002581
0.002589
0.002597
0.002606
0.002614
0.002622
0.002631
0.002639
0.002648
0.002656
0.002664
0.002673
0.002681
0.002690
0.002698
0.002706
0.002715
0.002723
0.002732
0.002740
0.002749
0.002757
0.002766
0.002774
0.002783
0.002792
0.002800
0.002809
0.002817
0.002826
0.002835
0.002843
0.002852
0.002860
0.002869
0.002878
0.002886
0.002895
0.002904
0.002913
0.002921
0.002930
0.002939
0.002948
0.002956
0.002965
0.002974
0.002983
0.002992
0.003000
0.003009
0.003018
0.003027
0.003036
0.003045
0.003054
0.003063
0.003072
0.003081
0.003090
0.003098
0.003107
0.003116
0.003125
0.003134
0.003143
0.003153
0.003162
0.003171
0.003180
0.003189
0.003198
0.003207
0.003216
0.003225
0.003234
0.003244
0.003253
0.003262
0.003271
0.003280
0.003290
0.003299
0.003308
0.003317
0.003326
0.003336
0.003345
0.003354
0.003364
0.003373
0.003382
0.003392
0.003401
0.003410
0.003420
0.003429
0.003439
0.003448
0.003457
0.003467
0.003476
0.003486
0.003495
0.003505
0.003514
0.003524
0.003533
0.003543
0.003552
0.003562
0.003571
0.003581
0.003591
0.003600
0.003610
0.003619
0.003629
0.003639
0.003648
0.003658
0.003668
0.003678
0.003687
0.003697
0.003707
0.003716
0.003726
0.003736
0.003746
0.003756
0.003765
0.003775
0.003785
0.003795
0.003805
0.003815
0.003825
0.003835
0.003844
0.003854
0.003864
0.003874
0.003884
0.003894
0.003904
0.003914
0.003924
0.003934
0.003944
0.003954
0.003965
0.003975
0.003985
0.003995
0.004005
0.004015
0.004025
0.004035
0.004046
0.004056
0.004066
0.004076
0.004086
0.004097
0.004107
0.004117
0.004127
0.004138
0.004148
0.004158
0.004168
0.004179
0.004189
0.004199
0.004210
0.004220
0.004230
0.004241
0.004251
0.004262
0.004272
0.004282
0.004293
0.004303
0.004314
0.004324
0.004335
0.004345
0.004356
0.004366
0.004377
0.004387
0.004398
0.004408
0.004419
0.004429
0.004440
0.004450
0.004461
0.004472
0.004482
0.004493
0.004503
0.004514
0.004525
0.004535
0.004546
0.004557
0.004567
0.004578
0.004589
0.004600
0.004610
0.004621
0.004632
0.004642
0.004653
0.004664
0.004675
0.004686
0.004696
0.004707
0.004718
0.004729
0.004740
0.004750
0.004761
0.004772
0.004783
0.004794
0.004805
0.004816
0.004827
0.004837
0.004848
0.004859
0.004870
0.004881
0.004892
0.004903
0.004914
0.004925
0.004936
0.004947
0.004958
0.004969
0.004980
0.004991
0.005002
0.005013
0.005024
0.005035
0.005046
0.005057
0.005069
0.005080
0.005091
0.005102
0.005113
0.005124
0.005135
0.005146
0.005157
0.005169
0.005180
0.005191
0.005202
0.005213
0.005225
0.005236
0.005247
0.005258
0.005269
0.005281
0.005292
0.005303
0.005314
0.005326
0.005337
0.005348
0.005360
0.005371
0.005382
0.005394
0.005405
0.005416
0.005428
0.005439
0.005450
0.005462
0.005473
0.005485
0.005496
0.005507
0.005519
0.005530
0.005542
0.005553
0.005565
0.005576
0.005588
0.005599
0.005611
0.005622
0.005634
0.005645
0.005657
0.005668
0.005680
0.005692
0.005703
0.005715
0.005726
0.005738
0.005750
0.005761
0.005773
0.005785
0.005796
0.005808
0.005820
0.005831
0.005843
0.005855
0.005867
0.005878
0.005890
0.005902
0.005914
0.005926
0.005937
0.005949
0.005961
0.005973
0.005985
0.005997
0.006008
0.006020
0.006032
0.006044
0.006056
0.006068
0.006080
0.006092
0.006104
0.006116
0.006128
0.006140
0.006152
0.006164
0.006176
0.006188
0.006200
0.006212
0.006224
0.006236
0.006248
0.006261
0.006273
0.006285
0.006297
0.006309
0.006321
0.006334
0.006346
0.006358
0.006370
0.006382
0.006395
0.006407
0.006419
0.006432
0.006444
0.006456
0.006468
0.006481
0.006493
0.006505
0.006518
0.006530
0.006543
0.006555
0.006567
0.006580
0.006592
0.006605
0.006617
0.006630
0.006642
0.006654
0.006667
0.006679
0.006692
0.006705
0.006717
0.006730
0.006742
0.006755
0.006767
0.006780
0.006793
0.006805
0.006818
0.006830
0.006843
0.006856
0.006868
0.006881
0.006894
0.006906
0.006919
0.006932
0.006945
0.006957
0.006970
0.006983
0.006996
0.007008
0.007021
0.007034
0.007047
0.007060
0.007072
0.007085
0.007098
0.007111
0.007124
0.007137
0.007149
0.007162
0.007175
0.007188
0.007201
0.007214
0.007227
0.007240
0.007253
0.007266
0.007279
0.007292
0.007305
0.007318
0.007331
0.007344
0.007357
0.007370
0.007383
0.007396
0.007409
0.007422
0.007435
0.007448
0.007461
0.007474
0.007487
0.007500
0.007513
0.007526
0.007539
0.007552
0.007565
0.007579
0.007592
0.007605
0.007618
0.007631
0.007644
0.007657
0.007671
0.007684
0.007697
0.007710
0.007723
0.007736
0.007750
0.007763
0.007776
0.007789
0.007803
0.007816
0.007829
0.007842
0.007856
0.007869
0.007882
0.007895
0.007909
0.007922
0.007935
0.007949
0.007962
0.007975
0.007988
0.008002
0.008015
0.008028
0.008042
0.008055
0.008069
0.008082
0.008095
0.008109
0.008122
0.008135
0.008149
0.008162
0.008176
0.008189
0.008202
0.008216
0.008229
0.008243
0.008256
0.008270
0.008283
0.008297
0.008310
0.008324
0.008337
0.008351
0.008364
0.008378
0.008391
0.008405
0.008418
0.008432
0.008445
0.008459
0.008472
0.008486
0.008499
0.008513
0.008527
0.008540
0.008554
0.008567
0.008581
0.008595
0.008608
0.008622
0.008635
0.008649
0.008663
0.008676
0.008690
0.008704
0.008717
0.008731
0.008745
0.008758
0.008772
0.008786
0.008799
0.008813
0.008827
0.008841
0.008854
0.008868
0.008882
0.008896
0.008909
0.008923
0.008937
0.008951
0.008965
0.008978
0.008992
0.009006
0.009020
0.009034
0.009047
0.009061
0.009075
0.009089
0.009103
0.009117
0.009131
0.009145
0.009159
0.009172
0.009186
0.009200
0.009214
0.009228
0.009242
0.009256
0.009270
0.009284
0.009298
0.009312
0.009326
0.009340
0.009354
0.009368
0.009382
0.009396
0.009410
0.009424
0.009438
0.009452
0.009466
0.009480
0.009495
0.009509
0.009523
0.009537
0.009551
0.009565
0.009579
0.009593
0.009607
0.009622
0.009636
0.009650
0.009664
0.009678
0.009692
0.009707
0.009721
0.009735
0.009749
0.009763
0.009778
0.009792
0.009806
0.009820
0.009834
0.009849
0.009863
0.009877
0.009891
0.009906
0.009920
0.009934
0.009948
0.009963
0.009977
0.009991
0.010006
0.010020
0.010034
0.010049
0.010063
0.010077
0.010092
0.010106
0.010120
0.010135
0.010149
0.010163
0.010178
0.010192
0.010206
0.010221
0.010235
0.010250
0.010264
0.010278
0.010293
0.010307
0.010322
0.010336
0.010351
0.010365
0.010379
0.010394
0.010408
0.010423
0.010437
0.010452
0.010466
0.010481
0.010495
0.010510
0.010524
0.010539
0.010553
0.010568
0.010582
0.010597
0.010611
0.010626
0.010640
0.010655
0.010669
0.010684
0.010698
0.010713
0.010728
0.010742
0.010757
0.010771
0.010786
0.010800
0.010815
0.010830
0.010844
0.010859
0.010873
0.010888
0.010903
0.010917
0.010932
0.010946
0.010961
0.010976
0.010990
0.011005
0.011020
0.011034
0.011049
0.011064
0.011078
0.011093
0.011108
0.011122
0.011137
0.011152
0.011166
0.011181
0.011196
0.011210
0.011225
0.011240
0.011255
0.011269
0.011284
0.011299
0.011314
0.011328
0.011343
0.011358
0.011373
0.011387
0.011402
0.011417
0.011432
0.011446
0.011461
0.011476
0.011491
0.011506
0.011520
0.011535
0.011550
0.011565
0.011580
0.011595
0.011610
0.011624
0.011639
0.011654
0.011669
0.011684
0.011699
0.011714
0.011729
0.011743
0.011758
0.011773
0.011788
0.011803
0.011818
0.011833
0.011848
0.011863
0.011878
0.011893
0.011908
0.011923
0.011938
0.011953
0.011968
0.011983
0.011998
0.012013
0.012028
0.012043
0.012058
0.012073
0.012088
0.012103
0.012118
0.012133
0.012148
0.012163
0.012178
0.012193
0.012209
0.012224
0.012239
0.012254
0.012269
0.012284
0.012299
0.012314
0.012330
0.012345
0.012360
0.012375
0.012390
0.012405
0.012420
0.012436
0.012451
0.012466
0.012481
0.012496
0.012512
0.012527
0.012542
0.012557
0.012572
0.012588
0.012603
0.012618
0.012633
0.012649
0.012664
0.012679
0.012694
0.012710
0.012725
0.012740
0.012756
0.012771
0.012786
0.012801
0.012817
0.012832
0.012847
0.012863
0.012878
0.012893
0.012909
0.012924
0.012939
0.012955
0.012970
0.012985
0.013001
0.013016
0.013032
0.013047
0.013062
0.013078
0.013093
0.013108
0.013124
0.013139
0.013155
0.013170
0.013185
0.013201
0.013216
0.013232
0.013247
0.013262
0.013278
0.013293
0.013309
0.013324
0.013340
0.013355
0.013370
0.013386
0.013401
0.013417
0.013432
0.013448
0.013463
0.013478
0.013494
0.013509
0.013525
0.013540
0.013556
0.013571
0.013586
0.013602
0.013617
0.013633
0.013648
0.013664
0.013679
0.013695
0.013710
0.013726
0.013741
0.013756
0.013772
0.013787
0.013803
0.013818
0.013834
0.013849
0.013865
0.013880
0.013896
0.013911
0.013926
0.013942
0.013957
0.013973
0.013988
0.014004
0.014019
0.014035
0.014050
0.014066
0.014081
0.014097
0.014112
0.014127
0.014143
0.014158
0.014174
0.014189
0.014205
0.014220
0.014236
0.014251
0.014267
0.014282
0.014298
0.014313
0.014329
0.014344
0.014359
0.014375
0.014390
0.014406
0.014421
0.014437
0.014452
0.014468
0.014483
0.014499
0.014514
0.014530
0.014545
0.014561
0.014576
0.014592
0.014607
0.014622
0.014638
0.014653
0.014669
0.014684
0.014700
0.014715
0.014731
0.014746
0.014762
0.014777
0.014793
0.014808
0.014824
0.014839
0.014855
0.014870
0.014885
0.014901
0.014916
0.014932
0.014947
0.014963
0.014978
0.014994
0.015009
0.015025
0.015040
0.015056
0.015071
0.015087
0.015102
0.015118
0.015133
0.015149
0.015164
0.015180
0.015195
0.015211
0.015226
0.015242
0.015257
0.015273
0.015288
0.015304
0.015319
0.015335
0.015350
0.015366
0.015381
0.015397
0.015412
0.015428
0.015443
0.015459
0.015474
0.015490
0.015506
0.015521
0.015537
0.015552
0.015568
0.015583
0.015599
0.015614
0.015630
0.015646
0.015661
0.015677
0.015692
0.015708
0.015723
0.015739
0.015755
0.015770
0.015786
0.015801
0.015817
0.015833
0.015848
0.015864
0.015879
0.015895
0.015911
0.015926
0.015942
0.015957
0.015973
0.015989
0.016004
0.016020
0.016036
0.016051
0.016067
0.016082
0.016098
0.016114
0.016129
0.016145
0.016161
0.016176
0.016192
0.016208
0.016223
0.016239
0.016255
0.016270
0.016286
0.016302
0.016317
0.016333
0.016349
0.016364
0.016380
0.016396
0.016411
0.016427
0.016443
0.016458
0.016474
0.016490
0.016505
0.016521
0.016537
0.016552
0.016568
0.016584
0.016599
0.016615
0.016631
0.016646
0.016662
0.016678
0.016694
0.016709
0.016725
0.016741
0.016756
0.016772
0.016788
0.016803
0.016819
0.016835
0.016851
0.016866
0.016882
0.016898
0.016913
0.016929
0.016945
0.016960
0.016976
0.016992
0.017008
0.017023
0.017039
0.017055
0.017070
0.017086
0.017102
0.017118
0.017133
0.017149
0.017165
0.017180
0.017196
0.017212
0.017228
0.017243
0.017259
0.017275
0.017290
0.017306
0.017322
0.017337
0.017353
0.017369
0.017384
0.017400
0.017416
0.017432
0.017447
0.017463
0.017479
0.017494
0.017510
0.017526
0.017541
0.017557
0.017573
0.017588
0.017604
0.017620
0.017635
0.017651
0.017667
0.017682
0.017698
0.017714
0.017729
0.017745
0.017761
0.017776
0.017792
0.017808
0.017823
0.017839
0.017854
0.017870
0.017886
0.017901
0.017917
0.017933
0.017948
0.017964
0.017980
0.017995
0.018011
0.018026
0.018042
0.018058
0.018073
0.018089
0.018105
0.018120
0.018136
0.018151
0.018167
0.018183
0.018198
0.018214
0.018229
0.018245
0.018261
0.018276
0.018292
0.018307
0.018323
0.018339
0.018354
0.018370
0.018385
0.018401
0.018417
0.018432
0.018448
0.018463
0.018479
0.018495
0.018510
0.018526
0.018541
0.018557
0.018572
0.018588
0.018604
0.018619
0.018635
0.018650
0.018666
0.018681
0.018697
0.018713
0.018728
0.018744
0.018759
0.018775
0.018790
0.018806
0.018821
0.018837
0.018853
0.018868
0.018884
0.018899
0.018915
0.018930
0.018946
0.018961
0.018977
0.018992
0.019008
0.019024
0.019039
0.019055
0.019070
0.019086
0.019101
0.019117
0.019132
0.019148
0.019163
0.019179
0.019194
0.019210
0.019225
0.019241
0.019256
0.019272
0.019287
0.019303
0.019318
0.019334
0.019349
0.019365
0.019380
0.019396
0.019411
0.019427
0.019442
0.019458
0.019473
0.019489
0.019504
0.019520
0.019535
0.019551
0.019566
0.019582
0.019597
0.019613
0.019628
0.019644
0.019659
0.019675
0.019690
0.019706
0.019721
0.019736
0.019752
0.019767
0.019783
0.019798
0.019814
0.019829
0.019845
0.019860
0.019875
0.019891
0.019906
0.019922
0.019937
0.019953
0.019968
0.019983
0.019999
0.020014
0.020030
0.020045
0.020060
0.020076
0.020091
0.020106
0.020122
0.020137
0.020153
0.020168
0.020183
0.020199
0.020214
0.020229
0.020245
0.020260
0.020275
0.020291
0.020306
0.020321
0.020337
0.020352
0.020367
0.020383
0.020398
0.020413
0.020428
0.020444
0.020459
0.020474
0.020490
0.020505
0.020520
0.020535
0.020551
0.020566
0.020581
0.020596
0.020611
0.020627
0.020642
0.020657
0.020672
0.020688
0.020703
0.020718
0.020733
0.020748
0.020763
0.020779
0.020794
0.020809
0.020824
0.020839
0.020854
0.020870
0.020885
0.020900
0.020915
0.020930
0.020945
0.020960
0.020975
0.020991
0.021006
0.021021
0.021036
0.021051
0.021066
0.021081
0.021096
0.021111
0.021126
0.021141
0.021156
0.021171
0.021186
0.021201
0.021217
0.021232
0.021247
0.021262
0.021277
0.021292
0.021307
0.021322
0.021337
0.021352
0.021367
0.021382
0.021397
0.021411
0.021426
0.021441
0.021456
0.021471
0.021486
0.021501
0.021516
0.021531
0.021546
0.021561
0.021576
0.021591
0.021606
0.021621
0.021635
0.021650
0.021665
0.021680
0.021695
0.021710
0.021725
0.021740
0.021755
0.021769
0.021784
0.021799
0.021814
0.021829
0.021844
0.021858
0.021873
0.021888
0.021903
0.021918
0.021933
0.021947
0.021962
0.021977
0.021992
0.022007
0.022022
0.022036
0.022051
0.022066
0.022081
0.022096
0.022110
0.022125
0.022140
0.022155
0.022170
0.022184
0.022199
0.022214
0.022229
0.022243
0.022258
0.022273
0.022288
0.022303
0.022317
0.022332
0.022347
0.022362
0.022376
0.022391
0.022406
0.022421
0.022435
0.022450
0.022465
0.022480
0.022494
0.022509
0.022524
0.022539
0.022553
0.022568
0.022583
0.022597
0.022612
0.022627
0.022642
0.022656
0.022671
0.022686
0.022700
0.022715
0.022730
0.022745
0.022759
0.022774
0.022789
0.022803
0.022818
0.022833
0.022847
0.022862
0.022877
0.022891
0.022906
0.022921
0.022935
0.022950
0.022965
0.022979
0.022994
0.023008
0.023023
0.023038
0.023052
0.023067
0.023082
0.023096
0.023111
0.023125
0.023140
0.023155
0.023169
0.023184
0.023198
0.023213
0.023228
0.023242
0.023257
0.023271
0.023286
0.023300
0.023315
0.023329
0.023344
0.023359
0.023373
0.023388
0.023402
0.023417
0.023431
0.023446
0.023460
0.023475
0.023489
0.023504
0.023518
0.023533
0.023547
0.023561
0.023576
0.023590
0.023605
0.023619
0.023634
0.023648
0.023663
0.023677
0.023691
0.023706
0.023720
0.023735
0.023749
0.023763
0.023778
0.023792
0.023806
0.023821
0.023835
0.023849
0.023864
0.023878
0.023892
0.023907
0.023921
0.023935
0.023950
0.023964
0.023978
0.023992
0.024007
0.024021
0.024035
0.024049
0.024063
0.024078
0.024092
0.024106
0.024120
0.024134
0.024149
0.024163
0.024177
0.024191
0.024205
0.024219
0.024233
0.024248
0.024262
0.024276
0.024290
0.024304
0.024318
0.024332
0.024346
0.024360
0.024374
0.024388
0.024402
0.024416
0.024430
0.024444
0.024458
0.024472
0.024486
0.024500
0.024514
0.024528
0.024542
0.024556
0.024570
0.024584
0.024598
0.024611
0.024625
0.024639
0.024653
0.024667
0.024681
0.024695
0.024709
0.024722
0.024736
0.024750
0.024764
0.024778
0.024791
0.024805
0.024819
0.024833
0.024847
0.024860
0.024874
0.024888
0.024902
0.024915
0.024929
0.024943
0.024956
0.024970
0.024984
0.024998
0.025011
0.025025
0.025039
0.025052
0.025066
0.025079
0.025093
0.025107
0.025120
0.025134
0.025148
0.025161
0.025175
0.025188
0.025202
0.025215
0.025229
0.025243
0.025256
0.025270
0.025283
0.025297
0.025310
0.025324
0.025337
0.025351
0.025364
0.025378
0.025391
0.025405
0.025418
0.025432
0.025445
0.025458
0.025472
0.025485
0.025499
0.025512
0.025525
0.025539
0.025552
0.025566
0.025579
0.025592
0.025606
0.025619
0.025632
0.025646
0.025659
0.025673
0.025686
0.025699
0.025712
0.025726
0.025739
0.025752
0.025766
0.025779
0.025792
0.025806
0.025819
0.025832
0.025845
0.025859
0.025872
0.025885
0.025898
0.025912
0.025925
0.025938
0.025951
0.025964
0.025978
0.025991
0.026004
0.026017
0.026030
0.026043
0.026057
0.026070
0.026083
0.026096
0.026109
0.026122
0.026135
0.026149
0.026162
0.026175
0.026188
0.026201
0.026214
0.026227
0.026240
0.026253
0.026266
0.026279
0.026292
0.026305
0.026318
0.026331
0.026344
0.026357
0.026370
0.026383
0.026396
0.026409
0.026422
0.026435
0.026448
0.026461
0.026474
0.026487
0.026500
0.026512
0.026525
0.026538
0.026551
0.026564
0.026577
0.026590
0.026603
0.026615
0.026628
0.026641
0.026654
0.026667
0.026679
0.026692
0.026705
0.026718
0.026730
0.026743
0.026756
0.026769
0.026781
0.026794
0.026807
0.026819
0.026832
0.026845
0.026857
0.026870
0.026883
0.026895
0.026908
0.026921
0.026933
0.026946
0.026959
0.026971
0.026984
0.026996
0.027009
0.027021
0.027034
0.027047
0.027059
0.027072
0.027084
0.027097
0.027109
0.027122
0.027134
0.027147
0.027159
0.027172
0.027184
0.027196
0.027209
0.027221
0.027234
0.027246
0.027258
0.027271
0.027283
0.027296
0.027308
0.027320
0.027333
0.027345
0.027357
0.027370
0.027382
0.027394
0.027407
0.027419
0.027431
0.027443
0.027456
0.027468
0.027480
0.027492
0.027505
0.027517
0.027529
0.027541
0.027553
0.027566
0.027578
0.027590
0.027602
0.027614
0.027626
0.027638
0.027651
0.027663
0.027675
0.027687
0.027699
0.027711
0.027723
0.027735
0.027747
0.027759
0.027771
0.027783
0.027795
0.027807
0.027819
0.027831
0.027843
0.027855
0.027867
0.027879
0.027891
0.027903
0.027915
0.027927
0.027939
0.027951
0.027963
0.027975
0.027987
0.027998
0.028010
0.028022
0.028034
0.028046
0.028058
0.028070
0.028081
0.028093
0.028105
0.028117
0.028129
0.028141
0.028152
0.028164
0.028176
0.028188
0.028199
0.028211
0.028223
0.028235
0.028246
0.028258
0.028270
0.028282
0.028293
0.028305
0.028317
0.028328
0.028340
0.028352
0.028363
0.028375
0.028387
0.028398
0.028410
0.028422
0.028433
0.028445
0.028456
0.028468
0.028480
0.028491
0.028503
0.028514
0.028526
0.028537
0.028549
0.028560
0.028572
0.028583
0.028595
0.028606
0.028618
0.028629
0.028641
0.028652
0.028664
0.028675
0.028687
0.028698
0.028709
0.028721
0.028732
0.028744
0.028755
0.028766
0.028778
0.028789
0.028800
0.028812
0.028823
0.028834
0.028846
0.028857
0.028868
0.028880
0.028891
0.028902
0.028913
0.028925
0.028936
0.028947
0.028958
0.028969
0.028981
0.028992
0.029003
0.029014
0.029025
0.029036
0.029048
0.029059
0.029070
0.029081
0.029092
0.029103
0.029114
0.029125
0.029136
0.029147
0.029158
0.029169
0.029180
0.029191
0.029202
0.029213
0.029224
0.029235
0.029246
0.029257
0.029268
0.029279
0.029290
0.029301
0.029312
0.029323
0.029333
0.029344
0.029355
0.029366
0.029377
0.029388
0.029398
0.029409
0.029420
0.029431
0.029441
0.029452
0.029463
0.029473
0.029484
0.029495
0.029506
0.029516
0.029527
0.029537
0.029548
0.029559
0.029569
0.029580
0.029590
0.029601
0.029611
0.029622
0.029633
0.029643
0.029654
0.029664
0.029674
0.029685
0.029695
0.029706
0.029716
0.029727
0.029737
0.029747
0.029758
0.029768
0.029778
0.029789
0.029799
0.029809
0.029820
0.029830
0.029840
0.029851
0.029861
0.029871
0.029881
0.029892
0.029902
0.029912
0.029922
0.029932
0.029943
0.029953
0.029963
0.029973
0.029983
0.029993
0.030003
0.030013
0.030024
0.030034
0.030044
0.030054
0.030064
0.030074
0.030084
0.030094
0.030104
0.030114
0.030124
0.030134
0.030144
0.030154
0.030164
0.030173
0.030183
0.030193
0.030203
0.030213
0.030223
0.030233
0.030243
0.030252
0.030262
0.030272
0.030282
0.030292
0.030301
0.030311
0.030321
0.030331
0.030341
0.030350
0.030360
0.030370
0.030379
0.030389
0.030399
0.030408
0.030418
0.030428
0.030437
0.030447
0.030457
0.030466
0.030476
0.030486
0.030495
0.030505
0.030514
0.030524
0.030533
0.030543
0.030553
0.030562
0.030572
0.030581
0.030591
0.030600
0.030610
0.030619
0.030629
0.030638
0.030648
0.030657
0.030667
0.030676
0.030685
0.030695
0.030704
0.030714
0.030723
0.030732
0.030742
0.030751
0.030761
0.030770
0.030779
0.030789
0.030798
0.030807
0.030817
0.030826
0.030835
0.030845
0.030854
0.030863
0.030872
0.030882
0.030891
0.030900
0.030909
0.030919
0.030928
0.030937
0.030946
0.030956
0.030965
0.030974
0.030983
0.030992
0.031002
0.031011
0.031020
0.031029
0.031038
0.031047
0.031056
0.031065
0.031075
0.031084
0.031093
0.031102
0.031111
0.031120
0.031129
0.031138
0.031147
0.031156
0.031165
0.031174
0.031183
0.031192
0.031201
0.031210
0.031219
0.031228
0.031237
0.031246
0.031255
0.031263
0.031272
0.031281
0.031290
0.031299
0.031308
0.031317
0.031326
0.031334
0.031343
0.031352
0.031361
0.031370
0.031378
0.031387
0.031396
0.031405
0.031413
0.031422
0.031431
0.031439
0.031448
0.031457
0.031466
0.031474
0.031483
0.031492
0.031500
0.031509
0.031517
0.031526
0.031535
0.031543
0.031552
0.031560
0.031569
0.031577
0.031586
0.031594
0.031603
0.031612
0.031620
0.031628
0.031637
0.031645
0.031654
0.031662
0.031671
0.031679
0.031688
0.031696
0.031704
0.031713
0.031721
0.031729
0.031738
0.031746
0.031754
0.031763
0.031771
0.031779
0.031787
0.031796
0.031804
0.031812
0.031820
0.031829
0.031837
0.031845
0.031853
0.031861
0.031869
0.031878
0.031886
0.031894
0.031902
0.031910
0.031918
0.031926
0.031934
0.031942
0.031950
0.031958
0.031966
0.031974
0.031982
0.031990
0.031998
0.032006
0.032014
0.032022
0.032030
0.032038
0.032046
0.032054
0.032062
0.032069
0.032077
0.032085
0.032093
0.032101
0.032109
0.032116
0.032124
0.032132
0.032140
0.032147
0.032155
0.032163
0.032171
0.032178
0.032186
0.032194
0.032201
0.032209
0.032217
0.032224
0.032232
0.032240
0.032247
0.032255
0.032262
0.032270
0.032278
0.032285
0.032293
0.032300
0.032308
0.032315
0.032323
0.032330
0.032338
0.032345
0.032353
0.032360
0.032368
0.032375
0.032383
0.032390
0.032398
0.032405
0.032412
0.032420
0.032427
0.032435
0.032442
0.032449
0.032457
0.032464
0.032471
0.032479
0.032486
0.032493
0.032500
0.032508
0.032515
0.032522
0.032529
0.032537
0.032544
0.032551
0.032558
0.032565
0.032573
0.032580
0.032587
0.032594
0.032601
0.032608
0.032615
0.032623
0.032630
0.032637
0.032644
0.032651
0.032658
0.032665
0.032672
0.032679
0.032686
0.032693
0.032700
0.032707
0.032714
0.032721
0.032728
0.032735
0.032742
0.032749
0.032756
0.032763
0.032770
0.032777
0.032783
0.032790
0.032797
0.032804
0.032811
0.032818
0.032825
0.032831
0.032838
0.032845
0.032852
0.032859
0.032865
0.032872
0.032879
0.032886
0.032892
0.032899
0.032906
0.032912
0.032919
0.032926
0.032932
0.032939
0.032946
0.032952
0.032959
0.032966
0.032972
0.032979
0.032985
0.032992
0.032999
0.033005
0.033012
0.033018
0.033025
0.033031
0.033038
0.033044
0.033051
0.033057
0.033064
0.033070
0.033076
0.033083
0.033089
0.033096
0.033102
0.033108
0.033115
0.033121
0.033127
0.033134
0.033140
0.033146
0.033153
0.033159
0.033165
0.033171
0.033178
0.033184
0.033190
0.033196
0.033203
0.033209
0.033215
0.033221
0.033227
0.033233
0.033239
0.033246
0.033252
0.033258
0.033264
0.033270
0.033276
0.033282
0.033288
0.033294
0.033300
0.033306
0.033312
0.033318
0.033324
0.033330
0.033336
0.033342
0.033348
0.033354
0.033360
0.033366
0.033372
0.033377
0.033383
0.033389
0.033395
0.033401
0.033407
0.033412
0.033418
0.033424
0.033430
0.033436
0.033441
0.033447
0.033453
0.033459
0.033464
0.033470
0.033476
0.033482
0.033487
0.033493
0.033499
0.033504
0.033510
0.033516
0.033521
0.033527
0.033532
0.033538
0.033544
0.033549
0.033555
0.033560
0.033566
0.033571
0.033577
0.033583
0.033588
0.033594
0.033599
0.033605
0.033610
0.033615
0.033621
0.033626
0.033632
0.033637
0.033643
0.033648
0.033654
0.033659
0.033664
0.033670
0.033675
0.033681
0.033686
0.033691
0.033697
0.033702
0.033707
0.033713
0.033718
0.033723
0.033728
0.033734
0.033739
0.033744
0.033750
0.033755
0.033760
0.033765
0.033771
0.033776
0.033781
0.033786
0.033792
0.033797
0.033802
0.033807
0.033812
0.033817
0.033823
0.033828
0.033833
0.033838
0.033843
0.033848
0.033854
0.033859
0.033864
0.033869
0.033874
0.033879
0.033884
0.033889
0.033894
0.033899
0.033904
0.033910
0.033915
0.033920
0.033925
0.033930
0.033935
0.033940
0.033945
0.033950
0.033955
0.033960
0.033965
0.033970
0.033975
0.033980
0.033985
0.033990
0.033994
0.033999
0.034004
0.034009
0.034014
0.034019
0.034024
0.034029
0.034034
0.034039
0.034043
0.034048
0.034053
0.034058
0.034063
0.034068
0.034073
0.034077
0.034082
0.034087
0.034092
0.034096
0.034101
0.034106
0.034111
0.034116
0.034120
0.034125
0.034130
0.034134
0.034139
0.034144
0.034149
0.034153
0.034158
0.034163
0.034167
0.034172
0.034176
0.034181
0.034186
0.034190
0.034195
0.034200
0.034204
0.034209
0.034213
0.034218
0.034222
0.034227
0.034231
0.034236
0.034240
0.034245
0.034249
0.034254
0.034258
0.034263
0.034267
0.034272
0.034276
0.034281
0.034285
0.034289
0.034294
0.034298
0.034303
0.034307
0.034311
0.034316
0.034320
0.034324
0.034329
0.034333
0.034337
0.034342
0.034346
0.034350
0.034354
0.034359
0.034363
0.034367
0.034371
0.034376
0.034380
0.034384
0.034388
0.034392
0.034397
0.034401
0.034405
0.034409
0.034413
0.034417
0.034421
0.034425
0.034429
0.034433
0.034438
0.034442
0.034446
0.034450
0.034454
0.034458
0.034462
0.034466
