-26.239127
-26.237524
-26.235921
-26.234318
-26.232714
-26.231110
-26.229505
-26.227900
-26.226294
-26.224688
-26.223082
-26.221475
-26.219867
-26.218260
-26.216652
-26.215043
-26.213434
-26.211824
-26.210215
-26.208604
-26.206994
-26.205382
-26.203771
-26.202159
-26.200546
-26.198934
-26.197320
-26.195707
-26.194092
-26.192478
-26.190863
-26.189248
-26.187632
-26.186015
-26.184399
-26.182782
-26.181164
-26.179546
-26.177928
-26.176309
-26.174690
-26.173070
-26.171450
-26.169829
-26.168208
-26.166587
-26.164965
-26.163343
-26.161720
-26.160097
-26.158474
-26.156850
-26.155225
-26.153600
-26.151975
-26.150350
-26.148723
-26.147097
-26.145470
-26.143843
-26.142215
-26.140587
-26.138958
-26.137329
-26.135699
-26.134069
-26.132439
-26.130808
-26.129177
-26.127545
-26.125913
-26.124281
-26.122648
-26.121015
-26.119381
-26.117747
-26.116112
-26.114477
-26.112841
-26.111205
-26.109569
-26.107932
-26.106295
-26.104657
-26.103019
-26.101381
-26.099742
-26.098103
-26.096463
-26.094823
-26.093182
-26.091541
-26.089899
-26.088258
-26.086615
-26.084972
-26.083329
-26.081686
-26.080041
-26.078397
-26.076752
-26.075107
-26.073461
-26.071815
-26.070168
-26.068521
-26.066874
-26.065226
-26.063577
-26.061929
-26.060279
-26.058630
-26.056980
-26.055329
-26.053678
-26.052027
-26.050375
-26.048723
-26.047070
-26.045417
-26.043764
-26.042110
-26.040455
-26.038801
-26.037145
-26.035490
-26.033834
-26.032177
-26.030520
-26.028863
-26.027205
-26.025547
-26.023888
-26.022229
-26.020570
-26.018910
-26.017250
-26.015589
-26.013928
-26.012266
-26.010604
-26.008941
-26.007278
-26.005615
-26.003951
-26.002287
-26.000622
-25.998957
-25.997292
-25.995626
-25.993959
-25.992293
-25.990625
-25.988958
-25.987290
-25.985621
-25.983952
-25.982283
-25.980613
-25.978943
-25.977272
-25.975601
-25.973929
-25.972257
-25.970585
-25.968912
-25.967239
-25.965565
-25.963891
-25.962217
-25.960542
-25.958866
-25.957190
-25.955514
-25.953838
-25.952160
-25.950483
-25.948805
-25.947126
-25.945448
-25.943768
-25.942089
-25.940409
-25.938728
-25.937047
-25.935366
-25.933684
-25.932001
-25.930319
-25.928636
-25.926952
-25.925268
-25.923583
-25.921899
-25.920213
-25.918528
-25.916841
-25.915155
-25.913468
-25.911780
-25.910092
-25.908404
-25.906715
-25.905026
-25.903337
-25.901647
-25.899956
-25.898265
-25.896574
-25.894882
-25.893190
-25.891497
-25.889804
-25.888111
-25.886417
-25.884722
-25.883028
-25.881332
-25.879637
-25.877941
-25.876244
-25.874547
-25.872850
-25.871152
-25.869454
-25.867755
-25.866056
-25.864356
-25.862656
-25.860956
-25.859255
-25.857554
-25.855852
-25.854150
-25.852448
-25.850745
-25.849041
-25.847337
-25.845633
-25.843928
-25.842223
-25.840518
-25.838812
-25.837105
-25.835398
-25.833691
-25.831983
-25.830275
-25.828566
-25.826857
-25.825148
-25.823438
-25.821728
-25.820017
-25.818306
-25.816594
-25.814882
-25.813170
-25.811457
-25.809743
-25.808030
-25.806315
-25.804601
-25.802886
-25.801170
-25.799454
-25.797738
-25.796021
-25.794304
-25.792586
-25.790868
-25.789149
-25.787430
-25.785711
-25.783991
-25.782271
-25.780550
-25.778829
-25.777107
-25.775385
-25.773663
-25.771940
-25.770217
-25.768493
-25.766769
-25.765044
-25.763319
-25.761594
-25.759868
-25.758141
-25.756415
-25.754687
-25.752960
-25.751232
-25.749503
-25.747774
-25.746045
-25.744315
-25.742585
-25.740854
-25.739123
-25.737391
-25.735659
-25.733927
-25.732194
-25.730461
-25.728727
-25.726993
-25.725258
-25.723523
-25.721788
-25.720052
-25.718316
-25.716579
-25.714842
-25.713104
-25.711366
-25.709628
-25.707889
-25.706149
-25.704410
-25.702669
-25.700929
-25.699188
-25.697446
-25.695704
-25.693962
-25.692219
-25.690476
-25.688732
-25.686988
-25.685243
-25.683498
-25.681753
-25.680007
-25.678261
-25.676514
-25.674767
-25.673019
-25.671271
-25.669523
-25.667774
-25.666025
-25.664275
-25.662525
-25.660774
-25.659023
-25.657271
-25.655519
-25.653767
-25.652014
-25.650261
-25.648507
-25.646753
-25.644999
-25.643244
-25.641488
-25.639732
-25.637976
-25.636219
-25.634462
-25.632705
-25.630946
-25.629188
-25.627429
-25.625670
-25.623910
-25.622150
-25.620389
-25.618628
-25.616867
-25.615105
-25.613342
-25.611579
-25.609816
-25.608052
-25.606288
-25.604524
-25.602759
-25.600993
-25.599227
-25.597461
-25.595694
-25.593927
-25.592160
-25.590392
-25.588623
-25.586854
-25.585085
-25.583315
-25.581545
-25.579774
-25.578003
-25.576232
-25.574460
-25.572687
-25.570914
-25.569141
-25.567367
-25.565593
-25.563819
-25.562044
-25.560268
-25.558492
-25.556716
-25.554939
-25.553162
-25.551384
-25.549606
-25.547828
-25.546049
-25.544269
-25.542490
-25.540709
-25.538929
-25.537148
-25.535366
-25.533584
-25.531802
-25.530019
-25.528235
-25.526452
-25.524667
-25.522883
-25.521098
-25.519312
-25.517526
-25.515740
-25.513953
-25.512166
-25.510378
-25.508590
-25.506802
-25.505013
-25.503223
-25.501433
-25.499643
-25.497852
-25.496061
-25.494270
-25.492478
-25.490685
-25.488892
-25.487099
-25.485305
-25.483511
-25.481716
-25.479921
-25.478126
-25.476330
-25.474533
-25.472736
-25.470939
-25.469141
-25.467343
-25.465545
-25.463745
-25.461946
-25.460146
-25.458346
-25.456545
-25.454744
-25.452942
-25.451140
-25.449337
-25.447534
-25.445731
-25.443927
-25.442123
-25.440318
-25.438513
-25.436707
-25.434901
-25.433095
-25.431288
-25.429481
-25.427673
-25.425865
-25.424056
-25.422247
-25.420437
-25.418627
-25.416817
-25.415006
-25.413195
-25.411383
-25.409571
-25.407758
-25.405945
-25.404132
-25.402318
-25.400504
-25.398689
-25.396873
-25.395058
-25.393242
-25.391425
-25.389608
-25.387791
-25.385973
-25.384155
-25.382336
-25.380517
-25.378697
-25.376877
-25.375056
-25.373236
-25.371414
-25.369592
-25.367770
-25.365947
-25.364124
-25.362301
-25.360477
-25.358652
-25.356827
-25.355002
-25.353176
-25.351350
-25.349523
-25.347696
-25.345869
-25.344041
-25.342213
-25.340384
-25.338554
-25.336725
-25.334895
-25.333064
-25.331233
-25.329401
-25.327570
-25.325737
-25.323904
-25.322071
-25.320238
-25.318403
-25.316569
-25.314734
-25.312899
-25.311063
-25.309226
-25.307390
-25.305552
-25.303715
-25.301877
-25.300038
-25.298199
-25.296360
-25.294520
-25.292680
-25.290839
-25.288998
-25.287156
-25.285314
-25.283472
-25.281629
-25.279786
-25.277942
-25.276098
-25.274253
-25.272408
-25.270562
-25.268717
-25.266870
-25.265023
-25.263176
-25.261328
-25.259480
-25.257631
-25.255782
-25.253933
-25.252083
-25.250233
-25.248382
-25.246530
-25.244679
-25.242827
-25.240974
-25.239121
-25.237268
-25.235414
-25.233559
-25.231705
-25.229849
-25.227994
-25.226138
-25.224281
-25.222424
-25.220567
-25.218709
-25.216850
-25.214992
-25.213133
-25.211273
-25.209413
-25.207552
-25.205691
-25.203830
-25.201968
-25.200106
-25.198243
-25.196380
-25.194516
-25.192652
-25.190788
-25.188923
-25.187058
-25.185192
-25.183326
-25.181459
-25.179592
-25.177724
-25.175856
-25.173988
-25.172119
-25.170250
-25.168380
-25.166510
-25.164639
-25.162768
-25.160896
-25.159024
-25.157152
-25.155279
-25.153406
-25.151532
-25.149658
-25.147783
-25.145908
-25.144033
-25.142157
-25.140280
-25.138403
-25.136526
-25.134648
-25.132770
-25.130892
-25.129013
-25.127133
-25.125253
-25.123373
-25.121492
-25.119611
-25.117729
-25.115847
-25.113964
-25.112081
-25.110198
-25.108314
-25.106430
-25.104545
-25.102660
-25.100774
-25.098888
-25.097001
-25.095114
-25.093227
-25.091339
-25.089451
-25.087562
-25.085673
-25.083783
-25.081893
-25.080002
-25.078111
-25.076220
-25.074328
-25.072436
-25.070543
-25.068650
-25.066756
-25.064862
-25.062968
-25.061073
-25.059177
-25.057281
-25.055385
-25.053488
-25.051591
-25.049693
-25.047795
-25.045897
-25.043998
-25.042099
-25.040199
-25.038298
-25.036398
-25.034497
-25.032595
-25.030693
-25.028790
-25.026887
-25.024984
-25.023080
-25.021176
-25.019271
-25.017366
-25.015461
-25.013554
-25.011648
-25.009741
-25.007834
-25.005926
-25.004018
-25.002109
-25.000200
-24.998290
-24.996380
-24.994470
-24.992559
-24.990647
-24.988736
-24.986823
-24.984911
-24.982997
-24.981084
-24.979170
-24.977255
-24.975340
-24.973425
-24.971509
-24.969593
-24.967676
-24.965759
-24.963842
-24.961924
-24.960005
-24.958086
-24.956167
-24.954247
-24.952327
-24.950406
-24.948485
-24.946563
-24.944641
-24.942719
-24.940796
-24.938873
-24.936949
-24.935025
-24.933100
-24.931175
-24.929249
-24.927323
-24.925397
-24.923470
-24.921543
-24.919615
-24.917687
-24.915758
-24.913829
-24.911899
-24.909969
-24.908039
-24.906108
-24.904176
-24.902245
-24.900312
-24.898380
-24.896447
-24.894513
-24.892579
-24.890644
-24.888710
-24.886774
-24.884838
-24.882902
-24.880965
-24.879028
-24.877091
-24.875153
-24.873214
-24.871275
-24.869336
-24.867396
-24.865456
-24.863515
-24.861574
-24.859632
-24.857690
-24.855748
-24.853805
-24.851862
-24.849918
-24.847974
-24.846029
-24.844084
-24.842138
-24.840192
-24.838246
-24.836299
-24.834351
-24.832403
-24.830455
-24.828506
-24.826557
-24.824608
-24.822658
-24.820707
-24.818756
-24.816805
-24.814853
-24.812901
-24.810948
-24.808995
-24.807041
-24.805087
-24.803133
-24.801178
-24.799222
-24.797266
-24.795310
-24.793353
-24.791396
-24.789438
-24.787480
-24.785522
-24.783563
-24.781603
-24.779644
-24.777683
-24.775723
-24.773761
-24.771800
-24.769838
-24.767875
-24.765912
-24.763949
-24.761985
-24.760020
-24.758056
-24.756090
-24.754125
-24.752159
-24.750192
-24.748225
-24.746258
-24.744290
-24.742321
-24.740353
-24.738383
-24.736414
-24.734443
-24.732473
-24.730502
-24.728530
-24.726558
-24.724586
-24.722613
-24.720640
-24.718666
-24.716692
-24.714717
-24.712742
-24.710767
-24.708791
-24.706815
-24.704838
-24.702860
-24.700883
-24.698905
-24.696926
-24.694947
-24.692967
-24.690987
-24.689007
-24.687026
-24.685045
-24.683063
-24.681081
-24.679098
-24.677115
-24.675131
-24.673147
-24.671163
-24.669178
-24.667193
-24.665207
-24.663221
-24.661234
-24.659247
-24.657259
-24.655271
-24.653283
-24.651294
-24.649304
-24.647315
-24.645324
-24.643334
-24.641342
-24.639351
-24.637359
-24.635366
-24.633373
-24.631380
-24.629386
-24.627392
-24.625397
-24.623402
-24.621406
-24.619410
-24.617414
-24.615417
-24.613419
-24.611421
-24.609423
-24.607424
-24.605425
-24.603425
-24.601425
-24.599424
-24.597423
-24.595422
-24.593420
-24.591418
-24.589415
-24.587412
-24.585408
-24.583404
-24.581399
-24.579394
-24.577388
-24.575383
-24.573376
-24.571369
-24.569362
-24.567354
-24.565346
-24.563337
-24.561328
-24.559319
-24.557309
-24.555298
-24.553287
-24.551276
-24.549264
-24.547252
-24.545239
-24.543226
-24.541212
-24.539198
-24.537184
-24.535169
-24.533154
-24.531138
-24.529121
-24.527105
-24.525088
-24.523070
-24.521052
-24.519033
-24.517014
-24.514995
-24.512975
-24.510955
-24.508934
-24.506913
-24.504891
-24.502869
-24.500846
-24.498823
-24.496800
-24.494776
-24.492751
-24.490726
-24.488701
-24.486675
-24.484649
-24.482623
-24.480596
-24.478568
-24.476540
-24.474512
-24.472483
-24.470453
-24.468424
-24.466393
-24.464363
-24.462332
-24.460300
-24.458268
-24.456235
-24.454203
-24.452169
-24.450135
-24.448101
-24.446066
-24.444031
-24.441995
-24.439959
-24.437923
-24.435886
-24.433848
-24.431811
-24.429772
-24.427733
-24.425694
-24.423655
-24.421614
-24.419574
-24.417533
-24.415491
-24.413449
-24.411407
-24.409364
-24.407321
-24.405277
-24.403233
-24.401188
-24.399143
-24.397098
-24.395052
-24.393005
-24.390958
-24.388911
-24.386863
-24.384815
-24.382766
-24.380717
-24.378667
-24.376617
-24.374567
-24.372516
-24.370464
-24.368412
-24.366360
-24.364307
-24.362254
-24.360201
-24.358146
-24.356092
-24.354037
-24.351981
-24.349925
-24.347869
-24.345812
-24.343755
-24.341697
-24.339639
-24.337580
-24.335521
-24.333462
-24.331402
-24.329341
-24.327280
-24.325219
-24.323157
-24.321095
-24.319032
-24.316969
-24.314906
-24.312842
-24.310777
-24.308712
-24.306647
-24.304581
-24.302514
-24.300448
-24.298380
-24.296313
-24.294245
-24.292176
-24.290107
-24.288038
-24.285968
-24.283897
-24.281826
-24.279755
-24.277683
-24.275611
-24.273539
-24.271466
-24.269392
-24.267318
-24.265244
-24.263169
-24.261093
-24.259017
-24.256941
-24.254864
-24.252787
-24.250710
-24.248632
-24.246553
-24.244474
-24.242395
-24.240315
-24.238234
-24.236154
-24.234072
-24.231991
-24.229909
-24.227826
-24.225743
-24.223659
-24.221575
-24.219491
-24.217406
-24.215321
-24.213235
-24.211149
-24.209062
-24.206975
-24.204887
-24.202799
-24.200711
-24.198622
-24.196533
-24.194443
-24.192352
-24.190262
-24.188170
-24.186079
-24.183987
-24.181894
-24.179801
-24.177708
-24.175614
-24.173519
-24.171424
-24.169329
-24.167233
-24.165137
-24.163041
-24.160944
-24.158846
-24.156748
-24.154649
-24.152551
-24.150451
-24.148351
-24.146251
-24.144150
-24.142049
-24.139948
-24.137845
-24.135743
-24.133640
-24.131536
-24.129433
-24.127328
-24.125223
-24.123118
-24.121012
-24.118906
-24.116800
-24.114692
-24.112585
-24.110477
-24.108368
-24.106260
-24.104150
-24.102040
-24.099930
-24.097819
-24.095708
-24.093597
-24.091485
-24.089372
-24.087259
-24.085146
-24.083032
-24.080917
-24.078802
-24.076687
-24.074571
-24.072455
-24.070339
-24.068222
-24.066104
-24.063986
-24.061868
-24.059749
-24.057629
-24.055510
-24.053389
-24.051269
-24.049147
-24.047026
-24.044904
-24.042781
-24.040658
-24.038535
-24.036411
-24.034286
-24.032162
-24.030036
-24.027911
-24.025784
-24.023658
-24.021531
-24.019403
-24.017275
-24.015147
-24.013018
-24.010888
-24.008759
-24.006628
-24.004498
-24.002366
-24.000235
-23.998103
-23.995970
-23.993837
-23.991704
-23.989570
-23.987435
-23.985301
-23.983165
-23.981030
-23.978893
-23.976757
-23.974620
-23.972482
-23.970344
-23.968206
-23.966067
-23.963927
-23.961787
-23.959647
-23.957506
-23.955365
-23.953223
-23.951081
-23.948939
-23.946796
-23.944652
-23.942508
-23.940364
-23.938219
-23.936074
-23.933928
-23.931782
-23.929635
-23.927488
-23.925340
-23.923192
-23.921044
-23.918895
-23.916745
-23.914596
-23.912445
-23.910294
-23.908143
-23.905991
-23.903839
-23.901687
-23.899534
-23.897380
-23.895226
-23.893072
-23.890917
-23.888761
-23.886606
-23.884449
-23.882293
-23.880135
-23.877978
-23.875820
-23.873661
-23.871502
-23.869343
-23.867183
-23.865022
-23.862862
-23.860700
-23.858539
-23.856376
-23.854214
-23.852051
-23.849887
-23.847723
-23.845559
-23.843394
-23.841228
-23.839062
-23.836896
-23.834729
-23.832562
-23.830394
-23.828226
-23.826058
-23.823889
-23.821719
-23.819549
-23.817379
-23.815208
-23.813036
-23.810865
-23.808692
-23.806520
-23.804346
-23.802173
-23.799999
-23.797824
-23.795649
-23.793474
-23.791298
-23.789121
-23.786945
-23.784767
-23.782590
-23.780411
-23.778233
-23.776054
-23.773874
-23.771694
-23.769513
-23.767332
-23.765151
-23.762969
-23.760787
-23.758604
-23.756421
-23.754237
-23.752053
-23.749868
-23.747683
-23.745498
-23.743312
-23.741125
-23.738938
-23.736751
-23.734563
-23.732375
-23.730186
-23.727997
-23.725807
-23.723617
-23.721427
-23.719236
-23.717044
-23.714852
-23.712660
-23.710467
-23.708274
-23.706080
-23.703886
-23.701691
-23.699496
-23.697300
-23.695104
-23.692908
-23.690711
-23.688513
-23.686315
-23.684117
-23.681918
-23.679719
-23.677519
-23.675319
-23.673118
-23.670917
-23.668715
-23.666513
-23.664311
-23.662108
-23.659905
-23.657701
-23.655496
-23.653292
-23.651086
-23.648881
-23.646674
-23.644468
-23.642261
-23.640053
-23.637845
-23.635637
-23.633428
-23.631218
-23.629009
-23.626798
-23.624588
-23.622376
-23.620165
-23.617953
-23.615740
-23.613527
-23.611313
-23.609099
-23.606885
-23.604670
-23.602455
-23.600239
-23.598023
-23.595806
-23.593589
-23.591371
-23.589153
-23.586934
-23.584715
-23.582496
-23.580276
-23.578056
-23.575835
-23.573613
-23.571392
-23.569169
-23.566947
-23.564723
-23.562500
-23.560276
-23.558051
-23.555826
-23.553601
-23.551375
-23.549148
-23.546922
-23.544694
-23.542466
-23.540238
-23.538010
-23.535780
-23.533551
-23.531321
-23.529090
-23.526859
-23.524628
-23.522396
-23.520163
-23.517931
-23.515697
-23.513464
-23.511229
-23.508995
-23.506760
-23.504524
-23.502288
-23.500051
-23.497814
-23.495577
-23.493339
-23.491101
-23.488862
-23.486623
-23.484383
-23.482143
-23.479902
-23.477661
-23.475419
-23.473177
-23.470935
-23.468692
-23.466448
-23.464205
-23.461960
-23.459715
-23.457470
-23.455224
-23.452978
-23.450732
-23.448485
-23.446237
-23.443989
-23.441740
-23.439491
-23.437242
-23.434992
-23.432742
-23.430491
-23.428240
-23.425988
-23.423736
-23.421483
-23.419230
-23.416977
-23.414723
-23.412468
-23.410213
-23.407958
-23.405702
-23.403445
-23.401189
-23.398931
-23.396674
-23.394415
-23.392157
-23.389898
-23.387638
-23.385378
-23.383118
-23.380857
-23.378595
-23.376333
-23.374071
-23.371808
-23.369545
-23.367281
-23.365017
-23.362752
-23.360487
-23.358222
-23.355956
-23.353689
-23.351422
-23.349155
-23.346887
-23.344619
-23.342350
-23.340081
-23.337811
-23.335541
-23.333270
-23.330999
-23.328727
-23.326455
-23.324183
-23.321910
-23.319636
-23.317363
-23.315088
-23.312813
-23.310538
-23.308262
-23.305986
-23.303710
-23.301432
-23.299155
-23.296877
-23.294598
-23.292319
-23.290040
-23.287760
-23.285480
-23.283199
-23.280917
-23.278636
-23.276353
-23.274071
-23.271788
-23.269504
-23.267220
-23.264935
-23.262651
-23.260365
-23.258079
-23.255793
-23.253506
-23.251219
-23.248931
-23.246643
-23.244354
-23.242065
-23.239775
-23.237485
-23.235195
-23.232904
-23.230612
-23.228320
-23.226028
-23.223735
-23.221442
-23.219148
-23.216853
-23.214559
-23.212264
-23.209968
-23.207672
-23.205375
-23.203078
-23.200781
-23.198483
-23.196184
-23.193886
-23.191586
-23.189286
-23.186986
-23.184685
-23.182384
-23.180082
-23.177780
-23.175478
-23.173175
-23.170871
-23.168567
-23.166263
-23.163958
-23.161652
-23.159347
-23.157040
-23.154734
-23.152426
-23.150119
-23.147810
-23.145502
-23.143193
-23.140883
-23.138573
-23.136263
-23.133952
-23.131640
-23.129329
-23.127016
-23.124703
-23.122390
-23.120076
-23.117762
-23.115448
-23.113132
-23.110817
-23.108501
-23.106184
-23.103867
-23.101550
-23.099232
-23.096914
-23.094595
-23.092275
-23.089956
-23.087635
-23.085315
-23.082994
-23.080672
-23.078350
-23.076027
-23.073704
-23.071381
-23.069057
-23.066733
-23.064408
-23.062082
-23.059757
-23.057430
-23.055104
-23.052776
-23.050449
-23.048121
-23.045792
-23.043463
-23.041133
-23.038803
-23.036473
-23.034142
-23.031811
-23.029479
-23.027147
-23.024814
-23.022481
-23.020147
-23.017813
-23.015478
-23.013143
-23.010807
-23.008471
-23.006135
-23.003798
-23.001460
-22.999123
-22.996784
-22.994445
-22.992106
-22.989766
-22.987426
-22.985085
-22.982744
-22.980403
-22.978061
-22.975718
-22.973375
-22.971032
-22.968688
-22.966343
-22.963998
-22.961653
-22.959307
-22.956961
-22.954614
-22.952267
-22.949919
-22.947571
-22.945223
-22.942874
-22.940524
-22.938174
-22.935824
-22.933473
-22.931121
-22.928769
-22.926417
-22.924064
-22.921711
-22.919357
-22.917003
-22.914648
-22.912293
-22.909938
-22.907582
-22.905225
-22.902868
-22.900511
-22.898153
-22.895794
-22.893436
-22.891076
-22.888716
-22.886356
-22.883995
-22.881634
-22.879273
-22.876911
-22.874548
-22.872185
-22.869821
-22.867457
-22.865093
-22.862728
-22.860363
-22.857997
-22.855631
-22.853264
-22.850897
-22.848529
-22.846161
-22.843792
-22.841423
-22.839053
-22.836683
-22.834313
-22.831942
-22.829570
-22.827198
-22.824826
-22.822453
-22.820080
-22.817706
-22.815332
-22.812957
-22.810582
-22.808206
-22.805830
-22.803454
-22.801077
-22.798699
-22.796321
-22.793943
-22.791564
-22.789184
-22.786804
-22.784424
-22.782043
-22.779662
-22.777280
-22.774898
-22.772516
-22.770132
-22.767749
-22.765365
-22.762980
-22.760595
-22.758210
-22.755824
-22.753438
-22.751051
-22.748663
-22.746276
-22.743887
-22.741499
-22.739109
-22.736720
-22.734330
-22.731939
-22.729548
-22.727156
-22.724764
-22.722372
-22.719979
-22.717586
-22.715192
-22.712797
-22.710403
-22.708007
-22.705612
-22.703215
-22.700819
-22.698421
-22.696024
-22.693626
-22.691227
-22.688828
-22.686429
-22.684029
-22.681628
-22.679227
-22.676826
-22.674424
-22.672022
-22.669619
-22.667216
-22.664812
-22.662408
-22.660003
-22.657598
-22.655193
-22.652787
-22.650380
-22.647973
-22.645566
-22.643158
-22.640750
-22.638341
-22.635931
-22.633522
-22.631111
-22.628701
-22.626289
-22.623878
-22.621466
-22.619053
-22.616640
-22.614226
-22.611812
-22.609398
-22.606983
-22.604568
-22.602152
-22.599735
-22.597319
-22.594901
-22.592483
-22.590065
-22.587647
-22.585227
-22.582808
-22.580388
-22.577967
-22.575546
-22.573125
-22.570703
-22.568280
-22.565857
-22.563434
-22.561010
-22.558586
-22.556161
-22.553736
-22.551310
-22.548884
-22.546457
-22.544030
-22.541602
-22.539174
-22.536746
-22.534317
-22.531887
-22.529457
-22.527027
-22.524596
-22.522165
-22.519733
-22.517301
-22.514868
-22.512435
-22.510001
-22.507567
-22.505132
-22.502697
-22.500261
-22.497825
-22.495389
-22.492952
-22.490514
-22.488076
-22.485638
-22.483199
-22.480760
-22.478320
-22.475880
-22.473439
-22.470998
-22.468556
-22.466114
-22.463671
-22.461228
-22.458785
-22.456341
-22.453896
-22.451451
-22.449006
-22.446560
-22.444113
-22.441666
-22.439219
-22.436771
-22.434323
-22.431874
-22.429425
-22.426975
-22.424525
-22.422075
-22.419624
-22.417172
-22.414720
-22.412267
-22.409815
-22.407361
-22.404907
-22.402453
-22.399998
-22.397543
-22.395087
-22.392631
-22.390174
-22.387717
-22.385259
-22.382801
-22.380342
-22.377883
-22.375424
-22.372964
-22.370503
-22.368042
-22.365581
-22.363119
-22.360656
-22.358194
-22.355730
-22.353266
-22.350802
-22.348337
-22.345872
-22.343407
-22.340940
-22.338474
-22.336007
-22.333539
-22.331071
-22.328603
-22.326134
-22.323664
-22.321194
-22.318724
-22.316253
-22.313782
-22.311310
-22.308838
-22.306365
-22.303892
-22.301418
-22.298944
-22.296469
-22.293994
-22.291519
-22.289043
-22.286566
-22.284089
-22.281612
-22.279134
-22.276655
-22.274177
-22.271697
-22.269217
-22.266737
-22.264256
-22.261775
-22.259293
-22.256811
-22.254329
-22.251846
-22.249362
-22.246878
-22.244393
-22.241908
-22.239423
-22.236937
-22.234451
-22.231964
-22.229476
-22.226989
-22.224500
-22.222012
-22.219522
-22.217033
-22.214542
-22.212052
-22.209561
-22.207069
-22.204577
-22.202084
-22.199591
-22.197098
-22.194604
-22.192110
-22.189615
-22.187119
-22.184623
-22.182127
-22.179630
-22.177133
-22.174635
-22.172137
-22.169638
-22.167139
-22.164640
-22.162140
-22.159639
-22.157138
-22.154637
-22.152135
-22.149632
-22.147129
-22.144626
-22.142122
-22.139618
-22.137113
-22.134607
-22.132102
-22.129595
-22.127089
-22.124582
-22.122074
-22.119566
-22.117057
-22.114548
-22.112039
-22.109529
-22.107018
-22.104507
-22.101996
-22.099484
-22.096971
-22.094459
-22.091945
-22.089432
-22.086917
-22.084403
-22.081887
-22.079372
-22.076855
-22.074339
-22.071822
-22.069304
-22.066786
-22.064268
-22.061749
-22.059229
-22.056709
-22.054189
-22.051668
-22.049147
-22.046625
-22.044102
-22.041580
-22.039056
-22.036533
-22.034009
-22.031484
-22.028959
-22.026433
-22.023907
-22.021380
-22.018853
-22.016326
-22.013798
-22.011269
-22.008741
-22.006211
-22.003681
-22.001151
-21.998620
-21.996089
-21.993557
-21.991025
-21.988492
-21.985959
-21.983425
-21.980891
-21.978356
-21.975821
-21.973286
-21.970750
-21.968213
-21.965676
-21.963139
-21.960601
-21.958063
-21.955524
-21.952984
-21.950445
-21.947904
-21.945363
-21.942822
-21.940281
-21.937738
-21.935196
-21.932653
-21.930109
-21.927565
-21.925020
-21.922475
-21.919930
-21.917384
-21.914837
-21.912290
-21.909743
-21.907195
-21.904647
-21.902098
-21.899549
-21.896999
-21.894449
-21.891898
-21.889347
-21.886795
-21.884243
-21.881690
-21.879137
-21.876584
-21.874030
-21.871475
-21.868920
-21.866365
-21.863809
-21.861252
-21.858695
-21.856138
-21.853580
-21.851022
-21.848463
-21.845904
-21.843344
-21.840784
-21.838223
-21.835662
-21.833101
-21.830538
-21.827976
-21.825413
-21.822849
-21.820285
-21.817721
-21.815156
-21.812590
-21.810025
-21.807458
-21.804891
-21.802324
-21.799756
-21.797188
-21.794619
-21.792050
-21.789480
-21.786910
-21.784339
-21.781768
-21.779197
-21.776625
-21.774052
-21.771479
-21.768906
-21.766332
-21.763757
-21.761182
-21.758607
-21.756031
-21.753455
-21.750878
-21.748300
-21.745723
-21.743144
-21.740566
-21.737987
-21.735407
-21.732827
-21.730246
-21.727665
-21.725083
-21.722501
-21.719919
-21.717336
-21.714752
-21.712168
-21.709584
-21.706999
-21.704414
-21.701828
-21.699242
-21.696655
-21.694067
-21.691480
-21.688891
-21.686303
-21.683714
-21.681124
-21.678534
-21.675943
-21.673352
-21.670761
-21.668168
-21.665576
-21.662983
-21.660390
-21.657796
-21.655201
-21.652606
-21.650011
-21.647415
-21.644819
-21.642222
-21.639625
-21.637027
-21.634429
-21.631830
-21.629231
-21.626631
-21.624031
-21.621430
-21.618829
-21.616228
-21.613626
-21.611023
-21.608420
-21.605817
-21.603213
-21.600609
-21.598004
-21.595398
-21.592792
-21.590186
-21.587579
-21.584972
-21.582364
-21.579756
-21.577147
-21.574538
-21.571929
-21.569319
-21.566708
-21.564097
-21.561485
-21.558873
-21.556261
-21.553648
-21.551034
-21.548420
-21.545806
-21.543191
-21.540576
-21.537960
-21.535344
-21.532727
-21.530110
-21.527492
-21.524874
-21.522255
-21.519636
-21.517016
-21.514396
-21.511775
-21.509154
-21.506533
-21.503911
-21.501288
-21.498665
-21.496042
-21.493418
-21.490793
-21.488168
-21.485543
-21.482917
-21.480291
-21.477664
-21.475037
-21.472409
-21.469781
-21.467152
-21.464523
-21.461893
-21.459263
-21.456632
-21.454001
-21.451370
-21.448738
-21.446105
-21.443472
-21.440839
-21.438205
-21.435570
-21.432935
-21.430300
-21.427664
-21.425028
-21.422391
-21.419754
-21.417116
-21.414478
-21.411839
-21.409200
-21.406560
-21.403920
-21.401279
-21.398638
-21.395997
-21.393354
-21.390712
-21.388069
-21.385425
-21.382781
-21.380137
-21.377492
-21.374847
-21.372201
-21.369554
-21.366907
-21.364260
-21.361612
-21.358964
-21.356315
-21.353666
-21.351016
-21.348366
-21.345715
-21.343064
-21.340413
-21.337761
-21.335108
-21.332455
-21.329801
-21.327147
-21.324493
-21.321838
-21.319183
-21.316527
-21.313870
-21.311213
-21.308556
-21.305898
-21.303240
-21.300581
-21.297922
-21.295262
-21.292602
-21.289941
-21.287280
-21.284618
-21.281956
-21.279293
-21.276630
-21.273967
-21.271303
-21.268638
-21.265973
-21.263308
-21.260642
-21.257975
-21.255308
-21.252641
-21.249973
-21.247305
-21.244636
-21.241967
-21.239297
-21.236627
-21.233956
-21.231285
-21.228613
-21.225941
-21.223268
-21.220595
-21.217921
-21.215247
-21.212573
-21.209898
-21.207222
-21.204546
-21.201870
-21.199193
-21.196515
-21.193837
-21.191159
-21.188480
-21.185801
-21.183121
-21.180440
-21.177760
-21.175078
-21.172397
-21.169714
-21.167032
-21.164348
-21.161665
-21.158981
-21.156296
-21.153611
-21.150925
-21.148239
-21.145553
-21.142866
-21.140178
-21.137490
-21.134802
-21.132113
-21.129423
-21.126733
-21.124043
-21.121352
-21.118661
-21.115969
-21.113277
-21.110584
-21.107891
-21.105197
-21.102503
-21.099808
-21.097113
-21.094417
-21.091721
-21.089025
-21.086328
-21.083630
-21.080932
-21.078233
-21.075534
-21.072835
-21.070135
-21.067435
-21.064734
-21.062032
-21.059330
-21.056628
-21.053925
-21.051222
-21.048518
-21.045814
-21.043109
-21.040404
-21.037698
-21.034992
-21.032285
-21.029578
-21.026871
-21.024162
-21.021454
-21.018745
-21.016035
-21.013325
-21.010615
-21.007904
-21.005192
-21.002480
-20.999768
-20.997055
-20.994342
-20.991628
-20.988913
-20.986199
-20.983483
-20.980767
-20.978051
-20.975334
-20.972617
-20.969900
-20.967181
-20.964463
-20.961744
-20.959024
-20.956304
-20.953583
-20.950862
-20.948141
-20.945419
-20.942696
-20.939973
-20.937250
-20.934526
-20.931801
-20.929076
-20.926351
-20.923625
-20.920899
-20.918172
-20.915445
-20.912717
-20.909989
-20.907260
-20.904531
-20.901801
-20.899071
-20.896340
-20.893609
-20.890877
-20.888145
-20.885413
-20.882680
-20.879946
-20.877212
-20.874478
-20.871743
-20.869007
-20.866271
-20.863535
-20.860798
-20.858060
-20.855323
-20.852584
-20.849845
-20.847106
-20.844366
-20.841626
-20.838885
-20.836144
-20.833402
-20.830660
-20.827918
-20.825174
-20.822431
-20.819687
-20.816942
-20.814197
-20.811451
-20.808705
-20.805959
-20.803212
-20.800464
-20.797716
-20.794968
-20.792219
-20.789470
-20.786720
-20.783969
-20.781219
-20.778467
-20.775715
-20.772963
-20.770210
-20.767457
-20.764703
-20.761949
-20.759194
-20.756439
-20.753684
-20.750927
-20.748171
-20.745414
-20.742656
-20.739898
-20.737140
-20.734381
-20.731621
-20.728861
-20.726101
-20.723340
-20.720578
-20.717816
-20.715054
-20.712291
-20.709528
-20.706764
-20.704000
-20.701235
-20.698469
-20.695704
-20.692937
-20.690171
-20.687404
-20.684636
-20.681868
-20.679099
-20.676330
-20.673560
-20.670790
-20.668020
-20.665249
-20.662477
-20.659705
-20.656933
-20.654160
-20.651386
-20.648612
-20.645838
-20.643063
-20.640287
-20.637512
-20.634735
-20.631958
-20.629181
-20.626403
-20.623625
-20.620846
-20.618067
-20.615287
-20.612507
-20.609726
-20.606945
-20.604164
-20.601381
-20.598599
-20.595816
-20.593032
-20.590248
-20.587464
-20.584679
-20.581893
-20.579107
-20.576321
-20.573534
-20.570746
-20.567958
-20.565170
-20.562381
-20.559592
-20.556802
-20.554012
-20.551221
-20.548429
-20.545638
-20.542845
-20.540053
-20.537259
-20.534466
-20.531672
-20.528877
-20.526082
-20.523286
-20.520490
-20.517693
-20.514896
-20.512099
-20.509301
-20.506502
-20.503703
-20.500904
-20.498104
-20.495303
-20.492502
-20.489701
-20.486899
-20.484097
-20.481294
-20.478491
-20.475687
-20.472882
-20.470078
-20.467272
-20.464467
-20.461660
-20.458854
-20.456047
-20.453239
-20.450431
-20.447622
-20.444813
-20.442003
-20.439193
-20.436383
-20.433572
-20.430760
-20.427948
-20.425136
-20.422323
-20.419509
-20.416695
-20.413881
-20.411066
-20.408250
-20.405434
-20.402618
-20.399801
-20.396984
-20.394166
-20.391348
-20.388529
-20.385710
-20.382890
-20.380070
-20.377249
-20.374428
-20.371606
-20.368784
-20.365961
-20.363138
-20.360315
-20.357491
-20.354666
-20.351841
-20.349015
-20.346189
-20.343363
-20.340536
-20.337708
-20.334880
-20.332052
-20.329223
-20.326394
-20.323564
-20.320733
-20.317903
-20.315071
-20.312239
-20.309407
-20.306574
-20.303741
-20.300907
-20.298073
-20.295238
-20.292403
-20.289568
-20.286731
-20.283895
-20.281058
-20.278220
-20.275382
-20.272543
-20.269704
-20.266865
-20.264025
-20.261184
-20.258343
-20.255502
-20.252660
-20.249817
-20.246974
-20.244131
-20.241287
-20.238443
-20.235598
-20.232752
-20.229907
-20.227060
-20.224214
-20.221366
-20.218518
-20.215670
-20.212822
-20.209972
-20.207123
-20.204272
-20.201422
-20.198571
-20.195719
-20.192867
-20.190014
-20.187161
-20.184308
-20.181454
-20.178599
-20.175744
-20.172889
-20.170033
-20.167176
-20.164319
-20.161462
-20.158604
-20.155745
-20.152886
-20.150027
-20.147167
-20.144307
-20.141446
-20.138585
-20.135723
-20.132861
-20.129998
-20.127135
-20.124271
-20.121407
-20.118542
-20.115677
-20.112811
-20.109945
-20.107079
-20.104211
-20.101344
-20.098476
-20.095607
-20.092738
-20.089869
-20.086999
-20.084128
-20.081257
-20.078386
-20.075514
-20.072641
-20.069768
-20.066895
-20.064021
-20.061147
-20.058272
-20.055397
-20.052521
-20.049644
-20.046768
-20.043890
-20.041013
-20.038134
-20.035256
-20.032376
-20.029497
-20.026617
-20.023736
-20.020855
-20.017973
-20.015091
-20.012208
-20.009325
-20.006442
-20.003558
-20.000673
-19.997788
-19.994903
-19.992017
-19.989130
-19.986243
-19.983356
-19.980468
-19.977579
-19.974691
-19.971801
-19.968911
-19.966021
-19.963130
-19.960239
-19.957347
-19.954455
-19.951562
-19.948669
-19.945775
-19.942881
-19.939986
-19.937091
-19.934195
-19.931299
-19.928402
-19.925505
-19.922608
-19.919710
-19.916811
-19.913912
-19.911012
-19.908112
-19.905212
-19.902311
-19.899409
-19.896507
-19.893605
-19.890702
-19.887799
-19.884895
-19.881990
-19.879085
-19.876180
-19.873274
-19.870368
-19.867461
-19.864554
-19.861646
-19.858738
-19.855829
-19.852920
-19.850010
-19.847100
-19.844189
-19.841278
-19.838366
-19.835454
-19.832541
-19.829628
-19.826715
-19.823800
-19.820886
-19.817971
-19.815055
-19.812139
-19.809223
-19.806306
-19.803388
-19.800470
-19.797552
-19.794633
-19.791713
-19.788793
-19.785873
-19.782952
-19.780031
-19.777109
-19.774187
-19.771264
-19.768341
-19.765417
-19.762492
-19.759568
-19.756642
-19.753717
-19.750790
-19.747864
-19.744937
-19.742009
-19.739081
-19.736152
-19.733223
-19.730293
-19.727363
-19.724433
-19.721502
-19.718570
-19.715638
-19.712705
-19.709772
-19.706839
-19.703905
-19.700971
-19.698036
-19.695100
-19.692164
-19.689228
-19.686291
-19.683354
-19.680416
-19.677477
-19.674538
-19.671599
-19.668659
-19.665719
-19.662778
-19.659837
-19.656895
-19.653953
-19.651010
-19.648067
-19.645123
-19.642179
-19.639235
-19.636289
-19.633344
-19.630398
-19.627451
-19.624504
-19.621556
-19.618608
-19.615660
-19.612711
-19.609761
-19.606811
-19.603861
-19.600910
-19.597958
-19.595006
-19.592054
-19.589101
-19.586148
-19.583194
-19.580239
-19.577285
-19.574329
-19.571373
-19.568417
-19.565460
-19.562503
-19.559545
-19.556587
-19.553628
-19.550669
-19.547709
-19.544749
-19.541788
-19.538827
-19.535866
-19.532903
-19.529941
-19.526978
-19.524014
-19.521050
-19.518085
-19.515120
-19.512155
-19.509189
-19.506222
-19.503255
-19.500288
-19.497320
-19.494351
-19.491382
-19.488413
-19.485443
-19.482473
-19.479502
-19.476530
-19.473559
-19.470586
-19.467613
-19.464640
-19.461666
-19.458692
-19.455717
-19.452742
-19.449766
-19.446790
-19.443813
-19.440836
-19.437858
-19.434880
-19.431902
-19.428922
-19.425943
-19.422963
-19.419982
-19.417001
-19.414019
-19.411037
-19.408055
-19.405072
-19.402088
-19.399104
-19.396120
-19.393135
-19.390149
-19.387163
-19.384177
-19.381190
-19.378203
-19.375215
-19.372226
-19.369237
-19.366248
-19.363258
-19.360268
-19.357277
-19.354286
-19.351294
-19.348302
-19.345309
-19.342316
-19.339322
-19.336328
-19.333333
-19.330338
-19.327342
-19.324346
-19.321349
-19.318352
-19.315355
-19.312356
-19.309358
-19.306359
-19.303359
-19.300359
-19.297359
-19.294358
-19.291356
-19.288354
-19.285352
-19.282349
-19.279345
-19.276341
-19.273337
-19.270332
-19.267326
-19.264321
-19.261314
-19.258307
-19.255300
-19.252292
-19.249284
-19.246275
-19.243266
-19.240256
-19.237246
-19.234235
-19.231224
-19.228212
-19.225200
-19.222187
-19.219174
-19.216160
-19.213146
-19.210131
-19.207116
-19.204100
-19.201084
-19.198068
-19.195051
-19.192033
-19.189015
-19.185997
-19.182977
-19.179958
-19.176938
-19.173917
-19.170896
-19.167875
-19.164853
-19.161831
-19.158808
-19.155784
-19.152760
-19.149736
-19.146711
-19.143686
-19.140660
-19.137634
-19.134607
-19.131580
-19.128552
-19.125523
-19.122495
-19.119465
-19.116436
-19.113405
-19.110375
-19.107344
-19.104312
-19.101280
-19.098247
-19.095214
-19.092180
-19.089146
-19.086112
-19.083076
-19.080041
-19.077005
-19.073968
-19.070931
-19.067894
-19.064856
-19.061817
-19.058778
-19.055739
-19.052699
-19.049658
-19.046617
-19.043576
-19.040534
-19.037492
-19.034449
-19.031405
-19.028362
-19.025317
-19.022272
-19.019227
-19.016181
-19.013135
-19.010088
-19.007041
-19.003993
-19.000945
-18.997896
-18.994847
-18.991797
-18.988747
-18.985696
-18.982645
-18.979594
-18.976541
-18.973489
-18.970436
-18.967382
-18.964328
-18.961273
-18.958218
-18.955163
-18.952107
-18.949050
-18.945993
-18.942936
-18.939878
-18.936819
-18.933760
-18.930701
-18.927641
-18.924581
-18.921520
-18.918458
-18.915396
-18.912334
-18.909271
-18.906208
-18.903144
-18.900080
-18.897015
-18.893950
-18.890884
-18.887818
-18.884751
-18.881684
-18.878616
-18.875548
-18.872479
-18.869410
-18.866340
-18.863270
-18.860199
-18.857128
-18.854057
-18.850984
-18.847912
-18.844839
-18.841765
-18.838691
-18.835617
-18.832542
-18.829466
-18.826390
-18.823314
-18.820237
-18.817159
-18.814081
-18.811003
-18.807924
-18.804844
-18.801764
-18.798684
-18.795603
-18.792522
-18.789440
-18.786358
-18.783275
-18.780191
-18.777108
-18.774023
-18.770939
-18.767853
-18.764768
-18.761681
-18.758595
-18.755507
-18.752420
-18.749331
-18.746243
-18.743154
-18.740064
-18.736974
-18.733883
-18.730792
-18.727700
-18.724608
-18.721516
-18.718423
-18.715329
-18.712235
-18.709141
-18.706046
-18.702950
-18.699854
-18.696758
-18.693661
-18.690563
-18.687465
-18.684367
-18.681268
-18.678169
-18.675069
-18.671968
-18.668867
-18.665766
-18.662664
-18.659562
-18.656459
-18.653356
-18.650252
-18.647148
-18.644043
-18.640938
-18.637832
-18.634726
-18.631619
-18.628512
-18.625404
-18.622296
-18.619187
-18.616078
-18.612968
-18.609858
-18.606748
-18.603637
-18.600525
-18.597413
-18.594300
-18.591187
-18.588074
-18.584960
-18.581845
-18.578730
-18.575615
-18.572499
-18.569382
-18.566265
-18.563148
-18.560030
-18.556912
-18.553793
-18.550673
-18.547553
-18.544433
-18.541312
-18.538191
-18.535069
-18.531947
-18.528824
-18.525701
-18.522577
-18.519453
-18.516328
-18.513203
-18.510077
-18.506951
-18.503824
-18.500697
-18.497569
-18.494441
-18.491312
-18.488183
-18.485053
-18.481923
-18.478793
-18.475662
-18.472530
-18.469398
-18.466265
-18.463132
-18.459999
-18.456865
-18.453730
-18.450595
-18.447460
-18.444324
-18.441187
-18.438050
-18.434913
-18.431775
-18.428637
-18.425498
-18.422358
-18.419218
-18.416078
-18.412937
-18.409796
-18.406654
-18.403512
-18.400369
-18.397226
-18.394082
-18.390938
-18.387793
-18.384648
-18.381502
-18.378356
-18.375209
-18.372062
-18.368914
-18.365766
-18.362617
-18.359468
-18.356318
-18.353168
-18.350018
-18.346867
-18.343715
-18.340563
-18.337410
-18.334257
-18.331104
-18.327950
-18.324795
-18.321640
-18.318485
-18.315329
-18.312172
-18.309015
-18.305858
-18.302700
-18.299542
-18.296383
-18.293223
-18.290063
-18.286903
-18.283742
-18.280581
-18.277419
-18.274257
-18.271094
-18.267931
-18.264767
-18.261603
-18.258438
-18.255273
-18.252107
-18.248941
-18.245774
-18.242607
-18.239439
-18.236271
-18.233102
-18.229933
-18.226764
-18.223593
-18.220423
-18.217252
-18.214080
-18.210908
-18.207735
-18.204562
-18.201389
-18.198215
-18.195040
-18.191865
-18.188690
-18.185514
-18.182337
-18.179160
-18.175983
-18.172805
-18.169627
-18.166448
-18.163268
-18.160089
-18.156908
-18.153727
-18.150546
-18.147364
-18.144182
-18.140999
-18.137816
-18.134632
-18.131448
-18.128263
-18.125078
-18.121892
-18.118706
-18.115519
-18.112332
-18.109144
-18.105956
-18.102767
-18.099578
-18.096389
-18.093198
-18.090008
-18.086817
-18.083625
-18.080433
-18.077240
-18.074047
-18.070854
-18.067660
-18.064465
-18.061270
-18.058075
-18.054879
-18.051682
-18.048485
-18.045288
-18.042090
-18.038892
-18.035693
-18.032493
-18.029293
-18.026093
-18.022892
-18.019691
-18.016489
-18.013287
-18.010084
-18.006881
-18.003677
-18.000473
-17.997268
-17.994063
-17.990857
-17.987651
-17.984444
-17.981237
-17.978029
-17.974821
-17.971612
-17.968403
-17.965193
-17.961983
-17.958773
-17.955562
-17.952350
-17.949138
-17.945925
-17.942712
-17.939499
-17.936285
-17.933070
-17.929855
-17.926640
-17.923424
-17.920207
-17.916990
-17.913773
-17.910555
-17.907337
-17.904118
-17.900898
-17.897678
-17.894458
-17.891237
-17.888016
-17.884794
-17.881572
-17.878349
-17.875125
-17.871902
-17.868677
-17.865453
-17.862227
-17.859002
-17.855775
-17.852549
-17.849322
-17.846094
-17.842866
-17.839637
-17.836408
-17.833178
-17.829948
-17.826717
-17.823486
-17.820255
-17.817023
-17.813790
-17.810557
-17.807324
-17.804089
-17.800855
-17.797620
-17.794384
-17.791148
-17.787912
-17.784675
-17.781438
-17.778200
-17.774961
-17.771722
-17.768483
-17.765243
-17.762003
-17.758762
-17.755520
-17.752279
-17.749036
-17.745793
-17.742550
-17.739306
-17.736062
-17.732817
-17.729572
-17.726326
-17.723080
-17.719833
-17.716586
-17.713339
-17.710090
-17.706842
-17.703593
-17.700343
-17.697093
-17.693842
-17.690591
-17.687339
-17.684087
-17.680835
-17.677582
-17.674328
-17.671074
-17.667820
-17.664565
-17.661309
-17.658053
-17.654797
-17.651540
-17.648282
-17.645024
-17.641766
-17.638507
-17.635248
-17.631988
-17.628727
-17.625467
-17.622205
-17.618943
-17.615681
-17.612418
-17.609155
-17.605891
-17.602627
-17.599362
-17.596097
-17.592831
-17.589565
-17.586298
-17.583031
-17.579763
-17.576495
-17.573226
-17.569957
-17.566688
-17.563418
-17.560147
-17.556876
-17.553604
-17.550332
-17.547060
-17.543787
-17.540513
-17.537239
-17.533964
-17.530689
-17.527414
-17.524138
-17.520862
-17.517585
-17.514307
-17.511029
-17.507751
-17.504472
-17.501193
-17.497913
-17.494632
-17.491351
-17.488070
-17.484788
-17.481506
-17.478223
-17.474940
-17.471656
-17.468372
-17.465087
-17.461802
-17.458516
-17.455230
-17.451943
-17.448656
-17.445368
-17.442080
-17.438791
-17.435502
-17.432213
-17.428923
-17.425632
-17.422341
-17.419049
-17.415757
-17.412465
-17.409172
-17.405878
-17.402584
-17.399290
-17.395995
-17.392699
-17.389403
-17.386107
-17.382810
-17.379512
-17.376214
-17.372916
-17.369617
-17.366318
-17.363018
-17.359718
-17.356417
-17.353115
-17.349814
-17.346511
-17.343208
-17.339905
-17.336601
-17.333297
-17.329992
-17.326687
-17.323382
-17.320075
-17.316769
-17.313461
-17.310154
-17.306846
-17.303537
-17.300228
-17.296918
-17.293608
-17.290298
-17.286986
-17.283675
-17.280363
-17.277050
-17.273737
-17.270424
-17.267110
-17.263795
-17.260480
-17.257165
-17.253849
-17.250533
-17.247216
-17.243898
-17.240580
-17.237262
-17.233943
-17.230624
-17.227304
-17.223983
-17.220663
-17.217341
-17.214020
-17.210697
-17.207375
-17.204051
-17.200728
-17.197403
-17.194079
-17.190753
-17.187428
-17.184101
-17.180775
-17.177448
-17.174120
-17.170792
-17.167463
-17.164134
-17.160805
-17.157475
-17.154144
-17.150813
-17.147481
-17.144149
-17.140817
-17.137484
-17.134150
-17.130816
-17.127482
-17.124147
-17.120812
-17.117476
-17.114139
-17.110802
-17.107465
-17.104127
-17.100789
-17.097450
-17.094111
-17.090771
-17.087430
-17.084090
-17.080748
-17.077407
-17.074064
-17.070722
-17.067378
-17.064035
-17.060690
-17.057346
-17.054001
-17.050655
-17.047309
-17.043962
-17.040615
-17.037267
-17.033919
-17.030571
-17.027222
-17.023872
-17.020522
-17.017172
-17.013821
-17.010469
-17.007117
-17.003765
-17.000412
-16.997058
-16.993704
-16.990350
-16.986995
-16.983639
-16.980284
-16.976927
-16.973570
-16.970213
-16.966855
-16.963497
-16.960138
-16.956779
-16.953419
-16.950059
-16.946698
-16.943337
-16.939975
-16.936613
-16.933250
-16.929887
-16.926523
-16.923159
-16.919794
-16.916429
-16.913064
-16.909698
-16.906331
-16.902964
-16.899596
-16.896228
-16.892860
-16.889491
-16.886121
-16.882751
-16.879381
-16.876010
-16.872638
-16.869266
-16.865894
-16.862521
-16.859148
-16.855774
-16.852399
-16.849025
-16.845649
-16.842273
-16.838897
-16.835520
-16.832143
-16.828765
-16.825387
-16.822008
-16.818629
-16.815249
-16.811869
-16.808488
-16.805107
-16.801725
-16.798343
-16.794961
-16.791578
-16.788194
-16.784810
-16.781425
-16.778040
-16.774655
-16.771269
-16.767882
-16.764495
-16.761107
-16.757719
-16.754331
-16.750942
-16.747553
-16.744163
-16.740772
-16.737381
-16.733990
-16.730598
-16.727206
-16.723813
-16.720419
-16.717026
-16.713631
-16.710237
-16.706841
-16.703445
-16.700049
-16.696652
-16.693255
-16.689858
-16.686459
-16.683061
-16.679661
-16.676262
-16.672862
-16.669461
-16.666060
-16.662658
-16.659256
-16.655854
-16.652451
-16.649047
-16.645643
-16.642239
-16.638833
-16.635428
-16.632022
-16.628616
-16.625209
-16.621801
-16.618393
-16.614985
-16.611576
-16.608167
-16.604757
-16.601346
-16.597936
-16.594524
-16.591112
-16.587700
-16.584287
-16.580874
-16.577460
-16.574046
-16.570631
-16.567216
-16.563801
-16.560384
-16.556968
-16.553551
-16.550133
-16.546715
-16.543296
-16.539877
-16.536457
-16.533037
-16.529617
-16.526196
-16.522774
-16.519352
-16.515930
-16.512507
-16.509083
-16.505659
-16.502235
-16.498810
-16.495385
-16.491959
-16.488532
-16.485106
-16.481678
-16.478250
-16.474822
-16.471393
-16.467964
-16.464534
-16.461104
-16.457673
-16.454242
-16.450810
-16.447378
-16.443945
-16.440512
-16.437079
-16.433644
-16.430210
-16.426775
-16.423339
-16.419903
-16.416467
-16.413029
-16.409592
-16.406154
-16.402715
-16.399276
-16.395837
-16.392397
-16.388957
-16.385516
-16.382074
-16.378632
-16.375190
-16.371747
-16.368304
-16.364860
-16.361416
-16.357971
-16.354525
-16.351080
-16.347633
-16.344187
-16.340739
-16.337292
-16.333843
-16.330395
-16.326946
-16.323496
-16.320046
-16.316595
-16.313144
-16.309692
-16.306240
-16.302788
-16.299335
-16.295881
-16.292427
-16.288973
-16.285518
-16.282062
-16.278606
-16.275150
-16.271693
-16.268235
-16.264778
-16.261319
-16.257860
-16.254401
-16.250941
-16.247481
-16.244020
-16.240559
-16.237097
-16.233635
-16.230172
-16.226709
-16.223245
-16.219781
-16.216316
-16.212851
-16.209385
-16.205919
-16.202452
-16.198985
-16.195518
-16.192050
-16.188581
-16.185112
-16.181643
-16.178173
-16.174702
-16.171231
-16.167760
-16.164288
-16.160815
-16.157342
-16.153869
-16.150395
-16.146921
-16.143446
-16.139970
-16.136495
-16.133018
-16.129542
-16.126064
-16.122586
-16.119108
-16.115630
-16.112150
-16.108671
-16.105190
-16.101710
-16.098229
-16.094747
-16.091265
-16.087782
-16.084299
-16.080816
-16.077332
-16.073847
-16.070362
-16.066877
-16.063391
-16.059904
-16.056417
-16.052930
-16.049442
-16.045953
-16.042464
-16.038975
-16.035485
-16.031995
-16.028504
-16.025013
-16.021521
-16.018029
-16.014536
-16.011043
-16.007549
-16.004055
-16.000560
-15.997065
-15.993569
-15.990073
-15.986576
-15.983079
-15.979582
-15.976084
-15.972585
-15.969086
-15.965586
-15.962086
-15.958586
-15.955085
-15.951584
-15.948082
-15.944579
-15.941076
-15.937573
-15.934069
-15.930565
-15.927060
-15.923554
-15.920049
-15.916542
-15.913036
-15.909528
-15.906021
-15.902512
-15.899004
-15.895494
-15.891985
-15.888475
-15.884964
-15.881453
-15.877941
-15.874429
-15.870917
-15.867403
-15.863890
-15.860376
-15.856861
-15.853346
-15.849831
-15.846315
-15.842799
-15.839282
-15.835764
-15.832246
-15.828728
