-15.575202
-15.572895
-15.570587
-15.568279
-15.565970
-15.563661
-15.561351
-15.559040
-15.556729
-15.554417
-15.552105
-15.549791
-15.547478
-15.545163
-15.542848
-15.540533
-15.538217
-15.535900
-15.533582
-15.531264
-15.528946
-15.526627
-15.524307
-15.521986
-15.519665
-15.517343
-15.515021
-15.512698
-15.510375
-15.508050
-15.505726
-15.503400
-15.501074
-15.498748
-15.496421
-15.494093
-15.491764
-15.489435
-15.487106
-15.484775
-15.482444
-15.480113
-15.477781
-15.475448
-15.473115
-15.470781
-15.468446
-15.466111
-15.463775
-15.461439
-15.459102
-15.456764
-15.454426
-15.452087
-15.449748
-15.447408
-15.445067
-15.442726
-15.440384
-15.438042
-15.435699
-15.433355
-15.431011
-15.428666
-15.426320
-15.423974
-15.421627
-15.419280
-15.416932
-15.414583
-15.412234
-15.409885
-15.407534
-15.405183
-15.402832
-15.400479
-15.398127
-15.395773
-15.393419
-15.391065
-15.388709
-15.386353
-15.383997
-15.381640
-15.379282
-15.376924
-15.374565
-15.372206
-15.369846
-15.367485
-15.365124
-15.362762
-15.360399
-15.358036
-15.355672
-15.353308
-15.350943
-15.348577
-15.346211
-15.343845
-15.341477
-15.339109
-15.336741
-15.334372
-15.332002
-15.329631
-15.327260
-15.324889
-15.322517
-15.320144
-15.317770
-15.315396
-15.313022
-15.310647
-15.308271
-15.305894
-15.303517
-15.301140
-15.298762
-15.296383
-15.294003
-15.291623
-15.289243
-15.286861
-15.284480
-15.282097
-15.279714
-15.277330
-15.274946
-15.272561
-15.270176
-15.267790
-15.265403
-15.263016
-15.260628
-15.258240
-15.255851
-15.253461
-15.251071
-15.248680
-15.246288
-15.243896
-15.241504
-15.239110
-15.236716
-15.234322
-15.231927
-15.229531
-15.227135
-15.224738
-15.222341
-15.219943
-15.217544
-15.215145
-15.212745
-15.210344
-15.207943
-15.205542
-15.203139
-15.200737
-15.198333
-15.195929
-15.193524
-15.191119
-15.188713
-15.186307
-15.183900
-15.181492
-15.179084
-15.176675
-15.174266
-15.171856
-15.169445
-15.167034
-15.164622
-15.162210
-15.159797
-15.157383
-15.154969
-15.152554
-15.150139
-15.147723
-15.145306
-15.142889
-15.140471
-15.138053
-15.135634
-15.133214
-15.130794
-15.128373
-15.125952
-15.123530
-15.121107
-15.118684
-15.116261
-15.113836
-15.111411
-15.108986
-15.106560
-15.104133
-15.101706
-15.099278
-15.096849
-15.094420
-15.091990
-15.089560
-15.087129
-15.084698
-15.082266
-15.079833
-15.077400
-15.074966
-15.072532
-15.070097
-15.067661
-15.065225
-15.062788
-15.060351
-15.057913
-15.055474
-15.053035
-15.050595
-15.048155
-15.045714
-15.043272
-15.040830
-15.038388
-15.035944
-15.033500
-15.031056
-15.028611
-15.026165
-15.023719
-15.021272
-15.018825
-15.016377
-15.013928
-15.011479
-15.009029
-15.006579
-15.004128
-15.001676
-14.999224
-14.996771
-14.994318
-14.991864
-14.989409
-14.986954
-14.984498
-14.982042
-14.979585
-14.977128
-14.974670
-14.972211
-14.969752
-14.967292
-14.964832
-14.962371
-14.959909
-14.957447
-14.954984
-14.952521
-14.950057
-14.947592
-14.945127
-14.942662
-14.940195
-14.937728
-14.935261
-14.932793
-14.930324
-14.927855
-14.925385
-14.922915
-14.920444
-14.917972
-14.915500
-14.913027
-14.910554
-14.908080
-14.905606
-14.903131
-14.900655
-14.898179
-14.895702
-14.893224
-14.890746
-14.888268
-14.885789
-14.883309
-14.880829
-14.878348
-14.875866
-14.873384
-14.870901
-14.868418
-14.865934
-14.863450
-14.860965
-14.858479
-14.855993
-14.853506
-14.851019
-14.848531
-14.846042
-14.843553
-14.841064
-14.838573
-14.836082
-14.833591
-14.831099
-14.828606
-14.826113
-14.823620
-14.821125
-14.818630
-14.816135
-14.813639
-14.811142
-14.808645
-14.806147
-14.803648
-14.801149
-14.798650
-14.796150
-14.793649
-14.791148
-14.788646
-14.786143
-14.783640
-14.781137
-14.778632
-14.776128
-14.773622
-14.771116
-14.768610
-14.766103
-14.763595
-14.761087
-14.758578
-14.756068
-14.753558
-14.751048
-14.748537
-14.746025
-14.743513
-14.741000
-14.738486
-14.735972
-14.733457
-14.730942
-14.728426
-14.725910
-14.723393
-14.720876
-14.718357
-14.715839
-14.713319
-14.710800
-14.708279
-14.705758
-14.703237
-14.700714
-14.698192
-14.695668
-14.693145
-14.690620
-14.688095
-14.685569
-14.683043
-14.680517
-14.677989
-14.675461
-14.672933
-14.670404
-14.667874
-14.665344
-14.662813
-14.660282
-14.657750
-14.655217
-14.652684
-14.650151
-14.647616
-14.645082
-14.642546
-14.640010
-14.637474
-14.634937
-14.632399
-14.629861
-14.627322
-14.624782
-14.622242
-14.619702
-14.617161
-14.614619
-14.612077
-14.609534
-14.606991
-14.604447
-14.601902
-14.599357
-14.596811
-14.594265
-14.591718
-14.589171
-14.586623
-14.584074
-14.581525
-14.578975
-14.576425
-14.573874
-14.571323
-14.568771
-14.566218
-14.563665
-14.561111
-14.558557
-14.556002
-14.553447
-14.550891
-14.548334
-14.545777
-14.543219
-14.540661
-14.538102
-14.535543
-14.532983
-14.530422
-14.527861
-14.525300
-14.522737
-14.520175
-14.517611
-14.515047
-14.512483
-14.509918
-14.507352
-14.504786
-14.502219
-14.499652
-14.497084
-14.494515
-14.491946
-14.489376
-14.486806
-14.484235
-14.481664
-14.479092
-14.476520
-14.473947
-14.471373
-14.468799
-14.466224
-14.463649
-14.461073
-14.458497
-14.455920
-14.453342
-14.450764
-14.448185
-14.445606
-14.443026
-14.440446
-14.437865
-14.435283
-14.432701
-14.430118
-14.427535
-14.424951
-14.422367
-14.419782
-14.417197
-14.414611
-14.412024
-14.409437
-14.406849
-14.404261
-14.401672
-14.399082
-14.396492
-14.393902
-14.391311
-14.388719
-14.386127
-14.383534
-14.380941
-14.378347
-14.375752
-14.373157
-14.370561
-14.367965
-14.365369
-14.362771
-14.360173
-14.357575
-14.354976
-14.352376
-14.349776
-14.347176
-14.344574
-14.341972
-14.339370
-14.336767
-14.334164
-14.331560
-14.328955
-14.326350
-14.323744
-14.321138
-14.318531
-14.315924
-14.313316
-14.310707
-14.308098
-14.305488
-14.302878
-14.300267
-14.297656
-14.295044
-14.292432
-14.289819
-14.287205
-14.284591
-14.281976
-14.279361
-14.276745
-14.274129
-14.271512
-14.268894
-14.266276
-14.263658
-14.261039
-14.258419
-14.255799
-14.253178
-14.250556
-14.247935
-14.245312
-14.242689
-14.240065
-14.237441
-14.234816
-14.232191
-14.229565
-14.226939
-14.224312
-14.221685
-14.219056
-14.216428
-14.213799
-14.211169
-14.208539
-14.205908
-14.203276
-14.200644
-14.198012
-14.195379
-14.192745
-14.190111
-14.187476
-14.184841
-14.182205
-14.179569
-14.176932
-14.174294
-14.171656
-14.169018
-14.166379
-14.163739
-14.161099
-14.158458
-14.155816
-14.153174
-14.150532
-14.147889
-14.145245
-14.142601
-14.139957
-14.137311
-14.134666
-14.132019
-14.129372
-14.126725
-14.124077
-14.121428
-14.118779
-14.116129
-14.113479
-14.110828
-14.108177
-14.105525
-14.102873
-14.100220
-14.097566
-14.094912
-14.092258
-14.089603
-14.086947
-14.084291
-14.081634
-14.078976
-14.076318
-14.073660
-14.071001
-14.068341
-14.065681
-14.063021
-14.060359
-14.057698
-14.055035
-14.052372
-14.049709
-14.047045
-14.044381
-14.041715
-14.039050
-14.036384
-14.033717
-14.031050
-14.028382
-14.025714
-14.023045
-14.020375
-14.017705
-14.015035
-14.012364
-14.009692
-14.007020
-14.004347
-14.001674
-13.999000
-13.996326
-13.993651
-13.990975
-13.988299
-13.985623
-13.982946
-13.980268
-13.977590
-13.974911
-13.972232
-13.969552
-13.966872
-13.964191
-13.961509
-13.958827
-13.956145
-13.953461
-13.950778
-13.948094
-13.945409
-13.942724
-13.940038
-13.937351
-13.934665
-13.931977
-13.929289
-13.926601
-13.923911
-13.921222
-13.918532
-13.915841
-13.913150
-13.910458
-13.907766
-13.905073
-13.902379
-13.899685
-13.896991
-13.894296
-13.891600
-13.888904
-13.886207
-13.883510
-13.880812
-13.878114
-13.875415
-13.872716
-13.870016
-13.867315
-13.864614
-13.861913
-13.859211
-13.856508
-13.853805
-13.851101
-13.848397
-13.845692
-13.842987
-13.840281
-13.837575
-13.834868
-13.832160
-13.829452
-13.826743
-13.824034
-13.821325
-13.818614
-13.815904
-13.813192
-13.810481
-13.807768
-13.805055
-13.802342
-13.799628
-13.796914
-13.794199
-13.791483
-13.788767
-13.786050
-13.783333
-13.780615
-13.777897
-13.775178
-13.772459
-13.769739
-13.767019
-13.764298
-13.761576
-13.758854
-13.756132
-13.753408
-13.750685
-13.747961
-13.745236
-13.742511
-13.739785
-13.737059
-13.734332
-13.731604
-13.728877
-13.726148
-13.723419
-13.720690
-13.717960
-13.715229
-13.712498
-13.709766
-13.707034
-13.704301
-13.701568
-13.698834
-13.696100
-13.693365
-13.690630
-13.687894
-13.685157
-13.682420
-13.679683
-13.676945
-13.674206
-13.671467
-13.668727
-13.665987
-13.663246
-13.660505
-13.657763
-13.655021
-13.652278
-13.649535
-13.646791
-13.644046
-13.641301
-13.638556
-13.635810
-13.633063
-13.630316
-13.627568
-13.624820
-13.622072
-13.619322
-13.616573
-13.613822
-13.611071
-13.608320
-13.605568
-13.602816
-13.600063
-13.597309
-13.594555
-13.591801
-13.589046
-13.586290
-13.583534
-13.580777
-13.578020
-13.575262
-13.572504
-13.569745
-13.566986
-13.564226
-13.561466
-13.558705
-13.555944
-13.553182
-13.550419
-13.547656
-13.544893
-13.542129
-13.539364
-13.536599
-13.533833
-13.531067
-13.528301
-13.525533
-13.522766
-13.519997
-13.517229
-13.514459
-13.511690
-13.508919
-13.506148
-13.503377
-13.500605
-13.497832
-13.495059
-13.492286
-13.489512
-13.486737
-13.483962
-13.481187
-13.478410
-13.475634
-13.472857
-13.470079
-13.467301
-13.464522
-13.461743
-13.458963
-13.456182
-13.453402
-13.450620
-13.447838
-13.445056
-13.442273
-13.439489
-13.436705
-13.433921
-13.431136
-13.428350
-13.425564
-13.422778
-13.419990
-13.417203
-13.414415
-13.411626
-13.408837
-13.406047
-13.403257
-13.400466
-13.397675
-13.394883
-13.392090
-13.389297
-13.386504
-13.383710
-13.380916
-13.378121
-13.375325
-13.372529
-13.369733
-13.366936
-13.364138
-13.361340
-13.358542
-13.355742
-13.352943
-13.350143
-13.347342
-13.344541
-13.341739
-13.338937
-13.336134
-13.333331
-13.330527
-13.327723
-13.324918
-13.322112
-13.319307
-13.316500
-13.313693
-13.310886
-13.308078
-13.305270
-13.302461
-13.299651
-13.296841
-13.294031
-13.291220
-13.288408
-13.285596
-13.282783
-13.279970
-13.277157
-13.274342
-13.271528
-13.268713
-13.265897
-13.263081
-13.260264
-13.257447
-13.254629
-13.251811
-13.248992
-13.246173
-13.243353
-13.240533
-13.237712
-13.234890
-13.232068
-13.229246
-13.226423
-13.223600
-13.220776
-13.217951
-13.215126
-13.212301
-13.209475
-13.206649
-13.203822
-13.200994
-13.198166
-13.195337
-13.192508
-13.189679
-13.186849
-13.184018
-13.181187
-13.178355
-13.175523
-13.172691
-13.169857
-13.167024
-13.164190
-13.161355
-13.158520
-13.155684
-13.152848
-13.150011
-13.147174
-13.144336
-13.141498
-13.138659
-13.135820
-13.132980
-13.130140
-13.127299
-13.124457
-13.121616
-13.118773
-13.115930
-13.113087
-13.110243
-13.107399
-13.104554
-13.101708
-13.098863
-13.096016
-13.093169
-13.090322
-13.087474
-13.084625
-13.081776
-13.078927
-13.076077
-13.073226
-13.070375
-13.067524
-13.064672
-13.061819
-13.058966
-13.056113
-13.053259
-13.050404
-13.047549
-13.044694
-13.041838
-13.038981
-13.036124
-13.033266
-13.030408
-13.027550
-13.024690
-13.021831
-13.018971
-13.016110
-13.013249
-13.010387
-13.007525
-13.004663
-13.001799
-12.998936
-12.996072
-12.993207
-12.990342
-12.987476
-12.984610
-12.981743
-12.978876
-12.976008
-12.973140
-12.970271
-12.967402
-12.964533
-12.961662
-12.958792
-12.955920
-12.953049
-12.950176
-12.947304
-12.944430
-12.941557
-12.938683
-12.935808
-12.932933
-12.930057
-12.927181
-12.924304
-12.921427
-12.918549
-12.915671
-12.912792
-12.909913
-12.907033
-12.904153
-12.901272
-12.898391
-12.895509
-12.892627
-12.889744
-12.886861
-12.883977
-12.881093
-12.878208
-12.875323
-12.872437
-12.869551
-12.866664
-12.863777
-12.860889
-12.858001
-12.855112
-12.852223
-12.849333
-12.846443
-12.843552
-12.840661
-12.837769
-12.834877
-12.831984
-12.829091
-12.826197
-12.823303
-12.820408
-12.817513
-12.814617
-12.811721
-12.808824
-12.805927
-12.803029
-12.800131
-12.797232
-12.794333
-12.791433
-12.788533
-12.785633
-12.782731
-12.779830
-12.776928
-12.774025
-12.771122
-12.768218
-12.765314
-12.762409
-12.759504
-12.756598
-12.753692
-12.750786
-12.747879
-12.744971
-12.742063
-12.739154
-12.736245
-12.733336
-12.730425
-12.727515
-12.724604
-12.721692
-12.718780
-12.715868
-12.712955
-12.710041
-12.707127
-12.704212
-12.701297
-12.698382
-12.695466
-12.692549
-12.689632
-12.686715
-12.683797
-12.680879
-12.677960
-12.675040
-12.672120
-12.669200
-12.666279
-12.663357
-12.660436
-12.657513
-12.654590
-12.651667
-12.648743
-12.645819
-12.642894
-12.639968
-12.637043
-12.634116
-12.631190
-12.628262
-12.625334
-12.622406
-12.619477
-12.616548
-12.613618
-12.610688
-12.607757
-12.604826
-12.601895
-12.598962
-12.596030
-12.593097
-12.590163
-12.587229
-12.584294
-12.581359
-12.578423
-12.575487
-12.572551
-12.569614
-12.566676
-12.563738
-12.560800
-12.557861
-12.554921
-12.551981
-12.549041
-12.546100
-12.543158
-12.540216
-12.537274
-12.534331
-12.531388
-12.528444
-12.525499
-12.522555
-12.519609
-12.516663
-12.513717
-12.510770
-12.507823
-12.504875
-12.501927
-12.498978
-12.496029
-12.493080
-12.490129
-12.487179
-12.484228
-12.481276
-12.478324
-12.475371
-12.472418
-12.469465
-12.466511
-12.463556
-12.460601
-12.457646
-12.454690
-12.451733
-12.448776
-12.445819
-12.442861
-12.439903
-12.436944
-12.433984
-12.431025
-12.428064
-12.425103
-12.422142
-12.419180
-12.416218
-12.413256
-12.410292
-12.407329
-12.404364
-12.401400
-12.398435
-12.395469
-12.392503
-12.389537
-12.386570
-12.383602
-12.380634
-12.377666
-12.374697
-12.371727
-12.368757
-12.365787
-12.362816
-12.359845
-12.356873
-12.353901
-12.350928
-12.347955
-12.344981
-12.342007
-12.339032
-12.336057
-12.333081
-12.330105
-12.327128
-12.324151
-12.321174
-12.318196
-12.315217
-12.312238
-12.309259
-12.306279
-12.303298
-12.300318
-12.297336
-12.294354
-12.291372
-12.288389
-12.285406
-12.282422
-12.279438
-12.276453
-12.273468
-12.270482
-12.267496
-12.264510
-12.261523
-12.258535
-12.255547
-12.252559
-12.249570
-12.246580
-12.243590
-12.240600
-12.237609
-12.234618
-12.231626
-12.228634
-12.225641
-12.222648
-12.219654
-12.216660
-12.213665
-12.210670
-12.207674
-12.204678
-12.201682
-12.198685
-12.195687
-12.192689
-12.189691
-12.186692
-12.183693
-12.180693
-12.177693
-12.174692
-12.171691
-12.168689
-12.165687
-12.162684
-12.159681
-12.156677
-12.153673
-12.150669
-12.147664
-12.144658
-12.141652
-12.138646
-12.135639
-12.132632
-12.129624
-12.126615
-12.123607
-12.120597
-12.117588
-12.114578
-12.111567
-12.108556
-12.105544
-12.102532
-12.099520
-12.096507
-12.093493
-12.090479
-12.087465
-12.084450
-12.081435
-12.078419
-12.075403
-12.072386
-12.069369
-12.066351
-12.063333
-12.060314
-12.057295
-12.054276
-12.051256
-12.048235
-12.045214
-12.042193
-12.039171
-12.036149
-12.033126
-12.030103
-12.027079
-12.024055
-12.021030
-12.018005
-12.014980
-12.011954
-12.008927
-12.005900
-12.002873
-11.999845
-11.996817
-11.993788
-11.990758
-11.987729
-11.984698
-11.981668
-11.978637
-11.975605
-11.972573
-11.969540
-11.966507
-11.963474
-11.960440
-11.957406
-11.954371
-11.951336
-11.948300
-11.945264
-11.942227
-11.939190
-11.936152
-11.933114
-11.930076
-11.927037
-11.923997
-11.920957
-11.917917
-11.914876
-11.911835
-11.908793
-11.905751
-11.902708
-11.899665
-11.896621
-11.893577
-11.890533
-11.887488
-11.884442
-11.881397
-11.878350
-11.875303
-11.872256
-11.869208
-11.866160
-11.863112
-11.860062
-11.857013
-11.853963
-11.850912
-11.847861
-11.844810
-11.841758
-11.838706
-11.835653
-11.832600
-11.829546
-11.826492
-11.823438
-11.820383
-11.817327
-11.814271
-11.811215
-11.808158
-11.805100
-11.802043
-11.798984
-11.795926
-11.792867
-11.789807
-11.786747
-11.783686
-11.780625
-11.777564
-11.774502
-11.771440
-11.768377
-11.765314
-11.762250
-11.759186
-11.756121
-11.753056
-11.749991
-11.746925
-11.743858
-11.740791
-11.737724
-11.734656
-11.731588
-11.728519
-11.725450
-11.722381
-11.719311
-11.716240
-11.713169
-11.710098
-11.707026
-11.703954
-11.700881
-11.697808
-11.694734
-11.691660
-11.688585
-11.685510
-11.682435
-11.679359
-11.676282
-11.673206
-11.670128
-11.667051
-11.663972
-11.660894
-11.657815
-11.654735
-11.651655
-11.648575
-11.645494
-11.642413
-11.639331
-11.636249
-11.633166
-11.630083
-11.626999
-11.623915
-11.620831
-11.617746
-11.614660
-11.611575
-11.608488
-11.605402
-11.602314
-11.599227
-11.596139
-11.593050
-11.589961
-11.586872
-11.583782
-11.580692
-11.577601
-11.574510
-11.571418
-11.568326
-11.565234
-11.562141
-11.559047
-11.555953
-11.552859
-11.549764
-11.546669
-11.543574
-11.540477
-11.537381
-11.534284
-11.531187
-11.528089
-11.524990
-11.521892
-11.518792
-11.515693
-11.512593
-11.509492
-11.506391
-11.503290
-11.500188
-11.497086
-11.493983
-11.490880
-11.487776
-11.484672
-11.481567
-11.478462
-11.475357
-11.472251
-11.469145
-11.466038
-11.462931
-11.459823
-11.456715
-11.453607
-11.450498
-11.447388
-11.444278
-11.441168
-11.438057
-11.434946
-11.431835
-11.428723
-11.425610
-11.422497
-11.419384
-11.416270
-11.413156
-11.410041
-11.406926
-11.403810
-11.400694
-11.397578
-11.394461
-11.391344
-11.388226
-11.385108
-11.381989
-11.378870
-11.375751
-11.372631
-11.369510
-11.366389
-11.363268
-11.360146
-11.357024
-11.353902
-11.350779
-11.347655
-11.344531
-11.341407
-11.338282
-11.335157
-11.332031
-11.328905
-11.325779
-11.322652
-11.319524
-11.316397
-11.313268
-11.310140
-11.307010
-11.303881
-11.300751
-11.297620
-11.294490
-11.291358
-11.288226
-11.285094
-11.281962
-11.278829
-11.275695
-11.272561
-11.269427
-11.266292
-11.263157
-11.260021
-11.256885
-11.253748
-11.250611
-11.247474
-11.244336
-11.241198
-11.238059
-11.234920
-11.231781
-11.228641
-11.225500
-11.222359
-11.219218
-11.216076
-11.212934
-11.209791
-11.206648
-11.203505
-11.200361
-11.197217
-11.194072
-11.190927
-11.187781
-11.184635
-11.181489
-11.178342
-11.175194
-11.172047
-11.168898
-11.165750
-11.162601
-11.159451
-11.156301
-11.153151
-11.150000
-11.146849
-11.143697
-11.140545
-11.137393
-11.134240
-11.131087
-11.127933
-11.124779
-11.121624
-11.118469
-11.115313
-11.112157
-11.109001
-11.105844
-11.102687
-11.099529
-11.096371
-11.093213
-11.090054
-11.086895
-11.083735
-11.080575
-11.077414
-11.074253
-11.071091
-11.067929
-11.064767
-11.061604
-11.058441
-11.055278
-11.052113
-11.048949
-11.045784
-11.042619
-11.039453
-11.036287
-11.033120
-11.029953
-11.026786
-11.023618
-11.020450
-11.017281
-11.014112
-11.010942
-11.007772
-11.004602
-11.001431
-10.998260
-10.995088
-10.991916
-10.988743
-10.985570
-10.982397
-10.979223
-10.976049
-10.972874
-10.969699
-10.966524
-10.963348
-10.960172
-10.956995
-10.953818
-10.950640
-10.947462
-10.944284
-10.941105
-10.937925
-10.934746
-10.931566
-10.928385
-10.925204
-10.922023
-10.918841
-10.915659
-10.912476
-10.909293
-10.906109
-10.902925
-10.899741
-10.896556
-10.893371
-10.890186
-10.887000
-10.883813
-10.880626
-10.877439
-10.874251
-10.871063
-10.867875
-10.864686
-10.861496
-10.858307
-10.855116
-10.851926
-10.848735
-10.845543
-10.842351
-10.839159
-10.835966
-10.832773
-10.829580
-10.826386
-10.823191
-10.819997
-10.816801
-10.813606
-10.810410
-10.807213
-10.804016
-10.800819
-10.797621
-10.794423
-10.791225
-10.788026
-10.784827
-10.781627
-10.778427
-10.775226
-10.772025
-10.768823
-10.765622
-10.762419
-10.759217
-10.756014
-10.752810
-10.749606
-10.746402
-10.743197
-10.739992
-10.736786
-10.733580
-10.730374
-10.727167
-10.723960
-10.720752
-10.717544
-10.714336
-10.711127
-10.707918
-10.704708
-10.701498
-10.698287
-10.695076
-10.691865
-10.688653
-10.685441
-10.682228
-10.679015
-10.675802
-10.672588
-10.669374
-10.666159
-10.662944
-10.659729
-10.656513
-10.653297
-10.650080
-10.646863
-10.643645
-10.640428
-10.637209
-10.633990
-10.630771
-10.627552
-10.624332
-10.621111
-10.617891
-10.614669
-10.611448
-10.608226
-10.605003
-10.601781
-10.598557
-10.595334
-10.592110
-10.588885
-10.585660
-10.582435
-10.579210
-10.575983
-10.572757
-10.569530
-10.566303
-10.563075
-10.559847
-10.556618
-10.553389
-10.550160
-10.546930
-10.543700
-10.540470
-10.537239
-10.534007
-10.530776
-10.527544
-10.524311
-10.521078
-10.517845
-10.514611
-10.511377
-10.508142
-10.504907
-10.501672
-10.498436
-10.495200
-10.491963
-10.488726
-10.485489
-10.482251
-10.479013
-10.475774
-10.472535
-10.469295
-10.466056
-10.462815
-10.459575
-10.456334
-10.453092
-10.449850
-10.446608
-10.443365
-10.440122
-10.436879
-10.433635
-10.430391
-10.427146
-10.423901
-10.420656
-10.417410
-10.414164
-10.410917
-10.407670
-10.404422
-10.401175
-10.397926
-10.394678
-10.391429
-10.388179
-10.384929
-10.381679
-10.378428
-10.375177
-10.371926
-10.368674
-10.365422
-10.362169
-10.358916
-10.355663
-10.352409
-10.349154
-10.345900
-10.342645
-10.339389
-10.336134
-10.332877
-10.329621
-10.326364
-10.323106
-10.319848
-10.316590
-10.313332
-10.310073
-10.306813
-10.303553
-10.300293
-10.297033
-10.293772
-10.290510
-10.287248
-10.283986
-10.280724
-10.277461
-10.274197
-10.270934
-10.267669
-10.264405
-10.261140
-10.257875
-10.254609
-10.251343
-10.248076
-10.244809
-10.241542
-10.238274
-10.235006
-10.231738
-10.228469
-10.225200
-10.221930
-10.218660
-10.215390
-10.212119
-10.208847
-10.205576
-10.202304
-10.199031
-10.195759
-10.192485
-10.189212
-10.185938
-10.182663
-10.179389
-10.176114
-10.172838
-10.169562
-10.166286
-10.163009
-10.159732
-10.156454
-10.153177
-10.149898
-10.146620
-10.143341
-10.140061
-10.136781
-10.133501
-10.130221
-10.126940
-10.123658
-10.120376
-10.117094
-10.113812
-10.110529
-10.107245
-10.103962
-10.100678
-10.097393
-10.094108
-10.090823
-10.087537
-10.084251
-10.080965
-10.077678
-10.074391
-10.071103
-10.067815
-10.064527
-10.061238
-10.057949
-10.054659
-10.051369
-10.048079
-10.044788
-10.041497
-10.038206
-10.034914
-10.031622
-10.028329
-10.025036
-10.021743
-10.018449
-10.015155
-10.011860
-10.008565
-10.005270
-10.001974
-9.998678
-9.995382
-9.992085
-9.988788
-9.985490
-9.982192
-9.978894
-9.975595
-9.972296
-9.968996
-9.965697
-9.962396
-9.959096
-9.955795
-9.952493
-9.949191
-9.945889
-9.942587
-9.939284
-9.935980
-9.932676
-9.929372
-9.926068
-9.922763
-9.919458
-9.916152
-9.912846
-9.909540
-9.906233
-9.902926
-9.899618
-9.896310
-9.893002
-9.889693
-9.886384
-9.883075
-9.879765
-9.876455
-9.873144
-9.869833
-9.866522
-9.863210
-9.859898
-9.856586
-9.853273
-9.849960
-9.846646
-9.843332
-9.840018
-9.836703
-9.833388
-9.830072
-9.826757
-9.823440
-9.820124
-9.816807
-9.813489
-9.810172
-9.806853
-9.803535
-9.800216
-9.796897
-9.793577
-9.790257
-9.786937
-9.783616
-9.780295
-9.776973
-9.773651
-9.770329
-9.767007
-9.763684
-9.760360
-9.757036
-9.753712
-9.750388
-9.747063
-9.743738
-9.740412
-9.737086
-9.733760
-9.730433
-9.727106
-9.723778
-9.720450
-9.717122
-9.713793
-9.710464
-9.707135
-9.703805
-9.700475
-9.697145
-9.693814
-9.690483
-9.687151
-9.683819
-9.680487
-9.677154
-9.673821
-9.670488
-9.667154
-9.663820
-9.660485
-9.657150
-9.653815
-9.650479
-9.647143
-9.643807
-9.640470
-9.637133
-9.633795
-9.630457
-9.627119
-9.623780
-9.620441
-9.617102
-9.613762
-9.610422
-9.607082
-9.603741
-9.600400
-9.597058
-9.593716
-9.590374
-9.587031
-9.583688
-9.580344
-9.577001
-9.573657
-9.570312
-9.566967
-9.563622
-9.560276
-9.556930
-9.553584
-9.550237
-9.546890
-9.543543
-9.540195
-9.536847
-9.533498
-9.530149
-9.526800
-9.523450
-9.520100
-9.516750
-9.513399
-9.510048
-9.506696
-9.503344
-9.499992
-9.496640
-9.493287
-9.489933
-9.486580
-9.483226
-9.479871
-9.476517
-9.473161
-9.469806
-9.466450
-9.463094
-9.459737
-9.456380
-9.453023
-9.449665
-9.446307
-9.442949
-9.439590
-9.436231
-9.432872
-9.429512
-9.426152
-9.422791
-9.419430
-9.416069
-9.412707
-9.409345
-9.405983
-9.402620
-9.399257
-9.395894
-9.392530
-9.389166
-9.385801
-9.382436
-9.379071
-9.375705
-9.372340
-9.368973
-9.365606
-9.362239
-9.358872
-9.355504
-9.352136
-9.348768
-9.345399
-9.342030
-9.338660
-9.335290
-9.331920
-9.328549
-9.325178
-9.321807
-9.318435
-9.315063
-9.311691
-9.308318
-9.304945
-9.301571
-9.298198
-9.294823
-9.291449
-9.288074
-9.284699
-9.281323
-9.277947
-9.274571
-9.271194
-9.267817
-9.264440
-9.261062
-9.257684
-9.254305
-9.250927
-9.247547
-9.244168
-9.240788
-9.237408
-9.234027
-9.230646
-9.227265
-9.223883
-9.220501
-9.217119
-9.213736
-9.210353
-9.206970
-9.203586
-9.200202
-9.196817
-9.193432
-9.190047
-9.186662
-9.183276
-9.179890
-9.176503
-9.173116
-9.169729
-9.166341
-9.162953
-9.159565
-9.156176
-9.152787
-9.149398
-9.146008
-9.142618
-9.139227
-9.135837
-9.132445
-9.129054
-9.125662
-9.122270
-9.118877
-9.115484
-9.112091
-9.108698
-9.105304
-9.101909
-9.098515
-9.095120
-9.091724
-9.088329
-9.084933
-9.081536
-9.078140
-9.074742
-9.071345
-9.067947
-9.064549
-9.061151
-9.057752
-9.054353
-9.050953
-9.047553
-9.044153
-9.040753
-9.037352
-9.033950
-9.030549
-9.027147
-9.023745
-9.020342
-9.016939
-9.013536
-9.010132
-9.006728
-9.003324
-8.999919
-8.996514
-8.993108
-8.989703
-8.986297
-8.982890
-8.979483
-8.976076
-8.972669
-8.969261
-8.965853
-8.962444
-8.959036
-8.955626
-8.952217
-8.948807
-8.945397
-8.941986
-8.938575
-8.935164
-8.931753
-8.928341
-8.924928
-8.921516
-8.918103
-8.914690
-8.911276
-8.907862
-8.904448
-8.901033
-8.897618
-8.894203
-8.890787
-8.887371
-8.883955
-8.880538
-8.877121
-8.873704
-8.870286
-8.866868
-8.863450
-8.860031
-8.856612
-8.853192
-8.849773
-8.846352
-8.842932
-8.839511
-8.836090
-8.832669
-8.829247
-8.825825
-8.822402
-8.818980
-8.815556
-8.812133
-8.808709
-8.805285
-8.801861
-8.798436
-8.795011
-8.791585
-8.788159
-8.784733
-8.781307
-8.777880
-8.774453
-8.771025
-8.767597
-8.764169
-8.760741
-8.757312
-8.753883
-8.750453
-8.747023
-8.743593
-8.740162
-8.736732
-8.733300
-8.729869
-8.726437
-8.723005
-8.719572
-8.716139
-8.712706
-8.709273
-8.705839
-8.702405
-8.698970
-8.695535
-8.692100
-8.688664
-8.685229
-8.681792
-8.678356
-8.674919
-8.671482
-8.668044
-8.664606
-8.661168
-8.657730
-8.654291
-8.650852
-8.647412
-8.643972
-8.640532
-8.637092
-8.633651
-8.630210
-8.626768
-8.623326
-8.619884
-8.616442
-8.612999
-8.609556
-8.606112
-8.602668
-8.599224
-8.595780
-8.592335
-8.588890
-8.585444
-8.581999
-8.578552
-8.575106
-8.571659
-8.568212
-8.564765
-8.561317
-8.557869
-8.554420
-8.550972
-8.547523
-8.544073
-8.540624
-8.537173
-8.533723
-8.530272
-8.526821
-8.523370
-8.519918
-8.516466
-8.513014
-8.509561
-8.506108
-8.502655
-8.499201
-8.495747
-8.492293
-8.488839
-8.485384
-8.481928
-8.478473
-8.475017
-8.471561
-8.468104
-8.464647
-8.461190
-8.457733
-8.454275
-8.450816
-8.447358
-8.443899
-8.440440
-8.436981
-8.433521
-8.430061
-8.426600
-8.423139
-8.419678
-8.416217
-8.412755
-8.409293
-8.405831
-8.402368
-8.398905
-8.395442
-8.391978
-8.388514
-8.385050
-8.381585
-8.378120
-8.374655
-8.371189
-8.367724
-8.364257
-8.360791
-8.357324
-8.353857
-8.350389
-8.346921
-8.343453
-8.339985
-8.336516
-8.333047
-8.329578
-8.326108
-8.322638
-8.319167
-8.315697
-8.312226
-8.308754
-8.305283
-8.301811
-8.298338
-8.294866
-8.291393
-8.287920
-8.284446
-8.280972
-8.277498
-8.274024
-8.270549
-8.267074
-8.263598
-8.260122
-8.256646
-8.253170
-8.249693
-8.246216
-8.242739
-8.239261
-8.235783
-8.232305
-8.228826
-8.225347
-8.221868
-8.218389
-8.214909
-8.211429
-8.207948
-8.204467
-8.200986
-8.197505
-8.194023
-8.190541
-8.187059
-8.183576
-8.180093
-8.176610
-8.173126
-8.169642
-8.166158
-8.162673
-8.159188
-8.155703
-8.152218
-8.148732
-8.145246
-8.141759
-8.138273
-8.134785
-8.131298
-8.127810
-8.124322
-8.120834
-8.117346
-8.113857
-8.110367
-8.106878
-8.103388
-8.099898
-8.096407
-8.092917
-8.089425
-8.085934
-8.082442
-8.078950
-8.075458
-8.071965
-8.068472
-8.064979
-8.061486
-8.057992
-8.054498
-8.051003
-8.047508
-8.044013
-8.040518
-8.037022
-8.033526
-8.030030
-8.026533
-8.023036
-8.019539
-8.016041
-8.012543
-8.009045
-8.005547
-8.002048
-7.998549
-7.995049
-7.991550
-7.988050
-7.984549
-7.981049
-7.977548
-7.974047
-7.970545
-7.967043
-7.963541
-7.960039
-7.956536
-7.953033
-7.949529
-7.946026
-7.942522
-7.939018
-7.935513
-7.932008
-7.928503
-7.924997
-7.921492
-7.917986
-7.914479
-7.910972
-7.907465
-7.903958
-7.900451
-7.896943
-7.893434
-7.889926
-7.886417
-7.882908
-7.879399
-7.875889
-7.872379
-7.868868
-7.865358
-7.861847
-7.858336
-7.854824
-7.851312
-7.847800
-7.844288
-7.840775
-7.837262
-7.833749
-7.830235
-7.826721
-7.823207
-7.819692
-7.816178
-7.812662
-7.809147
-7.805631
-7.802115
-7.798599
-7.795082
-7.791565
-7.788048
-7.784531
-7.781013
-7.777495
-7.773976
-7.770458
-7.766939
-7.763419
-7.759900
-7.756380
-7.752860
-7.749339
-7.745819
-7.742297
-7.738776
-7.735254
-7.731733
-7.728210
-7.724688
-7.721165
-7.717642
-7.714118
-7.710595
-7.707071
-7.703546
-7.700022
-7.696497
-7.692972
-7.689446
-7.685920
-7.682394
-7.678868
-7.675341
-7.671814
-7.668287
-7.664759
-7.661231
-7.657703
-7.654175
-7.650646
-7.647117
-7.643588
-7.640058
-7.636528
-7.632998
-7.629468
-7.625937
-7.622406
-7.618875
-7.615343
-7.611811
-7.608279
-7.604746
-7.601213
-7.597680
-7.594147
-7.590613
-7.587079
-7.583545
-7.580011
-7.576476
-7.572941
-7.569405
-7.565869
-7.562333
-7.558797
-7.555261
-7.551724
-7.548187
-7.544649
-7.541111
-7.537573
-7.534035
-7.530497
-7.526958
-7.523418
-7.519879
-7.516339
-7.512799
-7.509259
-7.505718
-7.502177
-7.498636
-7.495095
-7.491553
-7.488011
-7.484469
-7.480926
-7.477383
-7.473840
-7.470297
-7.466753
-7.463209
-7.459664
-7.456120
-7.452575
-7.449030
-7.445484
-7.441939
-7.438393
-7.434846
-7.431300
-7.427753
-7.424206
-7.420658
-7.417110
-7.413562
-7.410014
-7.406466
-7.402917
-7.399368
-7.395818
-7.392268
-7.388718
-7.385168
-7.381618
-7.378067
-7.374516
-7.370964
-7.367412
-7.363860
-7.360308
-7.356756
-7.353203
-7.349650
-7.346096
-7.342543
-7.338989
-7.335435
-7.331880
-7.328325
-7.324770
-7.321215
-7.317659
-7.314103
-7.310547
-7.306991
-7.303434
-7.299877
-7.296320
-7.292762
-7.289204
-7.285646
-7.282088
-7.278529
-7.274970
-7.271411
-7.267851
-7.264292
-7.260731
-7.257171
-7.253611
-7.250050
-7.246488
-7.242927
-7.239365
-7.235803
-7.232241
-7.228678
-7.225116
-7.221552
-7.217989
-7.214425
-7.210861
-7.207297
-7.203733
-7.200168
-7.196603
-7.193038
-7.189472
-7.185906
-7.182340
-7.178773
-7.175207
-7.171640
-7.168073
-7.164505
-7.160937
-7.157369
-7.153801
-7.150232
-7.146663
-7.143094
-7.139525
-7.135955
-7.132385
-7.128815
-7.125244
-7.121673
-7.118102
-7.114531
-7.110959
-7.107388
-7.103815
-7.100243
-7.096670
-7.093097
-7.089524
-7.085951
-7.082377
-7.078803
-7.075228
-7.071654
-7.068079
-7.064504
-7.060928
-7.057353
-7.053777
-7.050201
-7.046624
-7.043047
-7.039470
-7.035893
-7.032316
-7.028738
-7.025160
-7.021581
-7.018003
-7.014424
-7.010845
-7.007265
-7.003685
-7.000105
-6.996525
-6.992945
-6.989364
-6.985783
-6.982202
-6.978620
-6.975038
-6.971456
-6.967874
-6.964291
-6.960708
-6.957125
-6.953542
-6.949958
-6.946374
-6.942790
-6.939205
-6.935620
-6.932035
-6.928450
-6.924865
-6.921279
-6.917693
-6.914106
-6.910520
-6.906933
-6.903346
-6.899758
-6.896171
-6.892583
-6.888994
-6.885406
-6.881817
-6.878228
-6.874639
-6.871050
-6.867460
-6.863870
-6.860279
-6.856689
-6.853098
-6.849507
-6.845916
-6.842324
-6.838732
-6.835140
-6.831548
-6.827955
-6.824362
-6.820769
-6.817176
-6.813582
-6.809988
-6.806394
-6.802799
-6.799204
-6.795609
-6.792014
-6.788419
-6.784823
-6.781227
-6.777631
-6.774034
-6.770437
-6.766840
-6.763243
-6.759645
-6.756047
-6.752449
-6.748851
-6.745252
-6.741654
-6.738054
-6.734455
-6.730855
-6.727255
-6.723655
-6.720055
-6.716454
-6.712853
-6.709252
-6.705651
-6.702049
-6.698447
-6.694845
-6.691242
-6.687640
-6.684037
-6.680433
-6.676830
-6.673226
-6.669622
-6.666018
-6.662413
-6.658809
-6.655204
-6.651598
-6.647993
-6.644387
-6.640781
-6.637175
-6.633568
-6.629961
-6.626354
-6.622747
-6.619140
-6.615532
-6.611924
-6.608315
-6.604707
-6.601098
-6.597489
-6.593880
-6.590270
-6.586660
-6.583050
-6.579440
-6.575829
-6.572219
-6.568607
-6.564996
-6.561385
-6.557773
-6.554161
-6.550548
-6.546936
-6.543323
-6.539710
-6.536096
-6.532483
-6.528869
-6.525255
-6.521641
-6.518026
-6.514411
-6.510796
-6.507181
-6.503565
-6.499950
-6.496333
-6.492717
-6.489101
-6.485484
-6.481867
-6.478249
-6.474632
-6.471014
-6.467396
-6.463778
-6.460159
-6.456540
-6.452921
-6.449302
-6.445683
-6.442063
-6.438443
-6.434822
-6.431202
-6.427581
-6.423960
-6.420339
-6.416717
-6.413096
-6.409474
-6.405852
-6.402229
-6.398606
-6.394983
-6.391360
-6.387737
-6.384113
-6.380489
-6.376865
-6.373241
-6.369616
-6.365991
-6.362366
-6.358740
-6.355115
-6.351489
-6.347863
-6.344236
-6.340610
-6.336983
-6.333356
-6.329729
-6.326101
-6.322473
-6.318845
-6.315217
-6.311588
-6.307959
-6.304330
-6.300701
-6.297072
-6.293442
-6.289812
-6.286182
-6.282551
-6.278921
-6.275290
-6.271658
-6.268027
-6.264395
-6.260763
-6.257131
-6.253499
-6.249866
-6.246233
-6.242600
-6.238967
-6.235333
-6.231700
-6.228066
-6.224431
-6.220797
-6.217162
-6.213527
-6.209892
-6.206256
-6.202621
-6.198985
-6.195348
-6.191712
-6.188075
-6.184438
-6.180801
-6.177164
-6.173526
-6.169888
-6.166250
-6.162612
-6.158974
-6.155335
-6.151696
-6.148057
-6.144417
-6.140777
-6.137137
-6.133497
-6.129857
-6.126216
-6.122575
-6.118934
-6.115293
-6.111651
-6.108009
-6.104367
-6.100725
-6.097082
-6.093440
-6.089797
-6.086153
-6.082510
-6.078866
-6.075222
-6.071578
-6.067934
-6.064289
-6.060644
-6.056999
-6.053354
-6.049709
-6.046063
-6.042417
-6.038771
-6.035124
-6.031477
-6.027830
-6.024183
-6.020536
-6.016888
-6.013240
-6.009592
-6.005944
-6.002296
-5.998647
-5.994998
-5.991349
-5.987699
-5.984049
-5.980400
-5.976749
-5.973099
-5.969449
-5.965798
-5.962147
-5.958495
-5.954844
-5.951192
-5.947540
-5.943888
-5.940236
-5.936583
-5.932930
-5.929277
-5.925624
-5.921970
-5.918316
-5.914662
-5.911008
-5.907354
-5.903699
-5.900044
-5.896389
-5.892734
-5.889078
-5.885422
-5.881766
-5.878110
-5.874454
-5.870797
-5.867140
-5.863483
-5.859826
-5.856168
-5.852510
-5.848852
-5.845194
-5.841535
-5.837877
-5.834218
-5.830559
-5.826899
-5.823240
-5.819580
-5.815920
-5.812259
-5.808599
-5.804938
-5.801277
-5.797616
-5.793955
-5.790293
-5.786631
-5.782969
-5.779307
-5.775645
-5.771982
-5.768319
-5.764656
-5.760993
-5.757329
-5.753665
-5.750001
-5.746337
-5.742673
-5.739008
-5.735343
-5.731678
-5.728012
-5.724347
-5.720681
-5.717015
-5.713349
-5.709683
-5.706016
-5.702349
-5.698682
-5.695015
-5.691347
-5.687679
-5.684012
-5.680343
-5.676675
-5.673006
-5.669338
-5.665669
-5.661999
-5.658330
-5.654660
-5.650990
-5.647320
-5.643650
-5.639979
-5.636309
-5.632638
-5.628966
-5.625295
-5.621623
-5.617952
-5.614279
-5.610607
-5.606935
-5.603262
-5.599589
-5.595916
-5.592243
-5.588569
-5.584895
-5.581221
-5.577547
-5.573873
-5.570198
-5.566523
-5.562848
-5.559173
-5.555498
-5.551822
-5.548146
-5.544470
-5.540794
-5.537117
-5.533441
-5.529764
-5.526086
-5.522409
-5.518732
-5.515054
-5.511376
-5.507698
-5.504019
-5.500340
-5.496662
-5.492983
-5.489303
-5.485624
-5.481944
-5.478264
-5.474584
-5.470904
-5.467223
-5.463543
-5.459862
-5.456181
-5.452499
-5.448818
-5.445136
-5.441454
-5.437772
-5.434089
-5.430407
-5.426724
-5.423041
-5.419358
-5.415674
-5.411991
-5.408307
-5.404623
-5.400939
-5.397254
-5.393570
-5.389885
-5.386200
-5.382514
-5.378829
-5.375143
-5.371457
-5.367771
-5.364085
-5.360398
-5.356712
-5.353025
-5.349338
-5.345650
-5.341963
-5.338275
-5.334587
-5.330899
-5.327211
-5.323522
-5.319833
-5.316144
-5.312455
-5.308766
-5.305076
-5.301387
-5.297697
-5.294006
-5.290316
-5.286626
-5.282935
-5.279244
-5.275553
-5.271861
-5.268170
-5.264478
-5.260786
-5.257094
-5.253401
-5.249709
-5.246016
-5.242323
-5.238630
-5.234936
-5.231243
-5.227549
-5.223855
-5.220161
-5.216467
-5.212772
-5.209077
-5.205382
-5.201687
-5.197992
-5.194296
-5.190600
-5.186904
-5.183208
-5.179512
-5.175815
-5.172118
-5.168421
-5.164724
-5.161027
-5.157329
-5.153632
-5.149934
-5.146236
-5.142537
-5.138839
-5.135140
-5.131441
-5.127742
-5.124043
-5.120343
-5.116643
-5.112943
-5.109243
-5.105543
-5.101843
-5.098142
-5.094441
-5.090740
-5.087039
-5.083337
-5.079636
-5.075934
-5.072232
-5.068529
-5.064827
-5.061124
-5.057422
-5.053719
-5.050015
-5.046312
-5.042608
-5.038905
-5.035201
-5.031496
-5.027792
-5.024087
-5.020383
-5.016678
-5.012973
-5.009267
-5.005562
-5.001856
-4.998150
-4.994444
-4.990738
-4.987031
-4.983325
-4.979618
-4.975911
-4.972204
-4.968496
-4.964789
-4.961081
-4.957373
-4.953665
-4.949956
-4.946248
-4.942539
-4.938830
-4.935121
-4.931412
-4.927702
-4.923993
-4.920283
-4.916573
-4.912862
-4.909152
-4.905441
-4.901730
-4.898019
-4.894308
-4.890597
-4.886885
-4.883174
-4.879462
-4.875750
-4.872037
-4.868325
-4.864612
-4.860899
-4.857186
-4.853473
-4.849760
-4.846046
-4.842332
-4.838618
-4.834904
-4.831190
-4.827475
-4.823760
-4.820046
-4.816331
-4.812615
-4.808900
-4.805184
-4.801468
-4.797752
-4.794036
-4.790320
-4.786603
-4.782887
-4.779170
-4.775453
-4.771735
-4.768018
-4.764300
-4.760582
-4.756864
-4.753146
-4.749428
-4.745709
-4.741991
-4.738272
-4.734553
-4.730833
-4.727114
-4.723394
-4.719674
-4.715954
-4.712234
-4.708514
-4.704793
-4.701073
-4.697352
-4.693631
-4.689909
-4.686188
-4.682466
-4.678745
-4.675023
-4.671300
-4.667578
-4.663856
-4.660133
-4.656410
-4.652687
-4.648964
-4.645240
-4.641517
-4.637793
-4.634069
-4.630345
-4.626621
-4.622896
-4.619172
-4.615447
-4.611722
-4.607997
-4.604271
-4.600546
-4.596820
-4.593094
-4.589368
-4.585642
-4.581916
-4.578189
-4.574462
-4.570736
-4.567008
-4.563281
-4.559554
-4.555826
-4.552098
-4.548370
-4.544642
-4.540914
-4.537185
-4.533457
-4.529728
-4.525999
-4.522270
-4.518540
-4.514811
-4.511081
-4.507351
-4.503621
-4.499891
-4.496161
-4.492430
-4.488700
-4.484969
-4.481238
-4.477506
-4.473775
-4.470043
-4.466312
-4.462580
-4.458848
-4.455115
-4.451383
-4.447650
-4.443918
-4.440185
-4.436451
-4.432718
-4.428985
-4.425251
-4.421517
-4.417783
-4.414049
-4.410315
-4.406581
-4.402846
-4.399111
-4.395376
-4.391641
-4.387906
-4.384170
-4.380435
-4.376699
-4.372963
-4.369227
-4.365490
-4.361754
-4.358017
-4.354280
-4.350544
-4.346806
-4.343069
-4.339332
-4.335594
-4.331856
-4.328118
-4.324380
-4.320642
-4.316903
-4.313165
-4.309426
-4.305687
-4.301948
-4.298209
-4.294469
-4.290729
-4.286990
-4.283250
-4.279510
-4.275769
-4.272029
-4.268288
-4.264548
-4.260807
-4.257066
-4.253324
-4.249583
-4.245841
-4.242100
-4.238358
-4.234616
-4.230873
-4.227131
-4.223389
-4.219646
-4.215903
-4.212160
-4.208417
-4.204673
-4.200930
-4.197186
-4.193442
-4.189698
-4.185954
-4.182210
-4.178466
-4.174721
-4.170976
-4.167231
-4.163486
-4.159741
-4.155995
-4.152250
-4.148504
-4.144758
-4.141012
-4.137266
-4.133519
-4.129773
-4.126026
-4.122279
-4.118532
-4.114785
-4.111038
-4.107290
-4.103543
-4.099795
-4.096047
-4.092299
-4.088551
-4.084802
-4.081054
-4.077305
-4.073556
-4.069807
-4.066058
-4.062309
-4.058559
-4.054809
-4.051060
-4.047310
-4.043559
-4.039809
-4.036059
-4.032308
-4.028557
-4.024806
-4.021055
-4.017304
-4.013553
-4.009801
-4.006050
-4.002298
-3.998546
-3.994794
-3.991042
-3.987289
-3.983537
-3.979784
-3.976031
-3.972278
-3.968525
-3.964771
-3.961018
-3.957264
-3.953510
-3.949756
-3.946002
-3.942248
-3.938494
-3.934739
-3.930984
-3.927230
-3.923475
-3.919719
-3.915964
-3.912209
-3.908453
-3.904697
-3.900941
-3.897185
-3.893429
-3.889673
-3.885916
-3.882160
-3.878403
-3.874646
-3.870889
-3.867132
-3.863374
-3.859617
-3.855859
-3.852101
-3.848343
-3.844585
-3.840827
-3.837068
-3.833310
-3.829551
-3.825792
-3.822033
-3.818274
-3.814515
-3.810755
-3.806996
-3.803236
-3.799476
-3.795716
-3.791956
-3.788196
-3.784435
-3.780675
-3.776914
-3.773153
-3.769392
-3.765631
-3.761870
-3.758108
-3.754347
-3.750585
-3.746823
-3.743061
-3.739299
-3.735536
-3.731774
-3.728011
-3.724249
-3.720486
-3.716723
-3.712959
-3.709196
-3.705433
-3.701669
-3.697905
-3.694141
-3.690377
-3.686613
-3.682849
-3.679084
-3.675320
-3.671555
-3.667790
-3.664025
-3.660260
-3.656495
-3.652729
-3.648964
-3.645198
-3.641432
-3.637666
-3.633900
-3.630134
-3.626367
-3.622601
-3.618834
-3.615067
-3.611300
-3.607533
-3.603766
-3.599999
-3.596231
-3.592463
-3.588696
-3.584928
-3.581160
-3.577392
-3.573623
-3.569855
-3.566086
-3.562317
-3.558548
-3.554779
-3.551010
-3.547241
-3.543472
-3.539702
-3.535932
-3.532162
-3.528393
-3.524622
-3.520852
-3.517082
-3.513311
-3.509541
-3.505770
-3.501999
-3.498228
-3.494457
-3.490685
-3.486914
-3.483142
-3.479371
-3.475599
-3.471827
-3.468055
-3.464283
-3.460510
-3.456738
-3.452965
-3.449192
-3.445419
-3.441646
-3.437873
-3.434100
-3.430326
-3.426553
-3.422779
-3.419005
-3.415231
-3.411457
-3.407683
-3.403909
-3.400134
-3.396360
-3.392585
-3.388810
-3.385035
-3.381260
-3.377485
-3.373709
-3.369934
-3.366158
-3.362382
-3.358606
-3.354830
-3.351054
-3.347278
-3.343502
-3.339725
-3.335948
-3.332172
-3.328395
-3.324618
-3.320840
-3.317063
-3.313286
-3.309508
-3.305730
-3.301953
-3.298175
-3.294397
-3.290618
-3.286840
-3.283062
-3.279283
-3.275504
-3.271726
-3.267947
-3.264168
-3.260388
-3.256609
-3.252830
-3.249050
-3.245270
-3.241491
-3.237711
-3.233931
-3.230150
-3.226370
-3.222590
-3.218809
-3.215028
-3.211248
-3.207467
-3.203686
-3.199904
-3.196123
-3.192342
-3.188560
-3.184778
-3.180997
-3.177215
-3.173433
-3.169651
-3.165868
-3.162086
-3.158303
-3.154521
-3.150738
-3.146955
-3.143172
-3.139389
-3.135606
-3.131822
-3.128039
-3.124255
-3.120472
-3.116688
-3.112904
-3.109120
-3.105336
-3.101551
-3.097767
-3.093982
-3.090198
-3.086413
-3.082628
-3.078843
-3.075058
-3.071273
-3.067487
-3.063702
-3.059916
-3.056130
-3.052344
-3.048559
-3.044772
-3.040986
-3.037200
-3.033413
-3.029627
-3.025840
-3.022054
-3.018267
-3.014480
-3.010692
-3.006905
-3.003118
-2.999330
-2.995543
-2.991755
-2.987967
-2.984179
-2.980391
-2.976603
-2.972815
-2.969027
-2.965238
-2.961449
-2.957661
-2.953872
-2.950083
-2.946294
-2.942505
-2.938715
-2.934926
-2.931136
-2.927347
-2.923557
-2.919767
-2.915977
-2.912187
-2.908397
-2.904607
-2.900816
-2.897026
-2.893235
-2.889444
-2.885654
-2.881863
-2.878072
-2.874280
-2.870489
-2.866698
-2.862906
-2.859114
-2.855323
-2.851531
-2.847739
-2.843947
-2.840155
-2.836362
-2.832570
-2.828778
-2.824985
-2.821192
-2.817399
-2.813606
-2.809813
-2.806020
-2.802227
-2.798434
-2.794640
-2.790847
-2.787053
-2.783259
-2.779465
-2.775671
-2.771877
-2.768083
-2.764289
-2.760494
-2.756700
-2.752905
-2.749110
-2.745315
-2.741520
-2.737725
-2.733930
-2.730135
-2.726340
-2.722544
-2.718749
-2.714953
-2.711157
-2.707361
-2.703565
-2.699769
-2.695973
-2.692177
-2.688380
-2.684584
-2.680787
-2.676990
-2.673193
-2.669397
-2.665599
-2.661802
-2.658005
-2.654208
-2.650410
-2.646613
-2.642815
-2.639017
-2.635220
-2.631422
-2.627624
-2.623825
-2.620027
-2.616229
-2.612430
-2.608632
-2.604833
-2.601034
-2.597236
-2.593437
-2.589638
-2.585838
-2.582039
-2.578240
-2.574440
-2.570641
-2.566841
-2.563041
-2.559242
-2.555442
-2.551642
-2.547842
-2.544041
-2.540241
-2.536441
-2.532640
-2.528839
-2.525039
-2.521238
-2.517437
-2.513636
-2.509835
-2.506034
-2.502232
-2.498431
-2.494629
-2.490828
-2.487026
-2.483224
-2.479423
-2.475621
-2.471819
-2.468016
-2.464214
-2.460412
-2.456609
-2.452807
-2.449004
-2.445201
-2.441399
-2.437596
-2.433793
-2.429990
-2.426186
-2.422383
-2.418580
-2.414776
-2.410973
-2.407169
-2.403365
-2.399562
-2.395758
-2.391954
-2.388149
-2.384345
-2.380541
-2.376737
-2.372932
-2.369127
-2.365323
-2.361518
-2.357713
-2.353908
-2.350103
-2.346298
-2.342493
-2.338688
-2.334882
-2.331077
-2.327271
-2.323466
-2.319660
-2.315854
-2.312048
-2.308242
-2.304436
-2.300630
-2.296823
