-0.831532
-0.818853
-0.806080
-0.793213
-0.780254
-0.767204
-0.754065
-0.740837
-0.727524
-0.714126
-0.700645
-0.687082
-0.673438
-0.659717
-0.645918
-0.632044
-0.618096
-0.604075
-0.589985
-0.575825
-0.561598
-0.547306
-0.532950
-0.518531
-0.504052
-0.489514
-0.474919
-0.460268
-0.445564
-0.430807
-0.416001
-0.401146
-0.386244
-0.371297
-0.356307
-0.341276
-0.326204
-0.311095
-0.295950
-0.280770
-0.265558
-0.250315
-0.235043
-0.219743
-0.204418
-0.189070
-0.173700
-0.158309
-0.142901
-0.127475
-0.112036
-0.096583
-0.081119
-0.065646
-0.050165
-0.034679
-0.019189
-0.003696
0.011797
0.027288
0.042777
0.058260
0.073737
0.089206
0.104664
0.120111
0.135544
0.150961
0.166362
0.181744
0.197105
0.212444
0.227759
0.243049
0.258312
0.273546
0.288749
0.303920
0.319058
0.334160
0.349225
0.364252
0.379238
0.394182
0.409084
0.423940
0.438750
0.453512
0.468224
0.482886
0.497495
0.512050
0.526550
0.540993
0.555377
0.569702
0.583965
0.598166
0.612303
0.626375
0.640380
0.654317
0.668185
0.681982
0.695707
0.709359
0.722937
0.736438
0.749863
0.763209
0.776476
0.789662
0.802767
0.815788
0.828726
0.841578
0.854344
0.867022
0.879612
0.892112
0.904521
0.916839
0.929064
0.941195
0.953232
0.965173
0.977017
0.988764
1.000412
1.011960
1.023409
1.034756
1.046001
1.057144
1.068182
1.079116
1.089945
1.100667
1.111283
1.121791
1.132190
1.142481
1.152662
1.162732
1.172691
1.182538
1.192273
1.201895
1.211403
1.220797
1.230076
1.239239
1.248287
1.257217
1.266031
1.274728
1.283306
1.291766
1.300106
1.308328
1.316429
1.324410
1.332270
1.340010
1.347627
1.355123
1.362497
1.369748
1.376876
1.383882
1.390763
1.397521
1.404155
1.410664
1.417049
1.423309
1.429445
1.435455
1.441339
1.447098
1.452731
1.458238
1.463620
1.468874
1.474003
1.479005
1.483881
1.488630
1.493252
1.497747
1.502116
1.506358
1.510472
1.514460
1.518321
1.522055
1.525661
1.529141
1.532494
1.535720
1.538820
1.541792
1.544638
1.547357
1.549950
1.552416
1.554755
1.556969
1.559057
1.561018
1.562854
1.564564
1.566148
1.567607
1.568941
1.570150
1.571234
1.572194
1.573029
1.573740
1.574327
1.574791
1.575131
1.575348
1.575441
1.575412
1.575261
1.574988
1.574593
1.574076
1.573438
1.572679
1.571799
1.570800
1.569680
1.568440
1.567082
1.565604
1.564008
1.562294
1.560461
1.558512
1.556445
1.554261
1.551961
1.549546
1.547014
1.544368
1.541607
1.538732
1.535743
1.532640
1.529425
1.526097
1.522657
1.519105
1.515443
1.511669
1.507786
1.503792
1.499690
1.495479
1.491159
1.486731
1.482197
1.477555
1.472808
1.467954
1.462995
1.457932
1.452764
1.447493
1.442119
1.436642
1.431063
1.425382
1.419601
1.413719
1.407737
1.401656
1.395477
1.389199
1.382824
1.376352
1.369783
1.363119
1.356359
1.349505
1.342557
1.335515
1.328381
1.321154
1.313836
1.306427
1.298928
1.291338
1.283660
1.275893
1.268039
1.260097
1.252069
1.243954
1.235755
1.227471
1.219103
1.210651
1.202117
1.193501
1.184803
1.176025
1.167167
1.158230
1.149213
1.140119
1.130948
1.121700
1.112376
1.102976
1.093503
1.083955
1.074334
1.064641
1.054876
1.045040
1.035133
1.025157
1.015112
1.004999
0.994818
0.984570
0.974257
0.963878
0.953434
0.942927
0.932356
0.921723
0.911029
0.900273
0.889457
0.878582
0.867648
0.856656
0.845607
0.834502
0.823341
0.812125
0.800854
0.789531
0.778154
0.766726
0.755247
0.743717
0.732138
0.720510
0.708834
0.697111
0.685341
0.673526
0.661665
0.649761
0.637814
0.625824
0.613792
0.601719
0.589606
0.577454
0.565264
0.553036
0.540770
0.528469
0.516133
0.503762
0.491357
0.478920
0.466451
0.453950
0.441419
0.428859
0.416270
0.403653
0.391009
0.378339
0.365644
0.352924
0.340180
0.327414
0.314625
0.301816
0.288986
0.276136
0.263268
0.250383
0.237480
0.224562
0.211628
0.198680
0.185719
0.172745
0.159759
0.146763
0.133756
0.120741
0.107717
0.094686
0.081649
0.068606
0.055558
0.042506
0.029452
0.016395
0.003338
-0.009720
-0.022777
-0.035833
-0.048886
-0.061936
-0.074982
-0.088022
-0.101057
-0.114084
-0.127104
-0.140115
-0.153116
-0.166107
-0.179086
-0.192053
-0.205006
-0.217945
-0.230869
-0.243777
-0.256668
-0.269541
-0.282395
-0.295229
-0.308043
-0.320835
-0.333604
-0.346350
-0.359071
-0.371767
-0.384437
-0.397079
-0.409693
-0.422278
-0.434833
-0.447357
-0.459849
-0.472308
-0.484733
-0.497124
-0.509479
-0.521796
-0.534077
-0.546318
-0.558521
-0.570682
-0.582802
-0.594880
-0.606914
-0.618904
-0.630849
-0.642748
-0.654599
-0.666402
-0.678156
-0.689860
-0.701513
-0.713114
-0.724661
-0.736155
-0.747595
-0.758978
-0.770304
-0.781573
-0.792783
-0.803933
-0.815022
-0.826050
-0.837016
-0.847917
-0.858755
-0.869526
-0.880232
-0.890870
-0.901439
-0.911940
-0.922370
-0.932728
-0.943015
-0.953228
-0.963368
-0.973432
-0.983420
-0.993332
-1.003165
-1.012920
-1.022594
-1.032188
-1.041701
-1.051130
-1.060476
-1.069738
-1.078914
-1.088004
-1.097006
-1.105920
-1.114745
-1.123480
-1.132124
-1.140675
-1.149134
-1.157499
-1.165770
-1.173945
-1.182023
-1.190003
-1.197886
-1.205669
-1.213352
-1.220934
-1.228414
-1.235792
-1.243065
-1.250234
-1.257298
-1.264255
-1.271106
-1.277848
-1.284481
-1.291005
-1.297418
-1.303720
-1.309910
-1.315986
-1.321949
-1.327797
-1.333530
-1.339146
-1.344645
-1.350026
-1.355289
-1.360433
-1.365456
-1.370358
-1.375138
-1.379796
-1.384331
-1.388742
-1.393028
-1.397189
-1.401224
-1.405132
-1.408913
-1.412565
-1.416089
-1.419483
-1.422747
-1.425880
-1.428881
-1.431751
-1.434488
-1.437092
-1.439562
-1.441897
-1.444098
-1.446162
-1.448091
-1.449883
-1.451538
-1.453054
-1.454433
-1.455673
-1.456774
-1.457735
-1.458556
-1.459236
-1.459775
-1.460173
-1.460429
-1.460542
-1.460513
-1.460341
-1.460026
-1.459567
-1.458964
-1.458216
-1.457324
-1.456287
-1.455105
-1.453778
-1.452305
-1.450686
-1.448921
-1.447010
-1.444952
-1.442748
-1.440397
-1.437900
-1.435255
-1.432464
-1.429525
-1.426439
-1.423207
-1.419827
-1.416300
-1.412626
-1.408805
-1.404836
-1.400721
-1.396459
-1.392051
-1.387495
-1.382794
-1.377946
-1.372952
-1.367812
-1.362527
-1.357096
-1.351520
-1.345800
-1.339935
-1.333925
-1.327772
-1.321476
-1.315037
-1.308455
-1.301730
-1.294864
-1.287857
-1.280709
-1.273421
-1.265994
-1.258427
-1.250721
-1.242878
-1.234897
-1.226780
-1.218526
-1.210138
-1.201614
-1.192957
-1.184167
-1.175244
-1.166190
-1.157005
-1.147690
-1.138246
-1.128674
-1.118974
-1.109148
-1.099197
-1.089121
-1.078921
-1.068600
-1.058156
-1.047592
-1.036909
-1.026107
-1.015188
-1.004153
-0.993003
-0.981739
-0.970363
-0.958875
-0.947277
-0.935569
-0.923754
-0.911833
-0.899806
-0.887675
-0.875442
-0.863108
-0.850673
-0.838140
-0.825510
-0.812784
-0.799963
-0.787050
-0.774045
-0.760951
-0.747768
-0.734497
-0.721142
-0.707702
-0.694180
-0.680577
-0.666894
-0.653134
-0.639297
-0.625386
-0.611402
-0.597347
-0.583222
-0.569029
-0.554769
-0.540445
-0.526058
-0.511609
-0.497101
-0.482534
-0.467911
-0.453234
-0.438504
-0.423723
-0.408892
-0.394014
-0.379090
-0.364121
-0.349111
-0.334059
-0.318969
-0.303842
-0.288679
-0.273483
-0.258256
-0.242998
-0.227712
-0.212400
-0.197064
-0.181704
-0.166324
-0.150924
-0.135507
-0.120075
-0.104628
-0.089170
-0.073701
-0.058224
-0.042741
-0.027252
-0.011760
0.003733
0.019225
0.034715
0.050202
0.065682
0.081155
0.096619
0.112072
0.127512
0.142938
0.158348
0.173740
0.189112
0.204463
0.219791
0.235094
0.250371
0.265620
0.280839
0.296027
0.311182
0.326303
0.341388
0.356434
0.371442
0.386408
0.401332
0.416212
0.431046
0.445833
0.460571
0.475259
0.489896
0.504479
0.519008
0.533480
0.547895
0.562251
0.576546
0.590780
0.604951
0.619056
0.633096
0.647069
0.660973
0.674807
0.688569
0.702259
0.715875
0.729417
0.742881
0.756268
0.769577
0.782805
0.795952
0.809017
0.821998
0.834895
0.847705
0.860429
0.873065
0.885612
0.898068
0.910434
0.922707
0.934887
0.946973
0.958964
0.970858
0.982656
0.994355
1.005956
1.017456
1.028856
1.040154
1.051350
1.062443
1.073431
1.084314
1.095092
1.105763
1.116327
1.126783
1.137130
1.147368
1.157496
1.167513
1.177418
1.187211
1.196892
1.206459
1.215912
1.225250
1.234474
1.243581
1.252573
1.261447
1.270205
1.278844
1.287366
1.295768
1.304051
1.312215
1.320258
1.328181
1.335983
1.343664
1.351223
1.358660
1.365975
1.373167
1.380236
1.387182
1.394004
1.400702
1.407276
1.413726
1.420050
1.426250
1.432325
1.438275
1.444099
1.449797
1.455370
1.460816
1.466137
1.471331
1.476399
1.481340
1.486154
1.490842
1.495404
1.499838
1.504145
1.508326
1.512380
1.516306
1.520106
1.523779
1.527325
1.530743
1.534035
1.537201
1.540239
1.543150
1.545935
1.548594
1.551125
1.553531
1.555810
1.557963
1.559990
1.561891
1.563667
1.565316
1.566841
1.568240
1.569514
1.570663
1.571687
1.572587
1.573363
1.574015
1.574543
1.574947
1.575228
1.575386
1.575421
1.575334
1.575124
1.574793
1.574340
1.573765
1.573069
1.572253
1.571316
1.570259
1.569082
1.567786
1.566371
1.564837
1.563184
1.561414
1.559526
1.557521
1.555399
1.553160
1.550805
1.548335
1.545749
1.543048
1.540233
1.537304
1.534262
1.531106
1.527838
1.524457
1.520964
1.517360
1.513646
1.509820
1.505885
1.501841
1.497687
1.493425
1.489055
1.484577
1.479993
1.475302
1.470504
1.465602
1.460594
1.455482
1.450267
1.444947
1.439525
1.434001
1.428375
1.422648
1.416820
1.410892
1.404865
1.398738
1.392513
1.386191
1.379771
1.373255
1.366642
1.359934
1.353131
1.346234
1.339243
1.332159
1.324983
1.317715
1.310355
1.302905
1.295365
1.287736
1.280017
1.272211
1.264317
1.256336
1.248270
1.240117
1.231880
1.223558
1.215153
1.206664
1.198094
1.189441
1.180708
1.171895
1.163001
1.154029
1.144979
1.135851
1.126646
1.117364
1.108008
1.098576
1.089070
1.079490
1.069838
1.060114
1.050318
1.040452
1.030516
1.020510
1.010436
1.000294
0.990085
0.979809
0.969468
0.959062
0.948592
0.938058
0.927461
0.916803
0.906083
0.895302
0.884462
0.873563
0.862605
0.851590
0.840518
0.829390
0.818207
0.806969
0.795677
0.784333
0.772936
0.761488
0.749989
0.738440
0.726842
0.715195
0.703501
0.691760
0.679973
0.668141
0.656265
0.644344
0.632381
0.620376
0.608329
0.596242
0.584115
0.571950
0.559746
0.547505
0.535228
0.522915
0.510567
0.498185
0.485770
0.473322
0.460843
0.448333
0.435793
0.423224
0.410627
0.398003
0.385351
0.372674
0.359973
0.347247
0.334498
0.321726
0.308933
0.296119
0.283285
0.270433
0.257562
0.244674
0.231769
0.218849
0.205914
0.192965
0.180003
0.167030
0.154044
0.141049
0.128044
0.115030
0.102009
0.088981
0.075946
0.062907
0.049863
0.036816
0.023767
0.010716
-0.002336
-0.015388
-0.028438
-0.041487
-0.054532
-0.067574
-0.080611
-0.093643
-0.106668
-0.119685
-0.132695
-0.145695
-0.158685
-0.171664
-0.184631
-0.197585
-0.210525
-0.223451
-0.236361
-0.249254
-0.262130
-0.274988
-0.287826
-0.300644
-0.313441
-0.326215
-0.338967
-0.351694
-0.364397
-0.377074
-0.389724
-0.402346
-0.414940
-0.427504
-0.440038
-0.452540
-0.465009
-0.477446
-0.489847
-0.502214
-0.514544
-0.526838
-0.539093
-0.551309
-0.563484
-0.575619
-0.587712
-0.599763
-0.611769
-0.623730
-0.635646
-0.647515
-0.659336
-0.671109
-0.682832
-0.694504
-0.706125
-0.717693
-0.729208
-0.740669
-0.752074
-0.763423
-0.774714
-0.785948
-0.797122
-0.808236
-0.819288
-0.830279
-0.841207
-0.852070
-0.862868
-0.873601
-0.884267
-0.894864
-0.905393
-0.915852
-0.926241
-0.936557
-0.946801
-0.956971
-0.967067
-0.977087
-0.987031
-0.996897
-1.006685
-1.016393
-1.026022
-1.035568
-1.045033
-1.054415
-1.063712
-1.072925
-1.082051
-1.091091
-1.100043
-1.108906
-1.117679
-1.126362
-1.134954
-1.143452
-1.151858
-1.160169
-1.168385
-1.176505
-1.184528
-1.192453
-1.200279
-1.208005
-1.215631
-1.223155
-1.230577
-1.237896
-1.245110
-1.252220
-1.259224
-1.266120
-1.272910
-1.279590
-1.286162
-1.292623
-1.298974
-1.305212
-1.311338
-1.317350
-1.323248
-1.329031
-1.334698
-1.340249
-1.345681
-1.350996
-1.356191
-1.361267
-1.366222
-1.371055
-1.375767
-1.380355
-1.384820
-1.389161
-1.393377
-1.397466
-1.401430
-1.405266
-1.408974
-1.412554
-1.416004
-1.419325
-1.422515
-1.425574
-1.428501
-1.431296
-1.433958
-1.436486
-1.438880
-1.441139
-1.443263
-1.445250
-1.447102
-1.448816
-1.450393
-1.451831
-1.453131
-1.454292
-1.455314
-1.456195
-1.456936
-1.457536
-1.457995
-1.458312
-1.458487
-1.458520
-1.458409
-1.458156
-1.457759
-1.457217
-1.456532
-1.455702
-1.454727
-1.453608
-1.452342
-1.450932
-1.449375
-1.447673
-1.445824
-1.443829
-1.441687
-1.439399
-1.436964
-1.434382
-1.431653
-1.428777
-1.425754
-1.422583
-1.419266
-1.415801
-1.412189
-1.408430
-1.404524
-1.400470
-1.396270
-1.391923
-1.387430
-1.382790
-1.378003
-1.373070
-1.367992
-1.362767
-1.357397
-1.351882
-1.346221
-1.340417
-1.334467
-1.328374
-1.322137
-1.315757
-1.309234
-1.302568
-1.295761
-1.288812
-1.281722
-1.274491
-1.267121
-1.259611
-1.251962
-1.244175
-1.236251
-1.228189
-1.219991
-1.211657
-1.203189
-1.194586
-1.185849
-1.176980
-1.167979
-1.158846
-1.149583
-1.140191
-1.130670
-1.121022
-1.111246
-1.101345
-1.091318
-1.081168
-1.070895
-1.060499
-1.049983
-1.039346
-1.028591
-1.017718
-1.006729
-0.995624
-0.984404
-0.973071
-0.961626
-0.950071
-0.938406
-0.926632
-0.914751
-0.902765
-0.890674
-0.878479
-0.866183
-0.853786
-0.841290
-0.828697
-0.816007
-0.803221
-0.790343
-0.777372
-0.764310
-0.751160
-0.737921
-0.724596
-0.711187
-0.697695
-0.684120
-0.670466
-0.656734
-0.642924
-0.629039
-0.615081
-0.601050
-0.586949
-0.572779
-0.558542
-0.544239
-0.529873
-0.515444
-0.500955
-0.486407
-0.471803
-0.457142
-0.442429
-0.427663
-0.412847
-0.397983
-0.383072
-0.368116
-0.353117
-0.338077
-0.322997
-0.307879
-0.292725
-0.277537
-0.262316
-0.247064
-0.231784
-0.216477
-0.201144
-0.185787
-0.170409
-0.155011
-0.139595
-0.124162
-0.108714
-0.093254
-0.077783
-0.062303
-0.046815
-0.031322
-0.015824
-0.000325
0.015175
0.030673
0.046169
0.061659
0.077142
0.092617
0.108082
0.123535
0.138974
0.154398
0.169805
0.185193
0.200560
0.215905
0.231226
0.246522
0.261791
0.277030
0.292239
0.307416
0.322559
0.337666
0.352737
0.367769
0.382760
0.397710
0.412617
0.427478
0.442293
0.457060
0.471778
0.486444
0.501058
0.515618
0.530122
0.544570
0.558959
0.573289
0.587557
0.601763
0.615904
0.629981
0.643990
0.657932
0.671804
0.685606
0.699335
0.712991
0.726573
0.740079
0.753508
0.766858
0.780130
0.793320
0.806429
0.819455
0.832396
0.845252
0.858022
0.870705
0.883299
0.895803
0.908216
0.920538
0.932767
0.944903
0.956943
0.968888
0.980737
0.992487
1.004140
1.015692
1.027145
1.038496
1.049745
1.060891
1.071934
1.082872
1.093705
1.104431
1.115051
1.125563
1.135967
1.146261
1.156446
1.166520
1.176484
1.186335
1.196074
1.205700
1.215212
1.224610
1.233893
1.243060
1.252112
1.261047
1.269865
1.278566
1.287148
1.295612
1.303957
1.312183
1.320288
1.328274
1.336138
1.343882
1.351504
1.359005
1.366383
1.373638
1.380771
1.387781
1.394667
1.401429
1.408068
1.414582
1.420971
1.427236
1.433376
1.439391
1.445280
1.451044
1.456682
1.462194
1.467580
1.472839
1.477973
1.482980
1.487861
1.492615
1.497242
1.501742
1.506116
1.510363
1.514483
1.518476
1.522342
1.526081
1.529693
1.533178
1.536537
1.539768
1.542873
1.545851
1.548702
1.551427
1.554025
1.556497
1.558842
1.561062
1.563155
1.565122
1.566964
1.568680
1.570270
1.571735
1.573075
1.574290
1.575380
1.576346
1.577188
1.577905
1.578498
1.578968
1.579314
1.579538
1.579638
1.579616
1.579471
1.579204
1.578816
1.578306
1.577674
1.576922
1.576050
1.575057
1.573944
1.572711
1.571360
1.569889
1.568300
1.566593
1.564768
1.562826
1.560766
1.558590
1.556298
1.553889
1.551366
1.548727
1.545974
1.543106
1.540125
1.537030
1.533823
1.530503
1.527071
1.523527
1.519873
1.516107
1.512232
1.508247
1.504153
1.499950
1.495639
1.491220
1.486694
1.482061
1.477322
1.472477
1.467527
1.462472
1.457314
1.452051
1.446686
1.441218
1.435648
1.429977
1.424205
1.418332
1.412360
1.406288
1.400118
1.393850
1.387484
1.381022
1.374463
1.367808
1.361059
1.354214
1.347276
1.340245
1.333120
1.325904
1.318596
1.311197
1.303708
1.296129
1.288461
1.280705
1.272861
1.264930
1.256912
1.248809
1.240620
1.232347
1.223989
1.215549
1.207026
1.198421
1.189734
1.180967
1.172120
1.163194
1.154190
1.145107
1.135947
1.126710
1.117398
1.108010
1.098548
1.089013
1.079404
1.069722
1.059969
1.050145
1.040251
1.030287
1.020254
1.010153
0.999984
0.989749
0.979448
0.969081
0.958650
0.948156
0.937598
0.926977
0.916296
0.905553
0.894750
0.883888
0.872967
0.861988
0.850952
0.839860
0.828712
0.817509
0.806252
0.794941
0.783579
0.772164
0.760698
0.749182
0.737616
0.726002
0.714340
0.702630
0.690874
0.679073
0.667226
0.655336
0.643403
0.631427
0.619409
0.607350
0.595252
0.583114
0.570937
0.558724
0.546473
0.534186
0.521864
0.509507
0.497117
0.484694
0.472240
0.459754
0.447238
0.434692
0.422118
0.409515
0.396886
0.384231
0.371550
0.358845
0.346117
0.333365
0.320592
0.307797
0.294982
0.282148
0.269295
0.256425
0.243537
0.230634
0.217715
0.204783
0.191837
0.178878
0.165908
0.152926
0.139935
0.126935
0.113927
0.100911
0.087889
0.074861
0.061829
0.048793
0.035754
0.022713
0.009671
-0.003371
-0.016413
-0.029453
-0.042491
-0.055525
-0.068555
-0.081580
-0.094599
-0.107611
-0.120615
-0.133610
-0.146596
-0.159571
-0.172534
-0.185485
-0.198423
-0.211346
-0.224255
-0.237147
-0.250022
-0.262879
-0.275718
-0.288536
-0.301334
-0.314110
-0.326864
-0.339594
-0.352300
-0.364980
-0.377634
-0.390261
-0.402860
-0.415429
-0.427968
-0.440477
-0.452953
-0.465397
-0.477806
-0.490181
-0.502520
-0.514823
-0.527088
-0.539314
-0.551500
-0.563647
-0.575751
-0.587814
-0.599832
-0.611807
-0.623736
-0.635620
-0.647455
-0.659243
-0.670982
-0.682671
-0.694308
-0.705894
-0.717426
-0.728905
-0.740329
-0.751697
-0.763008
-0.774262
-0.785457
-0.796592
-0.807666
-0.818679
-0.829629
-0.840516
-0.851339
-0.862095
-0.872786
-0.883409
-0.893964
-0.904449
-0.914864
-0.925208
-0.935480
-0.945679
-0.955804
-0.965853
-0.975827
-0.985724
-0.995543
-1.005283
-1.014943
-1.024522
-1.034020
-1.043435
-1.052767
-1.062014
-1.071176
-1.080251
-1.089239
-1.098139
-1.106950
-1.115670
-1.124300
-1.132837
-1.141282
-1.149633
-1.157889
-1.166050
-1.174114
-1.182081
-1.189949
-1.197718
-1.205388
-1.212956
-1.220422
-1.227785
-1.235045
-1.242200
-1.249250
-1.256194
-1.263030
-1.269758
-1.276378
-1.282888
-1.289287
-1.295576
-1.301751
-1.307814
-1.313763
-1.319598
-1.325317
-1.330919
-1.336405
-1.341773
-1.347022
-1.352151
-1.357161
-1.362049
-1.366816
-1.371461
-1.375982
-1.380379
-1.384652
-1.388799
-1.392820
-1.396715
-1.400482
-1.404121
-1.407631
-1.411011
-1.414261
-1.417381
-1.420369
-1.423225
-1.425948
-1.428538
-1.430995
-1.433316
-1.435503
-1.437554
-1.439469
-1.441247
-1.442888
-1.444391
-1.445756
-1.446982
-1.448069
-1.449016
-1.449823
-1.450489
-1.451015
-1.451398
-1.451640
-1.451740
-1.451697
-1.451510
-1.451181
-1.450708
-1.450090
-1.449329
-1.448422
-1.447371
-1.446175
-1.444833
-1.443345
-1.441712
-1.439932
-1.438006
-1.435934
-1.433715
-1.431350
-1.428837
-1.426178
-1.423371
-1.420418
-1.417317
-1.414069
-1.410674
-1.407132
-1.403443
-1.399606
-1.395623
-1.391492
-1.387215
-1.382791
-1.378220
-1.373502
-1.368639
-1.363629
-1.358474
-1.353172
-1.347726
-1.342134
-1.336397
-1.330516
-1.324490
-1.318321
-1.312008
-1.305552
-1.298954
-1.292213
-1.285330
-1.278307
-1.271142
-1.263837
-1.256392
-1.248809
-1.241086
-1.233226
-1.225228
-1.217093
-1.208822
-1.200416
-1.191876
-1.183201
-1.174393
-1.165453
-1.156381
-1.147178
-1.137846
-1.128384
-1.118794
-1.109076
-1.099232
-1.089263
-1.079169
-1.068951
-1.058611
-1.048149
-1.037567
-1.026865
-1.016045
-1.005108
-0.994055
-0.982886
-0.971604
-0.960209
-0.948702
-0.937085
-0.925359
-0.913525
-0.901585
-0.889539
-0.877390
-0.865138
-0.852784
-0.840331
-0.827779
-0.815130
-0.802385
-0.789545
-0.776613
-0.763589
-0.750476
-0.737274
-0.723984
-0.710609
-0.697151
-0.683609
-0.669987
-0.656286
-0.642507
-0.628651
-0.614721
-0.600718
-0.586644
-0.572500
-0.558288
-0.544010
-0.529666
-0.515260
-0.500793
-0.486265
-0.471680
-0.457039
-0.442343
-0.427594
-0.412794
-0.397945
-0.383048
-0.368105
-0.353119
-0.338089
-0.323020
-0.307911
-0.292766
-0.277585
-0.262371
-0.247126
-0.231850
-0.216546
-0.201217
-0.185862
-0.170485
-0.155087
-0.139670
-0.124236
-0.108786
-0.093322
-0.077846
-0.062361
-0.046867
-0.031366
-0.015861
-0.000352
0.015158
0.030667
0.046173
0.061676
0.077173
0.092662
0.108142
0.123611
0.139067
0.154509
0.169934
0.185341
0.200729
0.216095
0.231439
0.246757
0.262049
0.277313
0.292547
0.307750
0.322920
0.338055
0.353153
0.368214
0.383236
0.398216
0.413154
0.428047
0.442895
0.457696
0.472448
0.487149
0.501799
0.516395
0.530937
0.545422
0.559850
0.574218
0.588526
0.602772
0.616955
0.631073
0.645125
0.659109
0.673025
0.686870
0.700645
0.714346
0.727974
0.741526
0.755002
0.768400
0.781719
0.794958
0.808116
0.821191
0.834183
0.847090
0.859911
0.872645
0.885291
0.897847
0.910314
0.922689
0.934972
0.947162
0.959257
0.971257
0.983161
0.994967
1.006676
1.018285
1.029795
1.041203
1.052510
1.063715
1.074816
1.085813
1.096704
1.107490
1.118170
1.128742
1.139206
1.149561
1.159807
1.169942
1.179967
1.189880
1.199680
1.209368
1.218943
1.228403
1.237749
1.246980
1.256095
1.265093
1.273975
1.282739
1.291386
1.299914
1.308323
1.316613
1.324783
1.332833
1.340763
1.348572
1.356259
1.363824
1.371268
1.378589
1.385787
1.392863
1.399815
1.406643
1.413347
1.419927
1.426383
1.432714
1.438920
1.445000
1.450956
1.456786
1.462490
1.468069
1.473521
1.478847
1.484047
1.489120
1.494067
1.498888
1.503581
1.508148
1.512588
1.516901
1.521087
1.525147
1.529079
1.532884
1.536562
1.540114
1.543538
1.546835
1.550006
1.553050
1.555967
1.558757
1.561421
1.563958
1.566369
1.568654
1.570812
1.572845
1.574751
1.576532
1.578187
1.579717
1.581121
1.582401
1.583555
1.584585
1.585491
1.586272
1.586929
1.587463
1.587872
1.588159
1.588322
1.588363
1.588281
1.588077
1.587751
1.587304
1.586735
1.586045
1.585234
1.584302
1.583251
1.582080
1.580789
1.579380
1.577852
1.576205
1.574440
1.572558
1.570558
1.568442
1.566209
1.563860
1.561396
1.558816
1.556121
1.553312
1.550389
1.547353
1.544203
1.540940
1.537566
1.534079
1.530482
1.526773
1.522954
1.519025
1.514987
1.510839
1.506583
1.502220
1.497748
1.493170
1.488485
1.483695
1.478799
1.473798
1.468692
1.463483
1.458170
1.452755
1.447237
1.441618
1.435898
1.430076
1.424155
1.418135
1.412015
1.405797
1.399482
1.393069
1.386559
1.379954
1.373253
1.366457
1.359567
1.352584
1.345507
1.338338
1.331077
1.323725
1.316282
1.308750
1.301128
1.293417
1.285618
1.277732
1.269759
1.261700
1.253555
1.245325
1.237011
1.228614
1.220133
1.211571
1.202926
1.194201
1.185396
1.176510
1.167546
1.158504
1.149384
1.140187
1.130914
1.121566
1.112143
1.102645
1.093074
1.083430
1.073715
1.063928
1.054070
1.044142
1.034145
1.024080
1.013947
1.003747
0.993480
0.983148
0.972751
0.962289
0.951765
0.941177
0.930528
0.919817
0.909046
0.898215
0.887325
0.876377
0.865371
0.854309
0.843190
0.832017
0.820789
0.809507
0.798172
0.786785
0.775346
0.763857
0.752318
0.740730
0.729094
0.717410
0.705679
0.693902
0.682080
0.670214
0.658304
0.646351
0.634356
0.622320
0.610243
0.598127
0.585972
0.573779
0.561549
0.549282
0.536980
0.524643
0.512272
0.499867
0.487431
0.474963
0.462464
0.449935
0.437377
0.424791
0.412178
0.399538
0.386872
0.374182
0.361467
0.348730
0.335970
0.323188
0.310386
0.297564
0.284723
0.271864
0.258987
0.246094
0.233186
0.220263
0.207326
0.194377
0.181415
0.168442
0.155458
0.142465
0.129464
0.116455
0.103439
0.090417
0.077390
0.064358
0.051324
0.038287
0.025248
0.012209
-0.000830
-0.013868
-0.026904
-0.039937
-0.052966
-0.065990
-0.079009
-0.092021
-0.105026
-0.118022
-0.131009
-0.143986
-0.156952
-0.169906
-0.182847
-0.195774
-0.208687
-0.221583
-0.234464
-0.247326
-0.260171
-0.272996
-0.285800
-0.298584
-0.311345
-0.324083
-0.336797
-0.349487
-0.362150
-0.374787
-0.387395
-0.399976
-0.412526
-0.425046
-0.437534
-0.449990
-0.462413
-0.474801
-0.487154
-0.499471
-0.511750
-0.523992
-0.536194
-0.548356
-0.560477
-0.572556
-0.584593
-0.596585
-0.608533
-0.620435
-0.632290
-0.644097
-0.655856
-0.667565
-0.679224
-0.690831
-0.702385
-0.713887
-0.725333
-0.736725
-0.748060
-0.759337
-0.770557
-0.781717
-0.792817
-0.803856
-0.814833
-0.825747
-0.836596
-0.847381
-0.858100
-0.868752
-0.879336
-0.889851
-0.900296
-0.910671
-0.920974
-0.931204
-0.941361
-0.951443
-0.961449
-0.971380
-0.981232
-0.991007
-1.000702
-1.010316
-1.019850
-1.029301
-1.038669
-1.047954
-1.057153
-1.066266
-1.075293
-1.084232
-1.093082
-1.101842
-1.110512
-1.119090
-1.127576
-1.135968
-1.144267
-1.152470
-1.160577
-1.168587
-1.176500
-1.184313
-1.192027
-1.199640
-1.207152
-1.214562
-1.221868
-1.229070
-1.236168
-1.243159
-1.250044
-1.256821
-1.263490
-1.270050
-1.276499
-1.282838
-1.289065
-1.295179
-1.301180
-1.307066
-1.312838
-1.318493
-1.324033
-1.329454
-1.334758
-1.339942
-1.345007
-1.349951
-1.354773
-1.359474
-1.364052
-1.368507
-1.372837
-1.377042
-1.381121
-1.385075
-1.388901
-1.392599
-1.396169
-1.399609
-1.402920
-1.406101
-1.409150
-1.412068
-1.414853
-1.417505
-1.420024
-1.422409
-1.424659
-1.426773
-1.428752
-1.430595
-1.432300
-1.433868
-1.435298
-1.436590
-1.437742
-1.438756
-1.439629
-1.440362
-1.440954
-1.441405
-1.441714
-1.441881
-1.441906
-1.441788
-1.441527
-1.441122
-1.440574
-1.439881
-1.439044
-1.438062
-1.436935
-1.435663
-1.434246
-1.432682
-1.430973
-1.429118
-1.427116
-1.424968
-1.422673
-1.420232
-1.417644
-1.414909
-1.412026
-1.408997
-1.405821
-1.402497
-1.399027
-1.395409
-1.391644
-1.387732
-1.383674
-1.379468
-1.375116
-1.370617
-1.365971
-1.361179
-1.356241
-1.351157
-1.345928
-1.340552
-1.335032
-1.329367
-1.323557
-1.317602
-1.311504
-1.305262
-1.298877
-1.292350
-1.285679
-1.278867
-1.271913
-1.264819
-1.257583
-1.250208
-1.242694
-1.235040
-1.227249
-1.219319
-1.211253
-1.203051
-1.194712
-1.186239
-1.177631
-1.168890
-1.160016
-1.151011
-1.141874
-1.132606
-1.123209
-1.113684
-1.104030
-1.094250
-1.084344
-1.074313
-1.064158
-1.053879
-1.043479
-1.032958
-1.022317
-1.011557
-1.000679
-0.989684
-0.978574
-0.967349
-0.956011
-0.944561
-0.933001
-0.921330
-0.909551
-0.897665
-0.885673
-0.873577
-0.861377
-0.849075
-0.836672
-0.824171
-0.811571
-0.798875
-0.786084
-0.773199
-0.760222
-0.747155
-0.733998
-0.720753
-0.707422
-0.694006
-0.680507
-0.666927
-0.653266
-0.639526
-0.625710
-0.611818
-0.597853
-0.583815
-0.569707
-0.555530
-0.541285
-0.526975
-0.512601
-0.498165
-0.483669
-0.469113
-0.454500
-0.439832
-0.425110
-0.410337
-0.395513
-0.380640
-0.365721
-0.350757
-0.335749
-0.320700
-0.305612
-0.290485
-0.275322
-0.260125
-0.244896
-0.229635
-0.214346
-0.199029
-0.183687
-0.168321
-0.152934
-0.137526
-0.122100
-0.106658
-0.091201
-0.075731
-0.060250
-0.044760
-0.029262
-0.013758
0.001749
0.017259
0.032769
0.048277
0.063783
0.079283
0.094777
0.110263
0.125738
0.141201
0.156651
0.172086
0.187503
0.202902
0.218280
0.233636
0.248968
0.264274
0.279553
0.294804
0.310024
0.325211
0.340365
0.355484
0.370565
0.385608
0.400611
0.415571
0.430489
0.445361
0.460187
0.474965
0.489694
0.504371
0.518996
0.533567
0.548083
0.562541
0.576942
0.591282
0.605561
0.619778
0.633930
0.648018
0.662038
0.675990
0.689873
0.703686
0.717426
0.731093
0.744685
0.758202
0.771641
0.785002
0.798284
0.811485
0.824604
0.837640
0.850592
0.863458
0.876238
0.888931
0.901535
0.914049
0.926473
0.938804
0.951043
0.963188
0.975239
0.987193
0.999051
1.010811
1.022473
1.034035
1.045496
1.056857
1.068115
1.079270
1.090322
1.101269
1.112110
1.122845
1.133474
1.143994
1.154406
1.164709
1.174902
1.184985
1.194956
1.204815
1.214562
1.224196
1.233716
1.243121
1.252412
1.261587
1.270646
1.279588
1.288413
1.297121
1.305711
1.314181
1.322533
1.330765
1.338878
1.346870
1.354741
1.362491
1.370119
1.377626
1.385010
1.392271
1.399410
1.406425
1.413317
1.420085
1.426729
1.433248
1.439643
1.445913
1.452058
1.458078
1.463972
1.469741
1.475383
1.480900
1.486291
1.491555
1.496693
1.501704
1.506589
1.511347
1.515978
1.520483
1.524860
1.529111
1.533234
1.537231
1.541100
1.544843
1.548458
1.551947
1.555308
1.558543
1.561650
1.564631
1.567485
1.570213
1.572814
1.575288
1.577636
1.579858
1.581953
1.583923
1.585767
1.587485
1.589077
1.590544
1.591886
1.593103
1.594195
1.595162
1.596005
1.596724
1.597319
1.597790
1.598138
1.598362
1.598464
1.598443
1.598299
1.598033
1.597646
1.597137
1.596506
1.595755
1.594883
1.593891
1.592779
1.591547
1.590196
1.588725
1.587137
1.585430
1.583605
1.581663
1.579604
1.577428
1.575136
1.572727
1.570204
1.567565
1.564812
1.561944
1.558963
1.555868
1.552660
1.549340
1.545907
1.542363
1.538708
1.534943
1.531067
1.527081
1.522986
1.518783
1.514471
1.510052
1.505525
1.500891
1.496151
1.491306
1.486355
1.481300
1.476140
1.470877
1.465511
1.460042
1.454471
1.448799
1.443025
1.437152
1.431179
1.425106
1.418935
1.412666
1.406299
1.399835
1.393275
1.386619
1.379868
1.373023
1.366083
1.359051
1.351925
1.344707
1.337398
1.329998
1.322508
1.314928
1.307258
1.299501
1.291655
1.283723
1.275704
1.267599
1.259409
1.251134
1.242776
1.234334
1.225809
1.217203
1.208515
1.199747
1.190899
1.181971
1.172965
1.163881
1.154720
1.145482
1.136168
1.126779
1.117316
1.107779
1.098168
1.088486
1.078731
1.068906
1.059010
1.049045
1.039011
1.028908
1.018739
1.008502
0.998200
0.987832
0.977400
0.966904
0.956345
0.945723
0.935040
0.924296
0.913492
0.902629
0.891707
0.880727
0.869690
0.858596
0.847447
0.836243
0.824985
0.813674
0.802310
0.790894
0.779427
0.767910
0.756344
0.744729
0.733066
0.721355
0.709598
0.697796
0.685949
0.674058
0.662124
0.650147
0.638128
0.626069
0.613970
0.601832
0.589655
0.577440
0.565189
0.552901
0.540579
0.528222
0.515831
0.503408
0.490953
0.478467
0.465950
0.453404
0.440830
0.428227
0.415598
0.402942
0.390262
0.377557
0.364828
0.352076
0.339303
0.326508
0.313693
0.300859
0.288006
0.275136
0.262249
0.249346
0.236428
0.223495
0.210549
0.197591
0.184621
0.171640
0.158650
0.145650
0.132642
0.119627
0.106606
0.093579
0.080547
0.067512
0.054474
0.041434
0.028392
0.015351
0.002310
-0.010729
-0.023765
-0.036799
-0.049828
-0.062851
-0.075869
-0.088880
-0.101883
-0.114877
-0.127861
-0.140834
-0.153796
-0.166746
-0.179682
-0.192604
-0.205511
-0.218401
-0.231275
-0.244130
-0.256967
-0.269784
-0.282580
-0.295354
-0.308106
-0.320834
-0.333537
-0.346216
-0.358868
-0.371492
-0.384088
-0.396656
-0.409193
-0.421699
-0.434173
-0.446614
-0.459021
-0.471393
-0.483729
-0.496029
-0.508291
-0.520515
-0.532698
-0.544842
-0.556944
-0.569003
-0.581019
-0.592990
-0.604917
-0.616797
-0.628629
-0.640414
-0.652149
-0.663834
-0.675469
-0.687051
-0.698580
-0.710055
-0.721476
-0.732840
-0.744148
-0.755397
-0.766588
-0.777720
-0.788790
-0.799799
-0.810746
-0.821628
-0.832447
-0.843199
-0.853886
-0.864505
-0.875055
-0.885536
-0.895947
-0.906287
-0.916554
-0.926749
-0.936869
-0.946914
-0.956883
-0.966775
-0.976589
-0.986325
-0.995980
-1.005555
-1.015048
-1.024458
-1.033785
-1.043027
-1.052184
-1.061254
-1.070237
-1.079132
-1.087938
-1.096653
-1.105277
-1.113810
-1.122249
-1.130595
-1.138846
-1.147001
-1.155060
-1.163021
-1.170884
-1.178647
-1.186311
-1.193874
-1.201334
-1.208692
-1.215946
-1.223096
-1.230140
-1.237078
-1.243908
-1.250631
-1.257245
-1.263749
-1.270143
-1.276425
-1.282595
-1.288652
-1.294595
-1.300423
-1.306136
-1.311733
-1.317213
-1.322575
-1.327818
-1.332941
-1.337945
-1.342828
-1.347588
-1.352227
-1.356742
-1.361133
-1.365400
-1.369541
-1.373557
-1.377445
-1.381206
-1.384839
-1.388343
-1.391717
-1.394962
-1.398075
-1.401058
-1.403908
-1.406625
-1.409209
-1.411660
-1.413976
-1.416156
-1.418202
-1.420111
-1.421883
-1.423518
-1.425016
-1.426375
-1.427595
-1.428677
-1.429618
-1.430420
-1.431080
-1.431600
-1.431979
-1.432215
-1.432309
-1.432261
-1.432069
-1.431735
-1.431256
-1.430634
-1.429867
-1.428956
-1.427900
-1.426698
-1.425352
-1.423859
-1.422221
-1.420437
-1.418507
-1.416430
-1.414207
-1.411837
-1.409320
-1.406657
-1.403846
-1.400889
-1.397784
-1.394532
-1.391133
-1.387587
-1.383894
-1.380054
-1.376067
-1.371933
-1.367653
-1.363225
-1.358651
-1.353931
-1.349064
-1.344052
-1.338893
-1.333589
-1.328140
-1.322546
-1.316807
-1.310923
-1.304896
-1.298724
-1.292410
-1.285952
-1.279352
-1.272609
-1.265725
-1.258700
-1.251534
-1.244228
-1.236782
-1.229197
-1.221474
-1.213613
-1.205614
-1.197479
-1.189208
-1.180801
-1.172261
-1.163586
-1.154778
-1.145838
-1.136766
-1.127564
-1.118232
-1.108770
-1.099181
-1.089464
-1.079621
-1.069653
-1.059560
-1.049344
-1.039005
-1.028545
-1.017964
-1.007264
-0.996446
-0.985511
-0.974459
-0.963293
-0.952013
-0.940620
-0.929116
-0.917502
-0.905778
-0.893947
-0.882010
-0.869967
-0.857821
-0.845572
-0.833222
-0.820772
-0.808223
-0.795578
-0.782837
-0.770001
-0.757073
-0.744053
-0.730944
-0.717746
-0.704461
-0.691090
-0.677636
-0.664099
-0.650482
-0.636785
-0.623010
-0.609160
-0.595235
-0.581237
-0.567168
-0.553029
-0.538822
-0.524549
-0.510211
-0.495811
-0.481349
-0.466827
-0.452247
-0.437612
-0.422921
-0.408178
-0.393384
-0.378541
-0.363650
-0.348714
-0.333733
-0.318710
-0.303647
-0.288544
-0.273405
-0.258231
-0.243023
-0.227784
-0.212515
-0.197218
-0.181894
-0.166546
-0.151176
-0.135784
-0.120374
-0.104946
-0.089503
-0.074046
-0.058577
-0.043098
-0.027611
-0.012117
0.003382
0.018884
0.034387
0.049889
0.065389
0.080885
0.096375
0.111857
0.127331
0.142793
0.158242
0.173677
0.189095
0.204496
0.219877
0.235236
0.250573
0.265884
0.281170
0.296427
0.311654
0.326850
0.342013
0.357142
0.372234
0.387288
0.402303
0.417277
0.432208
0.447095
0.461936
0.476730
0.491475
0.506170
0.520813
0.535403
0.549938
0.564417
0.578838
0.593201
0.607502
0.621742
0.635918
0.650030
0.664076
0.678054
0.691963
0.705803
0.719571
0.733266
0.746888
0.760434
0.773903
0.787296
0.800609
0.813842
0.826994
0.840063
0.853049
0.865950
0.878765
0.891493
0.904133
0.916684
0.929144
0.941514
0.953791
0.965975
0.978064
0.990059
1.001957
1.013758
1.025460
1.037064
1.048568
1.059971
1.071272
1.082471
1.093566
1.104557
1.115443
1.126224
1.136898
1.147464
1.157922
1.168272
1.178512
1.188642
1.198661
1.208568
1.218364
1.228046
1.237615
1.247070
1.256410
1.265635
1.274744
1.283737
1.292613
1.301372
1.310013
1.318535
1.326939
1.335223
1.343388
1.351432
1.359356
1.367159
1.374841
1.382401
1.389838
1.397154
1.404346
1.411416
1.418362
1.425184
1.431883
1.438457
1.444907
1.451232
1.457432
1.463507
1.469456
1.475280
1.480978
1.486551
1.491997
1.497317
1.502511
1.507578
1.512519
1.517333
1.522020
1.526581
1.531014
1.535321
1.539501
1.543554
1.547479
1.551278
1.554950
1.558495
1.561912
1.565203
1.568367
1.571404
1.574314
1.577098
1.579755
1.582285
1.584689
1.586967
1.589118
1.591144
1.593043
1.594817
1.596465
1.597987
1.599385
1.600657
1.601804
1.602827
1.603725
1.604499
1.605148
1.605674
1.606076
1.606355
1.606511
1.606544
1.606454
1.606243
1.605909
1.605453
1.604876
1.604178
1.603359
1.602420
1.601361
1.600181
1.598883
1.597465
1.595928
1.594273
1.592500
1.590609
1.588601
1.586476
1.584235
1.581878
1.579404
1.576816
1.574113
1.571295
1.568363
1.565317
1.562159
1.558887
1.555504
1.552008
1.548401
1.544684
1.540856
1.536918
1.532870
1.528713
1.524448
1.520075
1.515595
1.511007
1.506313
1.501513
1.496607
1.491597
1.486482
1.481263
1.475941
1.470516
1.464988
1.459359
1.453629
1.447798
1.441867
1.435837
1.429707
1.423479
1.417154
1.410731
1.404212
1.397596
1.390885
1.384080
1.377180
1.370186
1.363099
1.355920
1.348649
1.341286
1.333834
1.326291
1.318658
1.310937
1.303128
1.295232
1.287248
1.279179
1.271023
1.262783
1.254459
1.246051
1.237560
1.228987
1.220332
1.211597
1.202781
1.193885
1.184911
1.175858
1.166727
1.157520
1.148237
1.138877
1.129444
1.119936
1.110354
1.100700
1.090973
1.081176
1.071307
1.061369
1.051362
1.041286
1.031142
1.020931
1.010654
1.000311
0.989904
0.979432
0.968896
0.958298
0.947638
0.936917
0.926135
0.915294
0.904393
0.893435
0.882418
0.871346
0.860217
0.849032
0.837794
0.826501
0.815156
0.803758
0.792310
0.780810
0.769261
0.757662
0.746015
0.734321
0.722580
0.710792
0.698960
0.687083
0.675163
0.663200
0.651195
0.639148
0.627062
0.614935
0.602770
0.590567
0.578326
0.566049
0.553737
0.541390
0.529008
0.516594
0.504147
0.491669
0.479160
0.466622
0.454054
0.441458
0.428835
0.416185
0.403510
0.390809
0.378085
0.365338
0.352568
0.339777
0.326965
0.314133
0.301282
0.288414
0.275528
0.262625
0.249708
0.236775
0.223829
0.210870
0.197899
0.184916
0.171923
0.158921
0.145911
0.132892
0.119867
0.106836
0.093800
0.080759
0.067716
0.054670
0.041622
0.028574
0.015526
0.002480
-0.010565
-0.023607
-0.036645
-0.049678
-0.062705
-0.075726
-0.088739
-0.101744
-0.114740
-0.127725
-0.140699
-0.153662
-0.166611
-0.179547
-0.192467
-0.205372
-0.218261
-0.231132
-0.243984
-0.256817
-0.269630
-0.282421
-0.295190
-0.307936
-0.320658
-0.333355
-0.346027
-0.358671
-0.371287
-0.383875
-0.396433
-0.408961
-0.421457
-0.433920
-0.446350
-0.458746
-0.471106
-0.483430
-0.495717
-0.507965
-0.520174
-0.532344
-0.544472
-0.556558
-0.568601
-0.580601
-0.592555
-0.604464
-0.616326
-0.628140
-0.639906
-0.651621
-0.663287
-0.674900
-0.686461
-0.697969
-0.709422
-0.720820
-0.732161
-0.743445
-0.754671
-0.765837
-0.776943
-0.787988
-0.798971
-0.809891
-0.820746
-0.831537
-0.842262
-0.852919
-0.863509
-0.874030
-0.884481
-0.894861
-0.905169
-0.915405
-0.925567
-0.935655
-0.945667
-0.955602
-0.965460
-0.975240
-0.984940
-0.994559
-1.004098
-1.013554
-1.022928
-1.032217
-1.041421
-1.050539
-1.059570
-1.068513
-1.077368
-1.086133
-1.094807
-1.103390
-1.111880
-1.120277
-1.128580
-1.136787
-1.144899
-1.152913
-1.160829
-1.168647
-1.176365
-1.183982
-1.191498
-1.198911
-1.206221
-1.213427
-1.220528
-1.227523
-1.234411
-1.241192
-1.247864
-1.254427
-1.260880
-1.267222
-1.273452
-1.279569
-1.285573
-1.291463
-1.297238
-1.302896
-1.308438
-1.313863
-1.319169
-1.324356
-1.329423
-1.334370
-1.339196
-1.343899
-1.348479
-1.352936
-1.357269
-1.361476
-1.365558
-1.369513
-1.373342
-1.377042
-1.380614
-1.384056
-1.387369
-1.390552
-1.393603
-1.396522
-1.399310
-1.401964
-1.404484
-1.406870
-1.409122
-1.411238
-1.413219
-1.415062
-1.416769
-1.418339
-1.419770
-1.421063
-1.422217
-1.423231
-1.424106
-1.424840
-1.425433
-1.425885
-1.426195
-1.426363
-1.426389
-1.426272
-1.426012
-1.425608
-1.425060
-1.424368
-1.423532
-1.422551
-1.421425
-1.420154
-1.418737
-1.417174
-1.415465
-1.413611
-1.411609
-1.409462
-1.407168
-1.404727
-1.402139
-1.399404
-1.396523
-1.393494
-1.390318
-1.386995
-1.383525
-1.379907
-1.376143
-1.372231
-1.368173
-1.363968
-1.359616
-1.355117
-1.350472
-1.345681
-1.340743
-1.335659
-1.330430
-1.325055
-1.319535
-1.313871
-1.308061
-1.302107
-1.296010
-1.289768
-1.283384
-1.276857
-1.270187
-1.263375
-1.256422
-1.249328
-1.242094
-1.234720
-1.227206
-1.219553
-1.211763
-1.203834
-1.195769
-1.187567
-1.179230
-1.170758
-1.162152
-1.153412
-1.144539
-1.135535
-1.126399
-1.117134
-1.107738
-1.098214
-1.088563
-1.078784
-1.068880
-1.058851
-1.048698
-1.038422
-1.028024
-1.017505
-1.006866
-0.996108
-0.985233
-0.974241
-0.963134
-0.951912
-0.940577
-0.929130
-0.917572
-0.905905
-0.894130
-0.882247
-0.870259
-0.858166
-0.845970
-0.833672
-0.821274
-0.808776
-0.796181
-0.783489
-0.770703
-0.757823
-0.744851
-0.731788
-0.718636
-0.705396
-0.692071
-0.678660
-0.665167
-0.651592
-0.637937
-0.624204
-0.610394
-0.596508
-0.582549
-0.568518
-0.554417
-0.540246
-0.526009
-0.511706
-0.497340
-0.482911
-0.468422
-0.453874
-0.439270
-0.424610
-0.409896
-0.395131
-0.380315
-0.365452
-0.350541
-0.335586
-0.320588
-0.305548
-0.290469
-0.275352
-0.260199
-0.245012
-0.229792
-0.214542
-0.199263
-0.183957
-0.168626
-0.153271
-0.137894
-0.122498
-0.107083
-0.091652
-0.076207
-0.060749
-0.045280
-0.029801
-0.014316
0.001175
0.016670
0.032167
0.047664
0.063160
0.078652
