0.670984
0.678166
0.684791
0.690853
0.696348
0.701269
0.705613
0.709376
0.712554
0.715145
0.717146
0.718556
0.719373
0.719595
0.719224
0.718258
0.716698
0.714546
0.711802
0.708470
0.704551
0.700049
0.694967
0.689309
0.683080
0.676285
0.668929
0.661018
0.652560
0.643560
0.634026
0.623966
0.613388
0.602301
0.590714
0.578636
0.566079
0.553051
0.539564
0.525629
0.511258
0.496463
0.481255
0.465647
0.449654
0.433286
0.416560
0.399487
0.382084
0.364363
0.346340
0.328030
0.309448
0.290609
0.271529
0.252225
0.232711
0.213005
0.193123
0.173081
0.152895
0.132583
0.112162
0.091647
0.071057
0.050409
0.029719
0.009004
-0.011718
-0.032431
-0.053117
-0.073759
-0.094340
-0.114844
-0.135253
-0.155552
-0.175722
-0.195748
-0.215613
-0.235302
-0.254797
-0.274084
-0.293146
-0.311969
-0.330536
-0.348833
-0.366845
-0.384557
-0.401955
-0.419025
-0.435754
-0.452128
-0.468133
-0.483758
-0.498989
-0.513814
-0.528222
-0.542201
-0.555740
-0.568828
-0.581455
-0.593611
-0.605286
-0.616472
-0.627158
-0.637338
-0.647003
-0.656146
-0.664759
-0.672836
-0.680370
-0.687356
-0.693789
-0.699663
-0.704974
-0.709718
-0.713892
-0.717492
-0.720516
-0.722961
-0.724827
-0.726111
-0.726812
-0.726932
-0.726469
-0.725424
-0.723799
-0.721594
-0.718812
-0.715455
-0.711527
-0.707029
-0.701967
-0.696344
-0.690164
-0.683434
-0.676158
-0.668342
-0.659993
-0.651118
-0.641723
-0.631817
-0.621406
-0.610500
-0.599107
-0.587237
-0.574898
-0.562101
-0.548856
-0.535173
-0.521064
-0.506540
-0.491611
-0.476291
-0.460591
-0.444524
-0.428102
-0.411339
-0.394248
-0.376842
-0.359136
-0.341143
-0.322878
-0.304355
-0.285589
-0.266595
-0.247388
-0.227983
-0.208396
-0.188642
-0.168738
-0.148699
-0.128540
-0.108279
-0.087931
-0.067513
-0.047040
-0.026530
-0.005999
0.014537
0.035061
0.055557
0.076009
0.096399
0.116711
0.136930
0.157038
0.177020
0.196859
0.216539
0.236044
0.255359
0.274467
0.293353
0.312002
0.330399
0.348528
0.366375
0.383924
0.401163
0.418075
0.434648
0.450868
0.466722
0.482196
0.497277
0.511953
0.526212
0.540043
0.553432
0.566370
0.578845
0.590848
0.602367
0.613393
0.623918
0.633931
0.643425
0.652391
0.660822
0.668711
0.676051
0.682835
0.689058
0.694714
0.699799
0.704307
0.708235
0.711580
0.714338
0.716507
0.718085
0.719070
0.719461
0.719258
0.718461
0.717069
0.715085
0.712508
0.709343
0.705590
0.701252
0.696334
0.690839
0.684771
0.678135
0.670938
0.663184
0.654879
0.646032
0.636648
0.626736
0.616303
0.605359
0.593913
0.581973
0.569550
0.556654
0.543296
0.529486
0.515237
0.500560
0.485467
0.469972
0.454085
0.437822
0.421196
0.404219
0.386908
0.369275
0.351335
0.333105
0.314597
0.295829
0.276816
0.257573
0.238117
0.218463
0.198628
0.178629
0.158482
0.138204
0.117811
0.097321
0.076750
0.056116
0.035435
0.014725
-0.005997
-0.026715
-0.047410
-0.068067
-0.088668
-0.109196
-0.129634
-0.149966
-0.170175
-0.190244
-0.210157
-0.229898
-0.249451
-0.268799
-0.287927
-0.306819
-0.325461
-0.343837
-0.361931
-0.379730
-0.397220
-0.414385
-0.431213
-0.447689
-0.463801
-0.479535
-0.494880
-0.509822
-0.524350
-0.538452
-0.552118
-0.565336
-0.578095
-0.590386
-0.602200
-0.613526
-0.624355
-0.634681
-0.644493
-0.653785
-0.662550
-0.670780
-0.678470
-0.685613
-0.692204
-0.698237
-0.703709
-0.708615
-0.712952
-0.716716
-0.719904
-0.722515
-0.724546
-0.725996
-0.726864
-0.727149
-0.726852
-0.725973
-0.724513
-0.722474
-0.719856
-0.716663
-0.712897
-0.708562
-0.703660
-0.698196
-0.692175
-0.685601
-0.678480
-0.670818
-0.662621
-0.653895
-0.644648
-0.634886
-0.624619
-0.613853
-0.602598
-0.590863
-0.578657
-0.565990
-0.552872
-0.539314
-0.525325
-0.510918
-0.496104
-0.480894
-0.465302
-0.449338
-0.433016
-0.416349
-0.399351
-0.382033
-0.364412
-0.346499
-0.328310
-0.309860
-0.291162
-0.272231
-0.253084
-0.233734
-0.214198
-0.194490
-0.174627
-0.154625
-0.134499
-0.114266
-0.093941
-0.073541
-0.053083
-0.032582
-0.012055
0.008481
0.029010
0.049516
0.069981
0.090391
0.110727
0.130974
0.151115
0.171134
0.191016
0.210743
0.230299
0.249670
0.268839
0.287790
0.306508
0.324978
0.343185
0.361114
0.378750
0.396078
0.413085
0.429757
0.446079
0.462038
0.477622
0.492816
0.507609
0.521989
0.535943
0.549459
0.562527
0.575136
0.587274
0.598932
0.610100
0.620769
0.630929
0.640572
0.649689
0.658274
0.666318
0.673815
0.680759
0.687142
0.692961
0.698209
0.702882
0.706977
0.710488
0.713414
0.715752
0.717498
0.718653
0.719214
0.719180
0.718552
0.717330
0.715515
0.713107
0.710110
0.706524
0.702353
0.697600
0.692269
0.686365
0.679891
0.672853
0.665257
0.657109
0.648416
0.639184
0.629422
0.619138
0.608339
0.597035
0.585235
0.572949
0.560187
0.546960
0.533278
0.519153
0.504597
0.489622
0.474240
0.458464
0.442307
0.425783
0.408905
0.391688
0.374145
0.356292
0.338143
0.319713
0.301018
0.282073
0.262894
0.243497
0.223899
0.204114
0.184160
0.164054
0.143812
0.123450
0.102986
0.082437
0.061819
0.041150
0.020447
-0.000273
-0.020994
-0.041697
-0.062366
-0.082985
-0.103535
-0.124000
-0.144364
-0.164609
-0.184719
-0.204678
-0.224469
-0.244077
-0.263484
-0.282676
-0.301637
-0.320351
-0.338804
-0.356979
-0.374864
-0.392442
-0.409701
-0.426626
-0.443203
-0.459419
-0.475262
-0.490718
-0.505775
-0.520422
-0.534646
-0.548436
-0.561782
-0.574672
-0.587097
-0.599047
-0.610511
-0.621483
-0.631952
-0.641910
-0.651350
-0.660265
-0.668647
-0.676490
-0.683788
-0.690536
-0.696727
-0.702359
-0.707425
-0.711923
-0.715849
-0.719201
-0.721975
-0.724170
-0.725784
-0.726816
-0.727266
-0.727134
-0.726419
-0.725123
-0.723247
-0.720793
-0.717762
-0.714157
-0.709982
-0.705240
-0.699934
-0.694070
-0.687652
-0.680685
-0.673175
-0.665128
-0.656550
-0.647449
-0.637832
-0.627707
-0.617081
-0.605963
-0.594362
-0.582288
-0.569750
-0.556758
-0.543323
-0.529454
-0.515164
-0.500464
-0.485364
-0.469878
-0.454018
-0.437796
-0.421225
-0.404319
-0.387090
-0.369552
-0.351720
-0.333608
-0.315230
-0.296600
-0.277733
-0.258645
-0.239351
-0.219866
-0.200205
-0.180384
-0.160419
-0.140327
-0.120122
-0.099821
-0.079441
-0.058997
-0.038507
-0.017985
0.002550
0.023083
0.043597
0.064076
0.084503
0.104862
0.125137
0.145310
0.165366
0.185288
0.205060
0.224667
0.244093
0.263321
0.282336
0.301122
0.319664
0.337948
0.355958
0.373679
0.391096
0.408197
0.424965
0.441389
0.457453
0.473146
0.488453
0.503362
0.517861
0.531938
0.545581
0.558779
0.571520
0.583794
0.595591
0.606901
0.617714
0.628021
0.637813
0.647083
0.655821
0.664022
0.671677
0.678780
0.685325
0.691307
0.696720
0.701559
0.705821
0.709501
0.712596
0.715103
0.717021
0.718346
0.719079
0.719217
0.718761
0.717711
0.716067
0.713830
0.711003
0.707588
0.703586
0.699001
0.693837
0.688098
0.681789
0.674914
0.667480
0.659491
0.650955
0.641879
0.632271
0.622137
0.611487
0.600328
0.588672
0.576526
0.563901
0.550808
0.537258
0.523261
0.508829
0.493975
0.478710
0.463047
0.447000
0.430582
0.413806
0.396686
0.379237
0.361473
0.343409
0.325059
0.306440
0.287567
0.268455
0.249120
0.229579
0.209848
0.189942
0.169879
0.149675
0.129347
0.108911
0.088386
0.067787
0.047132
0.026438
0.005721
-0.015000
-0.035709
-0.056390
-0.077024
-0.097594
-0.118085
-0.138479
-0.158760
-0.178910
-0.198913
-0.218754
-0.238415
-0.257881
-0.277136
-0.296164
-0.314950
-0.333479
-0.351735
-0.369704
-0.387372
-0.404723
-0.421744
-0.438422
-0.454743
-0.470693
-0.486261
-0.501433
-0.516198
-0.530544
-0.544459
-0.557932
-0.570953
-0.583511
-0.595597
-0.607201
-0.618313
-0.628926
-0.639030
-0.648619
-0.657683
-0.666217
-0.674214
-0.681668
-0.688572
-0.694922
-0.700712
-0.705939
-0.710599
-0.714687
-0.718202
-0.721139
-0.723498
-0.725277
-0.726474
-0.727088
-0.727120
-0.726570
-0.725438
-0.723725
-0.721434
-0.718565
-0.715122
-0.711107
-0.706524
-0.701377
-0.695669
-0.689406
-0.682593
-0.675235
-0.667338
-0.658909
-0.649954
-0.640481
-0.630497
-0.620011
-0.609030
-0.597564
-0.585621
-0.573212
-0.560346
-0.547033
-0.533285
-0.519112
-0.504524
-0.489535
-0.474156
-0.458399
-0.442276
-0.425801
-0.408986
-0.391846
-0.374393
-0.356641
-0.338605
-0.320299
-0.301737
-0.282934
-0.263906
-0.244667
-0.225232
-0.205618
-0.185839
-0.165912
-0.145852
-0.125676
-0.105399
-0.085038
-0.064609
-0.044128
-0.023613
-0.003078
0.017459
0.037982
0.058474
0.078919
0.099301
0.119602
0.139807
0.159899
0.179862
0.199681
0.219338
0.238817
0.258104
0.277183
0.296037
0.314651
0.333011
0.351102
0.368907
0.386414
0.403607
0.420473
0.436997
0.453166
0.468966
0.484386
0.499410
0.514029
0.528228
0.541996
0.555323
0.568196
0.580605
0.592540
0.603990
0.614946
0.625399
0.635340
0.644760
0.653651
0.662007
0.669819
0.677081
0.683786
0.689930
0.695506
0.700510
0.704938
0.708785
0.712048
0.714724
0.716810
0.718306
0.719208
0.719517
0.719231
0.718351
0.716877
0.714810
0.712152
0.708905
0.705071
0.700653
0.695655
0.690081
0.683935
0.677222
0.669947
0.662117
0.653738
0.644817
0.635360
0.625377
0.614874
0.603861
0.592347
0.580341
0.567854
0.554895
0.541475
0.527606
0.513298
0.498565
0.483417
0.467868
0.451931
0.435619
0.418945
0.401924
0.384569
0.366895
0.348917
0.330649
0.312108
0.293307
0.274264
0.254993
0.235511
0.215834
0.195978
0.175961
0.155797
0.135505
0.115101
0.094601
0.074024
0.053385
0.032703
0.011993
-0.008726
-0.029439
-0.050127
-0.070773
-0.091361
-0.111874
-0.132295
-0.152608
-0.172794
-0.192839
-0.212725
-0.232437
-0.251958
-0.271272
-0.290365
-0.309219
-0.327820
-0.346153
-0.364203
-0.381956
-0.399396
-0.416511
-0.433285
-0.449707
-0.465762
-0.481438
-0.496722
-0.511602
-0.526066
-0.540102
-0.553700
-0.566849
-0.579538
-0.591757
-0.603497
-0.614748
-0.625502
-0.635750
-0.645483
-0.654696
-0.663380
-0.671528
-0.679134
-0.686194
-0.692700
-0.698648
-0.704034
-0.708853
-0.713102
-0.716778
-0.719878
-0.722400
-0.724341
-0.725702
-0.726480
-0.726676
-0.726289
-0.725321
-0.723771
-0.721642
-0.718935
-0.715653
-0.711799
-0.707375
-0.702385
-0.696835
-0.690727
-0.684068
-0.676862
-0.669115
-0.660835
-0.652027
-0.642698
-0.632856
-0.622510
-0.611667
-0.600335
-0.588525
-0.576246
-0.563506
-0.550317
-0.536689
-0.522633
-0.508160
-0.493282
-0.478010
-0.462357
-0.446334
-0.429956
-0.413234
-0.396182
-0.378814
-0.361144
-0.343185
-0.324952
-0.306459
-0.287720
-0.268752
-0.249569
-0.230186
-0.210619
-0.190883
-0.170994
-0.150968
-0.130821
-0.110569
-0.090227
-0.069814
-0.049344
-0.028834
-0.008300
0.012240
0.032771
0.053276
0.073739
0.094142
0.114470
0.134707
0.154835
0.174839
0.194702
0.214409
0.233943
0.253289
0.272431
0.291352
0.310039
0.328475
0.346646
0.364536
0.382132
0.399418
0.416380
0.433005
0.449278
0.465187
0.480718
0.495858
0.510596
0.524917
0.538812
0.552267
0.565272
0.577816
0.589889
0.601480
0.612580
0.623178
0.633267
0.642838
0.651883
0.660393
0.668362
0.675783
0.682649
0.688955
0.694695
0.699864
0.704458
0.708472
0.711903
0.714748
0.717004
0.718669
0.719742
0.720221
0.720106
0.719396
0.718093
0.716196
0.713708
0.710630
0.706964
0.702713
0.697881
0.692472
0.686490
0.679939
0.672825
0.665154
0.656932
0.648166
0.638862
0.629029
0.618675
0.607808
0.596437
0.584572
0.572222
0.559397
0.546109
0.532368
0.518186
0.503574
0.488545
0.473111
0.457285
0.441080
0.424509
0.407587
0.390328
0.372745
0.354854
0.336669
0.318206
0.299480
0.280506
0.261300
0.241879
0.222258
0.202454
0.182483
0.162361
0.142107
0.121735
0.101263
0.080709
0.060089
0.039419
0.018718
-0.001997
-0.022711
-0.043404
-0.064062
-0.084665
-0.105199
-0.125645
-0.145986
-0.166208
-0.186291
-0.206221
-0.225981
-0.245555
-0.264927
-0.284081
-0.303001
-0.321673
-0.340081
-0.358209
-0.376045
-0.393572
-0.410778
-0.427647
-0.444168
-0.460325
-0.476107
-0.491500
-0.506493
-0.521074
-0.535230
-0.548951
-0.562226
-0.575044
-0.587395
-0.599269
-0.610657
-0.621550
-0.631940
-0.641818
-0.651177
-0.660009
-0.668308
-0.676067
-0.683280
-0.689941
-0.696046
-0.701590
-0.706569
-0.710978
-0.714815
-0.718077
-0.720762
-0.722867
-0.724391
-0.725333
-0.725693
-0.725470
-0.724666
-0.723280
-0.721314
-0.718770
-0.715650
-0.711957
-0.707693
-0.702863
-0.697470
-0.691520
-0.685016
-0.677964
-0.670370
-0.662239
-0.653580
-0.644398
-0.634700
-0.624496
-0.613792
-0.602598
-0.590923
-0.578775
-0.566164
-0.553102
-0.539597
-0.525661
-0.511305
-0.496540
-0.481378
-0.465831
-0.449911
-0.433632
-0.417006
-0.400046
-0.382765
-0.365178
-0.347299
-0.329141
-0.310719
-0.292048
-0.273143
-0.254018
-0.234689
-0.215171
-0.195480
-0.175631
-0.155641
-0.135525
-0.115299
-0.094979
-0.074582
-0.054125
-0.033622
-0.013091
0.007451
0.027989
0.048506
0.068985
0.089409
0.109764
0.130031
0.150195
0.170239
0.190147
0.209903
0.229492
0.248896
0.268101
0.287091
0.305849
0.324362
0.342614
0.360590
0.378274
0.395654
0.412714
0.429441
0.445820
0.461838
0.477482
0.492740
0.507597
0.522043
0.536065
0.549651
0.562790
0.575471
0.587683
0.599417
0.610662
0.621409
0.631649
0.641372
0.650572
0.659240
0.667368
0.674950
0.681980
0.688450
0.694356
0.699693
0.704455
0.708639
0.712240
0.715256
0.717685
0.719522
0.720768
0.721420
0.721478
0.720942
0.719811
0.718087
0.715771
0.712864
0.709368
0.705288
0.700624
0.695382
0.689566
0.683179
0.676228
0.668718
0.660655
0.652046
0.642898
0.633218
0.623014
0.612294
0.601069
0.589346
0.577135
0.564447
0.551292
0.537681
0.523626
0.509138
0.494228
0.478910
0.463197
0.447100
0.430635
0.413814
0.396651
0.379161
0.361358
0.343257
0.324874
0.306223
0.287320
0.268181
0.248822
0.229258
0.209507
0.189584
0.169506
0.149289
0.128952
0.108509
0.087979
0.067378
0.046723
0.026032
0.005321
-0.015392
-0.036091
-0.056758
-0.077376
-0.097928
-0.118398
-0.138769
-0.159023
-0.179145
-0.199118
-0.218925
-0.238550
-0.257979
-0.277193
-0.296179
-0.314920
-0.333401
-0.351608
-0.369525
-0.387139
-0.404434
-0.421398
-0.438016
-0.454274
-0.470161
-0.485663
-0.500768
-0.515464
-0.529739
-0.543582
-0.556981
-0.569927
-0.582409
-0.594416
-0.605940
-0.616972
-0.627503
-0.637524
-0.647028
-0.656008
-0.664455
-0.672365
-0.679731
-0.686547
-0.692807
-0.698508
-0.703645
-0.708213
-0.712210
-0.715633
-0.718479
-0.720746
-0.722432
-0.723537
-0.724059
-0.723999
-0.723357
-0.722133
-0.720329
-0.717946
-0.714987
-0.711453
-0.707349
-0.702676
-0.697440
-0.691645
-0.685295
-0.678395
-0.670952
-0.662971
-0.654458
-0.645421
-0.635867
-0.625803
-0.615237
-0.604179
-0.592637
-0.580619
-0.568137
-0.555199
-0.541816
-0.527999
-0.513758
-0.499106
-0.484053
-0.468611
-0.452794
-0.436613
-0.420081
-0.403212
-0.386019
-0.368515
-0.350715
-0.332632
-0.314281
-0.295677
-0.276834
-0.257767
-0.238492
-0.219024
-0.199378
-0.179570
-0.159615
-0.139531
-0.119332
-0.099035
-0.078656
-0.058211
-0.037717
-0.017190
0.003354
0.023897
0.044424
0.064918
0.085362
0.105741
0.126037
0.146235
0.166317
0.186268
0.206072
0.225712
0.245174
0.264439
0.283494
0.302323
0.320910
0.339240
0.357299
0.375070
0.392541
0.409696
0.426522
0.443004
0.459129
0.474884
0.490255
0.505230
0.519797
0.533944
0.547658
0.560928
0.573743
0.586093
0.597967
0.609355
0.620247
0.630635
0.640509
0.649862
0.658684
0.666970
0.674711
0.681901
0.688534
0.694604
0.700106
0.705035
0.709387
0.713158
0.716344
0.718943
0.720951
0.722369
0.723193
0.723423
0.723059
0.722100
0.720548
0.718403
0.715667
0.712342
0.708430
0.703935
0.698860
0.693210
0.686988
0.680200
0.672852
0.664949
0.656497
0.647504
0.637978
0.627925
0.617354
0.606275
0.594695
0.582625
0.570075
0.557055
0.543576
0.529648
0.515285
0.500497
0.485297
0.469697
0.453711
0.437352
0.420633
0.403569
0.386174
0.368461
0.350446
0.332145
0.313571
0.294741
0.275670
0.256374
0.236870
0.217173
0.197300
0.177267
0.157091
0.136788
0.116376
0.095872
0.075292
0.054653
0.033973
0.013268
-0.007443
-0.028145
-0.048821
-0.069452
-0.090022
-0.110515
-0.130913
-0.151200
-0.171358
-0.191373
-0.211226
-0.230903
-0.250386
-0.269661
-0.288711
-0.307521
-0.326075
-0.344359
-0.362358
-0.380057
-0.397442
-0.414499
-0.431214
-0.447574
-0.463566
-0.479176
-0.494393
-0.509204
-0.523598
-0.537562
-0.551087
-0.564160
-0.576773
-0.588914
-0.600574
-0.611744
-0.622416
-0.632581
-0.642230
-0.651357
-0.659955
-0.668016
-0.675534
-0.682505
-0.688921
-0.694780
-0.700075
-0.704803
-0.708960
-0.712544
-0.715552
-0.717981
-0.719830
-0.721098
-0.721784
-0.721887
-0.721408
-0.720347
-0.718705
-0.716484
-0.713686
-0.710313
-0.706368
-0.701854
-0.696775
-0.691136
-0.684940
-0.678194
-0.670902
-0.663070
-0.654706
-0.645814
-0.636404
-0.626481
-0.616055
-0.605133
-0.593725
-0.581839
-0.569485
-0.556673
-0.543413
-0.529715
-0.515591
-0.501052
-0.486109
-0.470774
-0.455060
-0.438978
-0.422542
-0.405765
-0.388659
-0.371240
-0.353520
-0.335513
-0.317234
-0.298698
-0.279918
-0.260911
-0.241691
-0.222273
-0.202673
-0.182907
-0.162990
-0.142938
-0.122768
-0.102494
-0.082134
-0.061704
-0.041219
-0.020698
-0.000155
0.020393
0.040929
0.061436
0.081899
0.102301
0.122624
0.142854
0.162973
0.182966
0.202816
0.222506
0.242022
0.261348
0.280467
0.299364
0.318023
0.336430
0.354570
0.372427
0.389987
0.407235
0.424158
0.440741
0.456972
0.472835
0.488319
0.503411
0.518097
0.532366
0.546207
0.559606
0.572554
0.585040
0.597052
0.608581
0.619618
0.630152
0.640176
0.649680
0.658657
0.667098
0.674997
0.682347
0.689141
0.695375
0.701041
0.706136
0.710655
0.714594
0.717950
0.720718
0.722898
0.724487
0.725482
0.725885
0.725692
0.724906
0.723525
0.721552
0.718987
0.715833
0.712091
0.707765
0.702858
0.697374
0.691318
0.684694
0.677508
0.669766
0.661474
0.652638
0.643266
0.633366
0.622946
0.612014
0.600580
0.588652
0.576242
0.563358
0.550013
0.536216
0.521979
0.507315
0.492235
0.476752
0.460879
0.444629
0.428015
0.411052
0.393753
0.376133
0.358207
0.339990
0.321496
0.302741
0.283741
0.264512
0.245069
0.225428
0.205607
0.185622
0.165488
0.145224
0.124844
0.104368
0.083811
0.063190
0.042523
0.021827
0.001119
-0.019585
-0.040267
-0.060910
-0.081497
-0.102011
-0.122435
-0.142753
-0.162948
-0.183003
-0.202902
-0.222629
-0.242167
-0.261501
-0.280615
-0.299493
-0.318121
-0.336482
-0.354563
-0.372347
-0.389822
-0.406973
-0.423786
-0.440248
-0.456345
-0.472065
-0.487395
-0.502323
-0.516836
-0.530923
-0.544574
-0.557777
-0.570521
-0.582797
-0.594595
-0.605906
-0.616721
-0.627031
-0.636828
-0.646105
-0.654854
-0.663068
-0.670742
-0.677869
-0.684444
-0.690462
-0.695918
-0.700808
-0.705129
-0.708876
-0.712048
-0.714642
-0.716657
-0.718090
-0.718941
-0.719210
-0.718897
-0.718001
-0.716524
-0.714467
-0.711833
-0.708622
-0.704839
-0.700486
-0.695567
-0.690087
-0.684048
-0.677457
-0.670319
-0.662639
-0.654424
-0.645681
-0.636416
-0.626637
-0.616352
-0.605568
-0.594296
-0.582543
-0.570320
-0.557635
-0.544500
-0.530924
-0.516918
-0.502493
-0.487662
-0.472435
-0.456825
-0.440844
-0.424505
-0.407821
-0.390805
-0.373471
-0.355832
-0.337903
-0.319698
-0.301230
-0.282516
-0.263569
-0.244405
-0.225039
-0.205487
-0.185764
-0.165885
-0.145867
-0.125726
-0.105477
-0.085137
-0.064722
-0.044249
-0.023733
-0.003192
0.017359
0.037903
0.058423
0.078902
0.099326
0.119676
0.139936
0.160091
0.180124
0.200018
0.219758
0.239328
0.258712
0.277893
0.296857
0.315588
0.334070
0.352289
0.370230
0.387878
0.405218
0.422237
0.438920
0.455254
0.471225
0.486819
0.502025
0.516830
0.531221
0.545185
0.558713
0.571792
0.584411
0.596560
0.608229
0.619408
0.630088
0.640258
0.649912
0.659041
0.667636
0.675691
0.683199
0.690153
0.696547
0.702376
0.707635
0.712319
0.716424
0.719947
0.722884
0.725232
0.726990
0.728155
0.728727
0.728705
0.728088
0.726877
0.725073
0.722677
0.719691
0.716117
0.711957
0.707216
0.701897
0.696004
0.689542
0.682517
0.674933
0.666797
0.658116
0.648897
0.639147
0.628875
0.618089
0.606798
0.595011
0.582738
0.569989
0.556775
0.543106
0.528995
0.514452
0.499490
0.484122
0.468360
0.452216
0.435706
0.418842
0.401639
0.384110
0.366271
0.348136
0.329721
0.311040
0.292110
0.272946
0.253563
0.233979
0.214209
0.194270
0.174179
0.153951
0.133605
0.113156
0.092622
0.072019
0.051365
0.030677
0.009972
-0.010733
-0.031421
-0.052075
-0.072678
-0.093213
-0.113663
-0.134011
-0.154241
-0.174335
-0.194279
-0.214054
-0.233646
-0.253038
-0.272214
-0.291159
-0.309858
-0.328295
-0.346455
-0.364323
-0.381886
-0.399129
-0.416037
-0.432599
-0.448799
-0.464626
-0.480066
-0.495108
-0.509738
-0.523946
-0.537720
-0.551050
-0.563924
-0.576333
-0.588266
-0.599715
-0.610670
-0.621122
-0.631064
-0.640488
-0.649386
-0.657752
-0.665579
-0.672860
-0.679591
-0.685767
-0.691381
-0.696431
-0.700913
-0.704822
-0.708156
-0.710914
-0.713092
-0.714689
-0.715704
-0.716138
-0.715988
-0.715256
-0.713943
-0.712050
-0.709578
-0.706530
-0.702908
-0.698716
-0.693956
-0.688633
-0.682752
-0.676316
-0.669331
-0.661804
-0.653739
-0.645144
-0.636025
-0.626391
-0.616247
-0.605604
-0.594468
-0.582850
-0.570758
-0.558202
-0.545193
-0.531740
-0.517854
-0.503546
-0.488827
-0.473711
-0.458207
-0.442329
-0.426089
-0.409501
-0.392577
-0.375330
-0.357776
-0.339926
-0.321797
-0.303401
-0.284754
-0.265870
-0.246765
-0.227454
-0.207952
-0.188274
-0.168437
-0.148455
-0.128346
-0.108125
-0.087808
-0.067411
-0.046951
-0.026444
-0.005907
0.014644
0.035193
0.055723
0.076217
0.096659
0.117033
0.137323
0.157511
0.177581
0.197518
0.217305
0.236926
0.256366
0.275608
0.294636
0.313437
0.331993
0.350290
0.368312
0.386047
0.403477
0.420590
0.437372
0.453807
0.469884
0.485589
0.500908
0.515829
0.530340
0.544428
0.558083
0.571292
0.584044
0.596329
0.608137
0.619458
0.630281
0.640599
0.650401
0.659681
0.668430
0.676640
0.684306
0.691419
0.697974
0.703965
0.709388
0.714237
0.718508
0.722197
0.725302
0.727819
0.729745
0.731080
0.731822
0.731969
0.731522
0.730481
0.728847
0.726619
0.723801
0.720395
0.716402
0.711827
0.706673
0.700943
0.694643
0.687778
0.680352
0.672374
0.663847
0.654781
0.645182
0.635058
0.624418
0.613270
0.601623
0.589488
0.576874
0.563791
0.550251
0.536265
0.521845
0.507001
0.491748
0.476096
0.460061
0.443654
0.426890
0.409782
0.392345
0.374593
0.356541
0.338205
0.319599
0.300738
0.281639
0.262318
0.242790
0.223072
0.203180
0.183131
0.162941
0.142628
0.122207
0.101696
0.081112
0.060472
0.039792
0.019091
-0.001615
-0.022308
-0.042973
-0.063591
-0.084146
-0.104621
-0.124998
-0.145262
-0.165396
-0.185383
-0.205207
-0.224851
-0.244300
-0.263538
-0.282549
-0.301318
-0.319830
-0.338068
-0.356020
-0.373670
-0.391003
-0.408007
-0.424667
-0.440970
-0.456902
-0.472452
-0.487607
-0.502354
-0.516681
-0.530578
-0.544034
-0.557037
-0.569577
-0.581645
-0.593230
-0.604325
-0.614919
-0.625006
-0.634576
-0.643622
-0.652139
-0.660117
-0.667553
-0.674439
-0.680771
-0.686544
-0.691753
-0.696395
-0.700465
-0.703962
-0.706882
-0.709223
-0.710984
-0.712164
-0.712761
-0.712776
-0.712208
-0.711059
-0.709329
-0.707020
-0.704135
-0.700674
-0.696643
-0.692043
-0.686879
-0.681154
-0.674875
-0.668045
-0.660670
-0.652757
-0.644311
-0.635340
-0.625850
-0.615850
-0.605348
-0.594351
-0.582869
-0.570910
-0.558485
-0.545603
-0.532275
-0.518511
-0.504322
-0.489719
-0.474714
-0.459319
-0.443547
-0.427409
-0.410918
-0.394089
-0.376933
-0.359465
-0.341698
-0.323647
-0.305326
-0.286749
-0.267932
-0.248889
-0.229635
-0.210186
-0.190557
-0.170764
-0.150823
-0.130749
-0.110558
-0.090267
-0.069892
-0.049449
-0.028954
-0.008424
0.012124
0.032675
0.053212
0.073717
0.094176
0.114571
0.134886
0.155104
0.175210
0.195186
0.215018
0.234688
0.254181
0.273481
0.292572
0.311439
0.330067
0.348439
0.366542
0.384361
0.401880
0.419086
0.435964
0.452500
0.468681
0.484494
0.499925
0.514962
0.529592
0.543804
0.557584
0.570922
0.583807
0.596228
0.608175
0.619636
0.630604
0.641068
0.651020
0.660451
0.669354
0.677721
0.685544
0.692817
0.699533
0.705688
0.711275
0.716290
0.720728
0.724585
0.727859
0.730545
0.732642
0.734148
0.735061
0.735379
0.735104
0.734234
0.732770
0.730714
0.728066
0.724828
0.721004
0.716596
0.711608
0.706044
0.699907
0.693204
0.685939
0.678119
0.669749
0.660838
0.651391
0.641417
0.630924
0.619921
0.608416
0.596420
0.583942
0.570993
0.557583
0.543723
0.529426
0.514702
0.499564
0.484025
0.468098
0.451796
0.435132
0.418121
0.400776
0.383113
0.365145
0.346888
0.328356
0.309567
0.290534
0.271274
0.251803
0.232137
0.212292
0.192286
0.172134
0.151853
0.131460
0.110973
0.090407
0.069780
0.049110
0.028412
0.007705
-0.012994
-0.033670
-0.054303
-0.074879
-0.095379
-0.115786
-0.136085
-0.156258
-0.176289
-0.196162
-0.215860
-0.235367
-0.254667
-0.273744
-0.292584
-0.311171
-0.329489
-0.347524
-0.365262
-0.382687
-0.399786
-0.416546
-0.432952
-0.448991
-0.464651
-0.479919
-0.494783
-0.509231
-0.523252
-0.536834
-0.549966
-0.562639
-0.574842
-0.586565
-0.597800
-0.608537
-0.618768
-0.628485
-0.637681
-0.646348
-0.654480
-0.662070
-0.669112
-0.675602
-0.681533
-0.686902
-0.691705
-0.695937
-0.699596
-0.702680
-0.705185
-0.707110
-0.708454
-0.709216
-0.709395
-0.708992
-0.708007
-0.706441
-0.704296
-0.701573
-0.698275
-0.694404
-0.689965
-0.684960
-0.679393
-0.673270
-0.666595
-0.659373
-0.651612
-0.643316
-0.634492
-0.625149
-0.615292
-0.604931
-0.594073
-0.582727
-0.570902
-0.558608
-0.545854
-0.532651
-0.519009
-0.504939
-0.490452
-0.475560
-0.460274
-0.444607
-0.428571
-0.412179
-0.395444
-0.378379
-0.360998
-0.343314
-0.325342
-0.307096
-0.288591
-0.269840
-0.250859
-0.231664
-0.212268
-0.192689
-0.172941
-0.153040
-0.133002
-0.112842
-0.092578
-0.072226
-0.051800
-0.031319
-0.010797
0.009748
0.030299
0.050842
0.071358
0.091831
0.112246
0.132585
0.152832
0.172971
0.192986
0.212860
0.232577
0.252122
0.271478
0.290630
0.309562
0.328259
0.346705
0.364886
0.382787
0.400392
0.417688
0.434660
0.451295
0.467578
0.483497
0.499037
0.514187
0.528934
0.543265
0.557169
0.570634
0.583648
0.596202
0.608284
0.619884
0.630992
0.641600
0.651698
0.661278
0.670332
0.678851
0.686829
0.694258
0.701133
0.707448
0.713197
0.718374
0.722976
0.726999
0.730439
0.733292
0.735556
0.737230
0.738311
0.738799
0.738692
0.737990
0.736695
0.734807
0.732326
0.729256
0.725599
0.721356
0.716532
0.711131
0.705156
0.698613
0.691508
0.683844
0.675630
0.666872
0.657576
0.647751
0.637405
0.626545
0.615182
0.603325
0.590982
0.578166
0.564886
0.551152
0.536978
0.522374
0.507353
0.491927
0.476108
0.459911
0.443349
0.426435
0.409183
0.391609
0.373726
0.355549
0.337094
0.318376
0.299410
0.280213
0.260800
0.241188
0.221392
0.201430
0.181317
0.161071
0.140708
0.120246
0.099700
0.079089
0.058429
0.037737
0.017031
-0.003673
-0.024357
-0.045004
-0.065598
-0.086122
-0.106558
-0.126890
-0.147100
-0.167174
-0.187093
-0.206843
-0.226406
-0.245767
-0.264910
-0.283819
-0.302480
-0.320876
-0.338994
-0.356818
-0.374334
-0.391528
-0.408385
-0.424894
-0.441039
-0.456809
-0.472190
-0.487171
-0.501739
-0.515882
-0.529591
-0.542853
-0.555657
-0.567995
-0.579857
-0.591232
-0.602112
-0.612488
-0.622353
-0.631698
-0.640516
-0.648801
-0.656547
-0.663746
-0.670393
-0.676484
-0.682014
-0.686979
-0.691374
-0.695197
-0.698445
-0.701115
-0.703206
-0.704716
-0.705644
-0.705989
-0.705752
-0.704933
-0.703532
-0.701552
-0.698994
-0.695859
-0.692151
-0.687874
-0.683029
-0.677622
-0.671657
-0.665139
-0.658073
-0.650465
-0.642320
-0.633647
-0.624450
-0.614739
-0.604521
-0.593804
-0.582596
-0.570907
-0.558745
-0.546122
-0.533045
-0.519527
-0.505578
-0.491209
-0.476431
-0.461257
-0.445697
-0.429765
-0.413474
-0.396835
-0.379863
-0.362571
-0.344972
-0.327081
-0.308912
-0.290479
-0.271797
-0.252880
-0.233744
-0.214405
-0.194877
-0.175175
-0.155317
-0.135316
-0.115190
-0.094955
-0.074626
-0.054220
-0.033753
-0.013242
0.007297
0.027848
0.048394
0.068919
0.089405
0.109838
0.130199
0.150474
0.170645
0.190696
0.210611
0.230374
0.249968
0.269379
0.288590
0.307585
0.326349
0.344868
0.363125
0.381105
0.398795
0.416180
0.433244
0.449975
0.466359
0.482382
0.498030
0.513291
0.528153
0.542602
0.556627
0.570217
0.583359
0.596044
0.608260
0.619997
0.631245
0.641995
0.652237
0.661964
0.671166
0.679837
0.687968
0.695553
0.702585
0.709058
0.714966
0.720305
0.725070
0.729256
0.732861
0.735879
0.738310
0.740150
0.741399
0.742053
0.742114
0.741580
0.740453
0.738731
0.736418
0.733514
0.730021
0.725943
0.721283
0.716044
0.710231
0.703848
0.696900
0.689394
0.681334
0.672729
0.663584
0.653908
0.643708
0.632992
0.621771
0.610052
0.597846
0.585162
0.572012
0.558406
0.544355
0.529872
0.514967
0.499654
0.483946
0.467855
0.451395
0.434579
0.417422
0.399937
0.382140
0.364046
0.345668
0.327023
0.308127
0.288994
0.269641
0.250084
0.230339
0.210422
0.190351
0.170142
0.149811
0.129375
0.108852
0.088258
0.067610
0.046926
0.026222
0.005516
-0.015175
-0.035834
-0.056445
-0.076990
-0.097452
-0.117815
-0.138062
-0.158176
-0.178141
-0.197941
-0.217558
-0.236979
-0.256185
-0.275163
-0.293896
-0.312370
-0.330569
-0.348478
-0.366084
-0.383372
-0.400327
-0.416937
-0.433188
-0.449067
-0.464561
-0.479658
-0.494346
-0.508613
-0.522448
-0.535840
-0.548777
-0.561251
-0.573251
-0.584767
-0.595791
-0.606314
-0.616327
-0.625823
-0.634795
-0.643235
-0.651137
-0.658495
-0.665303
-0.671555
-0.677248
-0.682377
-0.686938
-0.690927
-0.694342
-0.697180
-0.699439
-0.701118
-0.702215
-0.702730
-0.702662
-0.702012
-0.700780
-0.698968
-0.696578
-0.693610
-0.690069
-0.685957
-0.681277
-0.676033
-0.670230
-0.663872
-0.656965
-0.649514
-0.641525
-0.633004
-0.623960
-0.614398
-0.604326
-0.593753
-0.582687
-0.571137
-0.559112
-0.546622
-0.533676
-0.520286
-0.506461
-0.492213
-0.477553
-0.462492
-0.447043
-0.431218
-0.415030
-0.398491
-0.381614
-0.364414
-0.346903
-0.329095
-0.311005
-0.292647
-0.274036
-0.255186
-0.236112
-0.216830
-0.197355
-0.177702
-0.157888
-0.137927
-0.117836
-0.097631
-0.077327
-0.056942
-0.036491
-0.015991
0.004542
0.025091
0.045640
0.066172
0.086671
0.107121
0.127505
0.147806
0.168008
0.188095
0.208051
0.227859
0.247503
0.266968
0.286238
0.305297
0.324129
0.342719
0.361053
0.379114
0.396888
0.414362
0.431519
0.448347
0.464831
0.480958
0.496715
0.512088
0.527065
0.541633
0.555780
0.569495
0.582766
0.595582
0.607932
0.619806
0.631194
0.642087
0.652474
0.662348
0.671701
0.680523
0.688808
0.696548
0.703738
0.710370
0.716439
0.721940
0.726867
0.731218
0.734987
0.738172
0.740769
0.742776
0.744192
0.745015
0.745243
0.744877
0.743917
0.742363
0.740217
0.737479
0.734152
0.730239
0.725743
0.720666
0.715014
0.708791
0.702002
0.694652
0.686748
0.678295
0.669301
0.659774
0.649720
0.639149
0.628068
0.616488
0.604418
0.591867
0.578847
0.565367
0.551440
0.537077
0.522289
0.507089
0.491490
0.475505
0.459147
0.442429
0.425366
0.407971
0.390260
0.372247
0.353947
0.335375
0.316546
0.297478
0.278184
0.258682
0.238987
0.219116
0.199086
0.178912
0.158613
0.138204
0.117702
0.097125
0.076490
0.055813
0.035112
0.014404
-0.006295
-0.026966
-0.047594
-0.068161
-0.088649
-0.109044
-0.129326
-0.149481
-0.169491
-0.189341
-0.209013
-0.228492
-0.247762
-0.266808
-0.285614
-0.304164
-0.322443
-0.340438
-0.358132
-0.375513
-0.392565
-0.409276
-0.425632
-0.441619
-0.457225
-0.472437
-0.487244
-0.501633
-0.515593
-0.529113
-0.542182
-0.554790
-0.566927
-0.578583
-0.589749
-0.600416
-0.610576
-0.620222
-0.629345
-0.637938
-0.645995
-0.653509
-0.660476
-0.666888
-0.672742
-0.678033
-0.682757
-0.686911
-0.690491
-0.693495
-0.695920
-0.697766
-0.699030
-0.699712
-0.699811
-0.699328
-0.698263
-0.696618
-0.694393
-0.691592
-0.688215
-0.684266
-0.679749
-0.674667
-0.669024
-0.662825
-0.656076
-0.648780
-0.640945
-0.632577
-0.623683
-0.614269
-0.604343
-0.593914
-0.582989
-0.571578
-0.559689
-0.547332
-0.534517
-0.521254
-0.507553
-0.493426
-0.478884
-0.463938
-0.448600
-0.432883
-0.416799
-0.400360
-0.383580
-0.366472
-0.349050
-0.331327
-0.313318
-0.295037
-0.276498
-0.257717
-0.238707
-0.219485
-0.200065
-0.180463
-0.160695
-0.140776
-0.120722
-0.100550
-0.080274
-0.059913
-0.039481
-0.018995
0.001528
0.022073
0.042622
0.063159
0.083667
0.104131
0.124533
0.144858
0.165088
0.185208
0.205201
0.225051
0.244742
0.264258
0.283583
0.302702
0.321598
0.340257
0.358664
0.376802
0.394658
0.412217
0.429465
0.446386
0.462968
0.479196
0.495058
0.510540
0.525630
0.540314
0.554581
0.568418
0.581815
0.594760
0.607243
0.619252
0.630778
0.641811
0.652342
0.662361
0.671862
0.680834
0.689271
0.697166
0.704511
0.711301
0.717529
0.723191
0.728281
0.732795
0.736728
0.740078
0.742841
0.745015
0.746598
0.747588
0.747984
0.747786
0.746994
0.745607
0.743627
0.741056
0.737895
0.734147
0.729815
0.724901
0.719411
0.713348
0.706718
0.699525
0.691776
0.683477
0.674635
0.665257
0.655350
0.644924
0.633985
0.622545
0.610611
0.598194
0.585305
0.571953
0.558150
0.543907
0.529237
0.514152
0.498663
0.482784
0.466529
0.449910
0.432941
0.415638
0.398013
0.380082
0.361860
0.343362
0.324603
0.305599
0.286366
0.266919
0.247275
0.227451
0.207462
0.187325
0.167058
0.146676
0.126197
0.105638
0.085015
0.064347
0.043649
0.022939
0.002234
-0.018449
-0.039093
-0.059681
-0.080195
-0.100620
-0.120938
-0.141133
-0.161188
-0.181087
-0.200813
-0.220351
-0.239684
-0.258797
-0.277674
-0.296300
-0.314660
-0.332739
-0.350522
-0.367995
-0.385144
-0.401955
-0.418415
-0.434510
-0.450227
-0.465555
-0.480480
-0.494990
-0.509075
-0.522723
-0.535923
-0.548664
-0.560938
-0.572733
-0.584041
-0.594852
-0.605159
-0.614953
-0.624227
-0.632973
-0.641184
-0.648855
-0.655979
-0.662551
-0.668566
-0.674018
-0.678906
-0.683223
-0.686968
-0.690137
-0.692728
-0.694740
-0.696171
-0.697020
-0.697286
-0.696970
-0.696072
-0.694592
-0.692534
-0.689897
-0.686685
-0.682900
-0.678545
-0.673625
-0.668142
-0.662102
-0.655510
-0.648370
-0.640690
-0.632474
-0.623730
-0.614464
-0.604685
-0.594399
-0.583616
-0.572343
-0.560591
-0.548367
-0.535683
-0.522548
-0.508972
-0.494967
-0.480543
-0.465713
-0.450487
-0.434878
-0.418899
-0.402562
-0.385879
-0.368865
-0.351533
-0.333896
-0.315969
-0.297766
-0.279301
-0.260589
-0.241645
-0.222484
-0.203121
-0.183572
-0.163852
-0.143977
-0.123962
-0.103824
-0.083579
-0.063243
-0.042832
-0.022363
-0.001851
0.018686
0.039233
0.059772
0.080287
0.100763
0.121181
0.141527
0.161783
0.181932
0.201960
0.221850
0.241585
0.261149
0.280527
0.299704
0.318662
0.337387
0.355864
0.374078
0.392013
0.409655
0.426990
0.444003
0.460680
0.477008
0.492973
0.508562
0.523762
0.538560
0.552945
0.566903
0.580425
0.593497
0.606110
0.618253
0.629916
0.641088
0.651761
0.661925
0.671572
0.680694
0.689283
0.697331
0.704832
0.711779
0.718167
0.723989
0.729241
0.733918
0.738016
0.741531
0.744461
0.746802
0.748553
0.749711
0.750275
0.750246
0.749622
0.748404
0.746592
0.744189
0.741195
0.737613
0.733447
0.728698
0.723371
0.717471
0.711001
0.703968
0.696376
0.688233
0.679544
0.670317
0.660560
0.650280
0.639486
0.628187
0.616393
0.604112
0.591355
0.578133
0.564457
0.550338
0.535788
0.520818
0.505442
0.489672
0.473522
0.457004
0.440132
0.422922
0.405386
0.387539
0.369397
0.350974
0.332286
0.313349
0.294177
0.274788
0.255197
0.235420
0.215474
0.195376
0.175142
0.154789
0.134333
0.113793
0.093184
0.072524
0.051829
0.031118
0.010407
-0.010287
-0.030946
-0.051555
-0.072095
-0.092551
-0.112904
-0.133139
-0.153239
-0.173187
-0.192968
-0.212564
-0.231961
-0.251141
-0.270091
-0.288794
-0.307234
-0.325398
-0.343271
-0.360837
-0.378084
-0.394996
-0.411561
-0.427765
-0.443595
-0.459038
-0.474082
-0.488716
-0.502927
-0.516703
-0.530035
-0.542912
-0.555323
-0.567259
-0.578710
-0.589667
-0.600121
-0.610065
-0.619491
-0.628391
-0.636758
-0.644587
-0.651870
-0.658603
-0.664779
-0.670395
-0.675447
-0.679929
-0.683840
-0.687176
-0.689935
-0.692114
-0.693713
-0.694729
-0.695164
-0.695016
-0.694285
-0.692974
-0.691082
-0.688611
-0.685565
-0.681945
-0.677754
-0.672996
-0.667675
-0.661795
-0.655361
-0.648378
-0.640853
-0.632790
-0.624197
-0.615081
-0.605449
-0.595308
-0.584667
-0.573534
-0.561919
-0.549830
-0.537278
-0.524271
-0.510822
-0.496939
-0.482635
-0.467921
-0.452808
-0.437308
-0.421435
-0.405200
-0.388616
-0.371696
-0.354455
-0.336905
-0.319061
-0.300937
-0.282547
-0.263906
-0.245028
-0.225929
-0.206624
-0.187128
-0.167457
-0.147626
-0.127652
-0.107550
-0.087336
-0.067026
-0.046637
-0.026184
-0.005685
0.014844
0.035387
0.055928
0.076449
0.096935
0.117369
0.137734
0.158015
0.178194
0.198256
0.218184
0.237961
0.257573
0.277003
0.296236
0.315255
0.334046
0.352592
0.370879
0.388892
0.406616
0.424037
0.441140
0.457911
0.474337
0.490403
0.506098
0.521406
0.536317
0.550818
0.564896
0.578540
0.591738
0.604480
0.616755
0.628552
0.639861
0.650674
0.660981
0.670773
0.680042
0.688780
0.696980
0.704634
0.711737
0.718281
0.724262
0.729673
0.734512
0.738772
0.742450
0.745544
0.748050
0.749966
0.751290
0.752020
0.752157
0.751699
0.750647
0.749002
0.746764
0.743935
0.740518
0.736514
0.731928
0.726763
0.721022
0.714711
0.707835
0.700399
0.692409
0.683873
0.674796
0.665186
0.655051
0.644400
0.633241
0.621584
0.609438
0.596813
0.583720
0.570169
0.556173
0.541741
0.526887
0.511623
0.495962
0.479916
0.463498
0.446724
0.429606
0.412158
0.394396
0.376334
0.357988
0.339371
0.320501
0.301392
0.282061
0.262523
0.242795
0.222893
0.202834
0.182635
0.162311
0.141881
0.121361
0.100767
0.080118
0.059429
0.038719
0.018004
-0.002699
-0.023373
-0.044000
-0.064563
-0.085047
-0.105433
-0.125706
-0.145848
-0.165843
-0.185675
-0.205328
-0.224785
-0.244031
-0.263050
-0.281827
-0.300346
-0.318593
-0.336552
-0.354209
-0.371550
-0.388561
-0.405228
-0.421539
-0.437478
-0.453035
-0.468196
-0.482950
-0.497285
-0.511188
-0.524650
-0.537660
-0.550206
-0.562281
-0.573873
-0.584973
-0.595574
-0.605666
-0.615242
-0.624295
-0.632817
-0.640801
-0.648243
-0.655135
-0.661472
-0.667251
-0.672465
-0.677112
-0.681188
-0.684690
-0.687616
-0.689962
-0.691728
-0.692913
-0.693515
-0.693535
-0.692973
-0.691828
-0.690104
-0.687800
-0.684919
-0.681464
-0.677437
-0.672843
-0.667684
-0.661964
-0.655690
-0.648865
-0.641495
-0.633587
-0.625147
-0.616181
-0.606697
-0.596702
-0.586205
-0.575213
-0.563736
-0.551783
-0.539364
-0.526488
-0.513165
-0.499407
-0.485224
-0.470627
-0.455628
-0.440240
-0.424474
-0.408342
-0.391858
-0.375035
-0.357886
-0.340425
-0.322665
-0.304621
-0.286307
-0.267738
-0.248928
-0.229893
-0.210647
-0.191206
-0.171585
-0.151800
-0.131867
-0.111802
-0.091620
-0.071338
-0.050972
-0.030538
-0.010053
0.010468
0.031007
0.051547
0.072074
0.092569
0.113018
0.133402
0.153706
0.173914
0.194008
0.213973
0.233793
0.253452
0.272933
0.292221
0.311300
0.330155
0.348770
0.367130
0.385220
0.403026
0.420532
0.437725
0.454589
0.471112
0.487280
0.503079
0.518496
0.533519
0.548135
0.562332
0.576098
0.589422
0.602292
0.614698
0.626630
0.638076
0.649029
0.659478
0.669415
0.678831
0.687718
0.696069
0.703877
0.711134
0.717835
0.723974
0.729545
0.734544
0.738966
0.742808
0.746066
0.748736
0.750817
0.752307
0.753204
0.753507
0.753215
0.752329
0.750850
0.748777
0.746113
0.742860
0.739020
0.734597
0.729593
0.724012
0.717860
0.711142
0.703861
0.696026
0.687641
0.678714
0.669252
0.659263
0.648755
0.637737
0.626217
0.614207
0.601714
0.588750
0.575326
0.561452
0.547140
0.532402
0.517251
0.501698
0.485757
0.469442
0.452764
0.435740
0.418382
0.400705
0.382725
0.364455
0.345911
0.327108
0.308063
0.288791
0.269308
0.249630
0.229774
0.209755
0.189592
0.169300
0.148896
0.128397
0.107820
0.087183
0.066501
0.045793
0.025076
0.004366
-0.016320
-0.036964
-0.057549
-0.078059
-0.098477
-0.118785
-0.138968
-0.159009
-0.178891
-0.198598
-0.218114
-0.237423
-0.256510
-0.275359
-0.293955
-0.312282
-0.330326
-0.348072
-0.365506
-0.382614
-0.399382
-0.415797
-0.431845
-0.447513
-0.462790
-0.477662
-0.492119
-0.506148
-0.519738
-0.532879
-0.545560
-0.557772
-0.569503
-0.580746
-0.591492
-0.601732
-0.611457
-0.620662
-0.629337
-0.637477
-0.645076
-0.652127
-0.658625
-0.664565
-0.669943
-0.674754
-0.678995
-0.682663
-0.685755
-0.688269
-0.690203
-0.691556
-0.692327
-0.692516
-0.692122
-0.691146
-0.689589
-0.687453
-0.684740
-0.681451
-0.677590
-0.673160
-0.668164
-0.662607
-0.656493
-0.649828
-0.642617
