-2.621094
-2.614160
-2.607220
-2.600274
-2.593321
-2.586362
-2.579397
-2.572426
-2.565448
-2.558464
-2.551474
-2.544478
-2.537475
-2.530466
-2.523451
-2.516430
-2.509403
-2.502370
-2.495331
-2.488285
-2.481234
-2.474176
-2.467113
-2.460043
-2.452968
-2.445886
-2.438799
-2.431705
-2.424606
-2.417501
-2.410390
-2.403273
-2.396150
-2.389021
-2.381886
-2.374746
-2.367600
-2.360448
-2.353290
-2.346127
-2.338958
-2.331783
-2.324602
-2.317416
-2.310224
-2.303026
-2.295823
-2.288614
-2.281400
-2.274180
-2.266954
-2.259723
-2.252486
-2.245244
-2.237996
-2.230743
-2.223485
-2.216220
-2.208951
-2.201676
-2.194396
-2.187110
-2.179819
-2.172523
-2.165221
-2.157914
-2.150602
-2.143284
-2.135961
-2.128633
-2.121300
-2.113961
-2.106618
-2.099269
-2.091915
-2.084556
-2.077191
-2.069822
-2.062447
-2.055068
-2.047683
-2.040294
-2.032899
-2.025499
-2.018095
-2.010685
-2.003271
-1.995851
-1.988427
-1.980998
-1.973564
-1.966125
-1.958681
-1.951232
-1.943779
-1.936320
-1.928857
-1.921390
-1.913917
-1.906440
-1.898958
-1.891471
-1.883980
-1.876484
-1.868984
-1.861479
-1.853969
-1.846455
-1.838936
-1.831412
-1.823885
-1.816352
-1.808815
-1.801274
-1.793728
-1.786178
-1.778623
-1.771064
-1.763501
-1.755933
-1.748361
-1.740784
-1.733204
-1.725619
-1.718029
-1.710436
-1.702838
-1.695236
-1.687630
-1.680020
-1.672405
-1.664786
-1.657164
-1.649537
-1.641906
-1.634271
-1.626632
-1.618989
-1.611342
-1.603690
-1.596035
-1.588376
-1.580713
-1.573046
-1.565376
-1.557701
-1.550023
-1.542340
-1.534654
-1.526964
-1.519270
-1.511573
-1.503871
-1.496166
-1.488457
-1.480745
-1.473029
-1.465309
-1.457586
-1.449859
-1.442128
-1.434394
-1.426656
-1.418915
-1.411170
-1.403421
-1.395670
-1.387914
-1.380155
-1.372393
-1.364628
-1.356859
-1.349086
-1.341310
-1.333531
-1.325749
-1.317963
-1.310174
-1.302382
-1.294586
-1.286788
-1.278986
-1.271181
-1.263372
-1.255561
-1.247746
-1.239929
-1.232108
-1.224284
-1.216457
-1.208627
-1.200794
-1.192959
-1.185120
-1.177278
-1.169433
-1.161585
-1.153735
-1.145881
-1.138025
-1.130166
-1.122304
-1.114439
-1.106571
-1.098701
-1.090828
-1.082952
-1.075073
-1.067192
-1.059308
-1.051422
-1.043533
-1.035641
-1.027747
-1.019850
-1.011950
-1.004048
-0.996144
-0.988237
-0.980327
-0.972415
-0.964501
-0.956584
-0.948665
-0.940743
-0.932820
-0.924893
-0.916965
-0.909034
-0.901101
-0.893165
-0.885228
-0.877288
-0.869346
-0.861402
-0.853455
-0.845507
-0.837556
-0.829604
-0.821649
-0.813692
-0.805733
-0.797772
-0.789809
-0.781844
-0.773877
-0.765909
-0.757938
-0.749965
-0.741991
-0.734014
-0.726036
-0.718056
-0.710074
-0.702091
-0.694105
-0.686118
-0.678129
-0.670139
-0.662147
-0.654153
-0.646157
-0.638160
-0.630161
-0.622161
-0.614159
-0.606155
-0.598151
-0.590144
-0.582136
-0.574127
-0.566116
-0.558103
-0.550090
-0.542075
-0.534058
-0.526040
-0.518021
-0.510001
-0.501979
-0.493956
-0.485932
-0.477906
-0.469880
-0.461852
-0.453823
-0.445793
-0.437762
-0.429729
-0.421696
-0.413661
-0.405626
-0.397589
-0.389552
-0.381513
-0.373473
-0.365433
-0.357392
-0.349349
-0.341306
-0.333262
-0.325217
-0.317172
-0.309125
-0.301078
-0.293030
-0.284981
-0.276932
-0.268881
-0.260830
-0.252779
-0.244727
-0.236674
-0.228621
-0.220567
-0.212512
-0.204457
-0.196401
-0.188345
-0.180289
-0.172232
-0.164174
-0.156117
-0.148058
-0.140000
-0.131941
-0.123881
-0.115822
-0.107762
-0.099702
-0.091641
-0.083581
-0.075520
-0.067459
-0.059397
-0.051336
-0.043274
-0.035213
-0.027151
-0.019089
-0.011027
-0.002965
0.005097
0.013158
0.021220
0.029282
0.037344
0.045406
0.053467
0.061528
0.069590
0.077651
0.085712
0.093772
0.101833
0.109893
0.117953
0.126012
0.134072
0.142131
0.150189
0.158247
0.166305
0.174363
0.182420
0.190476
0.198532
0.206588
0.214643
0.222697
0.230751
0.238804
0.246857
0.254909
0.262961
0.271011
0.279061
0.287111
0.295159
0.303207
0.311255
0.319301
0.327346
0.335391
0.343435
0.351478
0.359520
0.367561
0.375602
0.383641
0.391679
0.399717
0.407753
0.415789
0.423823
0.431856
0.439888
0.447919
0.455949
0.463978
0.472005
0.480032
0.488057
0.496081
0.504103
0.512125
0.520145
0.528164
0.536181
0.544197
0.552212
0.560225
0.568237
0.576247
0.584256
0.592264
0.600270
0.608274
0.616277
0.624279
0.632279
0.640277
0.648273
0.656268
0.664262
0.672253
0.680243
0.688231
0.696218
0.704202
0.712185
0.720166
0.728145
0.736123
0.744098
0.752072
0.760044
0.768014
0.775981
0.783947
0.791911
0.799873
0.807833
0.815791
0.823747
0.831700
0.839652
0.847601
0.855549
0.863494
0.871437
0.879377
0.887316
0.895252
0.903186
0.911118
0.919047
0.926974
0.934899
0.942821
0.950741
0.958659
0.966574
0.974486
0.982396
0.990304
0.998209
1.006112
1.014012
1.021909
1.029804
1.037697
1.045586
1.053473
1.061358
1.069239
1.077118
1.084994
1.092868
1.100738
1.108606
1.116471
1.124334
1.132193
1.140049
1.147903
1.155754
1.163601
1.171446
1.179288
1.187127
1.194963
1.202796
1.210625
1.218452
1.226276
1.234096
1.241913
1.249728
1.257539
1.265346
1.273151
1.280952
1.288750
1.296545
1.304337
1.312125
1.319910
1.327692
1.335470
1.343245
1.351016
1.358784
1.366548
1.374309
1.382067
1.389821
1.397572
1.405319
1.413062
1.420802
1.428538
1.436271
1.444000
1.451725
1.459446
1.467164
1.474878
1.482589
1.490296
1.497998
1.505697
1.513393
1.521084
1.528772
1.536455
1.544135
1.551811
1.559483
1.567151
1.574815
1.582475
1.590131
1.597783
1.605430
1.613074
1.620714
1.628349
1.635981
1.643608
1.651231
1.658850
1.666465
1.674075
1.681682
1.689284
1.696881
1.704475
1.712064
1.719648
1.727229
1.734805
1.742376
1.749943
1.757506
1.765064
1.772618
1.780167
1.787712
1.795252
1.802788
1.810319
1.817845
1.825367
1.832884
1.840397
1.847905
1.855408
1.862907
1.870400
1.877889
1.885374
1.892853
1.900328
1.907798
1.915263
1.922723
1.930178
1.937629
1.945074
1.952515
1.959950
1.967381
1.974807
1.982227
1.989643
1.997053
2.004459
2.011859
2.019255
2.026645
2.034030
2.041410
2.048784
2.056154
2.063518
2.070877
2.078231
2.085580
2.092923
2.100261
2.107594
2.114921
2.122243
2.129559
2.136870
2.144176
2.151476
2.158771
2.166061
2.173345
2.180623
2.187896
2.195163
2.202425
2.209681
2.216932
2.224177
2.231416
2.238650
2.245878
2.253100
2.260317
2.267527
2.274733
2.281932
2.289126
2.296313
2.303495
2.310671
2.317842
2.325006
2.332165
2.339317
2.346464
2.353605
2.360740
2.367869
2.374991
2.382108
2.389219
2.396324
2.403423
2.410515
2.417602
2.424682
2.431756
2.438824
2.445886
2.452942
2.459992
2.467035
2.474072
2.481103
2.488128
2.495146
2.502158
2.509163
2.516163
2.523156
2.530142
2.537122
2.544096
2.551063
2.558024
2.564978
2.571926
2.578868
2.585803
2.592731
2.599653
2.606568
2.613477
2.620379
2.627274
2.634163
2.641045
2.647920
2.654789
2.661651
2.668507
2.675355
2.682197
2.689032
2.695860
2.702682
2.709497
2.716304
2.723105
2.729899
2.736687
2.743467
2.750240
2.757007
2.763766
2.770519
2.777264
2.784003
2.790734
2.797459
2.804176
2.810886
2.817590
2.824286
2.830975
2.837656
2.844331
2.850999
2.857659
2.864312
2.870958
2.877597
2.884228
2.890852
2.897469
2.904079
2.910681
2.917276
2.923864
2.930444
2.937017
2.943582
2.950140
2.956691
2.963234
2.969770
2.976298
2.982819
2.989332
2.995838
3.002336
3.008826
3.015310
3.021785
3.028253
3.034713
3.041166
3.047611
3.054048
3.060478
3.066899
3.073314
3.079720
3.086119
3.092510
3.098893
3.105268
3.111636
3.117996
3.124348
3.130692
3.137028
3.143357
3.149677
3.155990
3.162294
3.168591
3.174880
3.181160
3.187433
3.193698
3.199955
3.206203
3.212444
3.218677
3.224901
3.231118
3.237326
3.243526
3.249718
3.255902
3.262078
3.268246
3.274405
3.280556
3.286699
3.292834
3.298961
3.305079
3.311189
3.317290
3.323384
3.329469
3.335545
3.341614
3.347674
3.353725
3.359768
3.365803
3.371829
3.377847
3.383857
3.389858
3.395850
3.401834
3.407810
3.413777
3.419735
3.425685
3.431626
3.437559
3.443483
3.449398
3.455305
3.461204
3.467093
3.472974
3.478846
3.484710
3.490565
3.496411
3.502248
3.508077
3.513897
3.519708
3.525510
3.531304
3.537088
3.542864
3.548631
3.554390
3.560139
3.565879
3.571611
3.577334
3.583047
3.588752
3.594448
3.600135
3.605813
3.611482
3.617141
3.622792
3.628434
3.634067
3.639691
3.645306
3.650911
3.656508
3.662095
3.667673
3.673243
3.678803
3.684354
3.689895
3.695428
3.700951
3.706465
3.711970
3.717466
3.722952
3.728429
3.733897
3.739356
3.744805
3.750245
3.755676
3.761097
3.766509
3.771912
3.777305
3.782689
3.788064
3.793429
3.798785
3.804131
3.809468
3.814795
3.820113
3.825422
3.830721
3.836010
3.841290
3.846560
3.851821
3.857073
3.862314
3.867546
3.872769
3.877982
3.883185
3.888379
3.893563
3.898738
3.903903
3.909058
3.914203
3.919339
3.924465
3.929582
3.934688
3.939785
3.944872
3.949950
3.955018
3.960075
3.965124
3.970162
3.975190
3.980209
3.985218
3.990217
3.995206
4.000185
4.005154
4.010114
4.015063
4.020003
4.024933
4.029853
4.034762
4.039662
4.044552
4.049432
4.054302
4.059162
4.064012
4.068852
4.073682
4.078502
4.083312
4.088111
4.092901
4.097681
4.102450
4.107210
4.111959
4.116698
4.121427
4.126146
4.130855
4.135553
4.140241
4.144920
4.149588
4.154245
4.158893
4.163530
4.168158
4.172774
4.177381
4.181977
4.186563
4.191139
4.195705
4.200260
4.204805
4.209339
4.213864
4.218377
4.222881
4.227374
4.231857
4.236329
4.240791
4.245243
4.249684
4.254115
4.258535
4.262945
4.267345
4.271734
4.276112
4.280481
4.284838
4.289185
4.293522
4.297848
4.302164
4.306469
4.310763
4.315047
4.319321
4.323583
4.327836
4.332077
4.336309
4.340529
4.344739
4.348938
4.353127
4.357305
4.361472
4.365629
4.369775
4.373911
4.378035
4.382150
4.386253
4.390346
4.394428
4.398499
4.402559
4.406609
4.410648
4.414676
4.418694
4.422701
4.426697
4.430682
4.434656
4.438620
4.442573
4.446515
4.450446
4.454366
4.458276
4.462175
4.466062
4.469939
4.473805
4.477661
4.481505
4.485338
4.489161
4.492973
4.496773
4.500563
4.504342
4.508110
4.511867
4.515613
4.519348
4.523072
4.526785
4.530487
4.534179
4.537859
4.541528
4.545186
4.548833
4.552469
4.556095
4.559709
4.563312
4.566904
4.570485
4.574054
4.577613
4.581161
4.584698
4.588223
4.591738
4.595241
4.598733
4.602214
4.605684
4.609143
4.612591
4.616027
4.619453
4.622867
4.626270
4.629662
4.633043
4.636412
4.639771
4.643118
4.646454
4.649779
4.653093
4.656395
4.659686
4.662966
4.666235
4.669492
4.672738
4.675973
4.679197
4.682409
4.685610
4.688800
4.691979
4.695146
4.698302
4.701447
4.704580
4.707702
4.710813
4.713913
4.717001
4.720078
4.723143
4.726197
4.729240
4.732271
4.735292
4.738300
4.741298
4.744283
4.747258
4.750221
4.753173
4.756113
4.759042
4.761960
4.764866
4.767761
4.770644
4.773516
4.776377
4.779226
4.782064
4.784890
4.787705
4.790508
4.793300
4.796080
4.798849
4.801606
4.804352
4.807087
4.809810
4.812521
4.815221
4.817910
4.820587
4.823253
4.825907
4.828549
4.831180
4.833799
4.836407
4.839004
4.841589
4.844162
4.846724
4.849274
4.851813
4.854340
4.856855
4.859359
4.861852
4.864333
4.866802
4.869260
4.871706
4.874141
4.876563
4.878975
4.881375
4.883763
4.886139
4.888504
4.890858
4.893200
4.895530
4.897848
4.900155
4.902450
4.904734
4.907006
4.909266
4.911515
4.913752
4.915978
4.918192
4.920394
4.922584
4.924763
4.926930
4.929086
4.931230
4.933362
4.935482
4.937591
4.939688
4.941774
4.943848
4.945910
4.947960
4.949999
4.952026
4.954041
4.956045
4.958037
4.960017
4.961986
4.963943
4.965888
4.967821
4.969743
4.971653
4.973551
4.975438
4.977313
4.979176
4.981027
4.982867
4.984695
4.986511
4.988316
4.990108
4.991889
4.993659
4.995416
4.997162
4.998896
5.000618
5.002329
5.004027
5.005714
5.007390
5.009053
5.010705
5.012345
5.013973
5.015590
5.017194
5.018787
5.020368
5.021938
5.023495
5.025041
5.026575
5.028098
5.029608
5.031107
5.032594
5.034069
5.035533
5.036984
5.038424
5.039852
5.041269
5.042673
5.044066
5.045447
5.046816
5.048173
5.049519
5.050853
5.052175
5.053485
5.054783
5.056070
5.057345
5.058608
5.059859
5.061099
5.062326
5.063542
5.064746
5.065939
5.067119
5.068288
5.069445
5.070590
5.071723
5.072845
5.073954
5.075052
5.076138
5.077213
5.078275
5.079326
5.080365
5.081392
5.082407
5.083411
5.084402
5.085382
5.086351
5.087307
5.088251
5.089184
5.090105
5.091014
5.091912
5.092797
5.093671
5.094533
5.095383
5.096221
5.097048
5.097863
5.098666
5.099457
5.100236
5.101004
5.101760
5.102504
5.103236
5.103957
5.104665
5.105362
5.106047
5.106721
5.107382
5.108032
5.108670
5.109296
5.109911
5.110513
5.111104
5.111683
5.112250
5.112806
5.113350
5.113882
5.114402
5.114910
5.115407
5.115892
5.116365
5.116826
5.117276
5.117714
5.118140
5.118554
5.118957
5.119348
5.119727
5.120094
5.120450
5.120794
5.121126
5.121446
5.121755
5.122051
5.122336
5.122610
5.122871
5.123121
5.123360
5.123586
5.123801
5.124004
5.124195
5.124374
5.124542
5.124698
5.124843
5.124975
5.125096
5.125206
5.125303
5.125389
5.125463
5.125525
5.125576
5.125615
5.125643
5.125658
5.125662
5.125654
5.125635
5.125604
5.125561
5.125507
5.125440
5.125363
5.125273
5.125172
5.125059
5.124935
5.124799
5.124651
5.124492
5.124320
5.124138
5.123943
5.123737
5.123520
5.123291
5.123050
5.122797
5.122533
5.122257
5.121970
5.121671
5.121360
5.121038
5.120704
5.120359
5.120002
5.119633
5.119253
5.118861
5.118458
5.118043
5.117616
5.117178
5.116728
5.116267
5.115794
5.115310
5.114814
5.114306
5.113787
5.113256
5.112714
5.112160
5.111595
5.111018
5.110430
5.109830
5.109219
5.108596
5.107962
5.107316
5.106658
5.105990
5.105309
5.104617
5.103914
5.103199
5.102473
5.101735
5.100986
5.100225
5.099453
5.098669
5.097874
5.097067
5.096249
5.095420
5.094579
5.093726
5.092863
5.091987
5.091101
5.090203
5.089293
5.088372
5.087440
5.086496
5.085541
5.084575
5.083597
5.082608
5.081607
5.080595
5.079572
5.078537
5.077491
5.076434
5.075365
5.074285
5.073193
5.072090
5.070976
5.069851
5.068714
5.067566
5.066407
5.065236
5.064054
5.062861
5.061656
5.060441
5.059213
5.057975
5.056725
5.055464
5.054192
5.052909
5.051614
5.050308
5.048991
5.047663
5.046323
5.044972
5.043610
5.042237
5.040853
5.039457
5.038050
5.036632
5.035203
5.033763
5.032311
5.030849
5.029375
5.027890
5.026394
5.024886
5.023368
5.021838
5.020298
5.018746
5.017183
5.015609
5.014024
5.012428
5.010820
5.009202
5.007572
5.005932
5.004280
5.002618
5.000944
4.999259
4.997563
4.995857
4.994139
4.992410
4.990670
4.988919
4.987157
4.985384
4.983600
4.981806
4.980000
4.978183
4.976355
4.974516
4.972667
4.970806
4.968935
4.967052
4.965159
4.963254
4.961339
4.959413
4.957476
4.955528
4.953569
4.951599
4.949619
4.947627
4.945625
4.943612
4.941588
4.939553
4.937507
4.935451
4.933383
4.931305
4.929216
4.927116
4.925006
4.922884
4.920752
4.918609
4.916456
4.914291
4.912116
4.909930
4.907734
4.905526
4.903308
4.901080
4.898840
4.896590
4.894329
4.892057
4.889775
4.887482
4.885179
4.882864
4.880540
4.878204
4.875858
4.873501
4.871134
4.868756
4.866367
4.863968
4.861558
4.859138
4.856707
4.854265
4.851813
4.849350
4.846877
4.844394
4.841899
4.839395
4.836879
4.834354
4.831817
4.829271
4.826713
4.824146
4.821567
4.818979
4.816380
4.813770
4.811150
4.808520
4.805879
4.803228
4.800566
4.797894
4.795212
4.792519
4.789816
4.787102
4.784378
4.781644
4.778900
4.776145
4.773379
4.770604
4.767818
4.765022
4.762216
4.759399
4.756572
4.753735
4.750887
4.748029
4.745161
4.742283
4.739395
4.736496
4.733587
4.730668
4.727739
4.724800
4.721850
4.718890
4.715920
4.712940
4.709950
4.706950
4.703939
4.700919
4.697888
4.694848
4.691797
4.688736
4.685665
4.682584
4.679493
4.676392
4.673280
4.670159
4.667028
4.663887
4.660736
4.657574
4.654403
4.651222
4.648031
4.644830
4.641619
4.638398
4.635167
4.631926
4.628676
4.625415
4.622145
4.618864
4.615574
4.612274
4.608964
4.605644
4.602315
4.598975
4.595626
4.592267
4.588898
4.585519
4.582131
4.578732
4.575324
4.571907
4.568479
4.565042
4.561595
4.558138
4.554672
4.551196
4.547710
4.544215
4.540710
4.537195
4.533671
4.530137
4.526593
4.523040
4.519477
4.515904
4.512322
4.508731
4.505129
4.501519
4.497898
4.494268
4.490629
4.486980
4.483321
4.479653
4.475976
4.472289
4.468593
4.464887
4.461171
4.457447
4.453712
4.449969
4.446216
4.442453
4.438681
4.434900
4.431109
4.427309
4.423500
4.419681
4.415853
4.412016
4.408169
4.404313
4.400448
4.396573
4.392689
4.388796
4.384894
4.380982
4.377061
4.373131
4.369192
4.365243
4.361286
4.357319
4.353343
4.349358
4.345363
4.341360
4.337347
4.333325
4.329294
4.325254
4.321205
4.317147
4.313080
4.309004
4.304918
4.300824
4.296720
4.292608
4.288486
4.284356
4.280217
4.276068
4.271911
4.267744
4.263569
4.259385
4.255192
4.250990
4.246779
4.242559
4.238330
4.234093
4.229846
4.225591
4.221327
4.217054
4.212772
4.208481
4.204182
4.199874
4.195557
4.191231
4.186896
4.182553
4.178201
4.173840
4.169471
4.165093
4.160706
4.156311
4.151907
4.147494
4.143072
4.138642
4.134204
4.129756
4.125300
4.120836
4.116363
4.111881
4.107391
4.102892
4.098385
4.093869
4.089345
4.084812
4.080271
4.075721
4.071163
4.066596
4.062021
4.057437
4.052845
4.048245
4.043636
4.039019
4.034393
4.029759
4.025117
4.020466
4.015807
4.011140
4.006464
4.001780
3.997088
3.992387
3.987679
3.982962
3.978236
3.973503
3.968761
3.964011
3.959253
3.954487
3.949712
3.944930
3.940139
3.935340
3.930533
3.925718
3.920894
3.916063
3.911223
3.906376
3.901520
3.896657
3.891785
3.886905
3.882017
3.877122
3.872218
3.867306
3.862387
3.857459
3.852523
3.847580
3.842629
3.837669
3.832702
3.827727
3.822744
3.817753
3.812754
3.807748
3.802734
3.797711
3.792681
3.787644
3.782598
3.777545
3.772484
3.767415
3.762338
3.757254
3.752162
3.747062
3.741955
3.736840
3.731717
3.726587
3.721449
3.716304
3.711150
3.705990
3.700821
3.695645
3.690462
3.685271
3.680072
3.674866
3.669652
3.664431
3.659202
3.653966
3.648723
3.643472
3.638213
3.632947
3.627674
3.622393
3.617105
3.611809
3.606506
3.601196
3.595878
3.590554
3.585221
3.579882
3.574535
3.569181
3.563819
3.558450
3.553075
3.547691
3.542301
3.536903
3.531499
3.526087
3.520667
3.515241
3.509808
3.504367
3.498919
3.493464
3.488002
3.482533
3.477057
3.471574
3.466084
3.460586
3.455082
3.449571
3.444053
3.438527
3.432995
3.427456
3.421909
3.416356
3.410796
3.405229
3.399655
3.394075
3.388487
3.382893
3.377291
3.371683
3.366068
3.360446
3.354818
3.349182
3.343540
3.337891
3.332235
3.326573
3.320904
3.315228
3.309545
3.303856
3.298160
3.292457
3.286748
3.281032
3.275310
3.269581
3.263845
3.258103
3.252354
3.246598
3.240836
3.235068
3.229293
3.223511
3.217723
3.211929
3.206128
3.200320
3.194506
3.188686
3.182859
3.177026
3.171187
3.165341
3.159488
3.153630
3.147765
3.141894
3.136016
3.130132
3.124242
3.118345
3.112442
3.106533
3.100618
3.094697
3.088769
3.082835
3.076895
3.070949
3.064996
3.059038
3.053073
3.047102
3.041126
3.035143
3.029153
3.023158
3.017157
3.011150
3.005136
2.999117
2.993092
2.987061
2.981023
2.974980
2.968931
2.962876
2.956815
2.950748
2.944675
2.938596
2.932511
2.926421
2.920325
2.914222
2.908114
2.902001
2.895881
2.889756
2.883625
2.877488
2.871345
2.865197
2.859043
2.852883
2.846717
2.840546
2.834369
2.828187
2.821999
2.815805
2.809606
2.803401
2.797190
2.790974
2.784753
2.778526
2.772293
2.766055
2.759811
2.753562
2.747307
2.741047
2.734781
2.728510
2.722234
2.715952
2.709665
2.703372
2.697074
2.690771
2.684462
2.678148
2.671829
2.665504
2.659174
2.652839
2.646499
2.640153
2.633802
2.627446
2.621085
2.614718
2.608346
2.601969
2.595587
2.589200
2.582808
2.576410
2.570008
2.563600
2.557187
2.550770
2.544347
2.537919
2.531486
2.525048
2.518605
2.512158
2.505705
2.499247
2.492784
2.486317
2.479844
2.473367
2.466884
2.460397
2.453905
2.447408
2.440907
2.434400
2.427889
2.421373
2.414852
2.408326
2.401796
2.395261
2.388721
2.382176
2.375627
2.369073
2.362514
2.355951
2.349383
2.342811
2.336234
2.329652
2.323066
2.316475
2.309879
2.303279
2.296675
2.290066
2.283452
2.276834
2.270212
2.263585
2.256953
2.250318
2.243677
2.237033
2.230384
2.223730
2.217073
2.210410
2.203744
2.197073
2.190398
2.183719
2.177035
2.170347
2.163655
2.156958
2.150258
2.143553
2.136844
2.130130
2.123413
2.116691
2.109966
2.103236
2.096502
2.089764
2.083022
2.076275
2.069525
2.062771
2.056012
2.049250
2.042483
2.035713
2.028939
2.022160
2.015378
2.008592
2.001801
1.995007
1.988209
1.981408
1.974602
1.967792
1.960979
1.954162
1.947341
1.940516
1.933687
1.926855
1.920018
1.913179
1.906335
1.899488
1.892637
1.885782
1.878923
1.872061
1.865196
1.858326
1.851453
1.844577
1.837697
1.830813
1.823926
1.817035
1.810140
1.803242
1.796341
1.789436
1.782528
1.775616
1.768701
1.761782
1.754860
1.747934
1.741005
1.734073
1.727137
1.720198
1.713256
1.706310
1.699361
1.692409
1.685453
1.678495
1.671532
1.664567
1.657598
1.650627
1.643652
1.636674
1.629692
1.622708
1.615720
1.608729
1.601735
1.594738
1.587738
1.580735
1.573729
1.566720
1.559708
1.552692
1.545674
1.538653
1.531628
1.524601
1.517571
1.510538
1.503502
1.496463
1.489421
1.482377
1.475329
1.468279
1.461225
1.454169
1.447111
1.440049
1.432985
1.425917
1.418847
1.411775
1.404699
1.397621
1.390541
1.383457
1.376371
1.369282
1.362191
1.355097
1.348000
1.340901
1.333799
1.326695
1.319588
1.312478
1.305366
1.298252
1.291135
1.284015
1.276894
1.269769
1.262642
1.255513
1.248381
1.241247
1.234111
1.226972
1.219831
1.212687
1.205542
1.198393
1.191243
1.184090
1.176935
1.169778
1.162619
1.155457
1.148293
1.141127
1.133959
1.126788
1.119615
1.112441
1.105264
1.098085
1.090904
1.083720
1.076535
1.069348
1.062158
1.054967
1.047774
1.040578
1.033381
1.026181
1.018980
1.011777
1.004571
0.997364
0.990155
0.982944
0.975732
0.968517
0.961300
0.954082
0.946862
0.939640
0.932416
0.925191
0.917963
0.910734
0.903504
0.896271
0.889037
0.881801
0.874564
0.867324
0.860084
0.852841
0.845597
0.838351
0.831104
0.823855
0.816605
0.809353
0.802099
0.794844
0.787588
0.780329
0.773070
0.765809
0.758547
0.751283
0.744017
0.736751
0.729483
0.722213
0.714942
0.707670
0.700397
0.693122
0.685846
0.678568
0.671290
0.664010
0.656728
0.649446
0.642162
0.634877
0.627591
0.620304
0.613016
0.605726
0.598435
0.591143
0.583850
0.576556
0.569261
0.561965
0.554668
0.547369
0.540070
0.532770
0.525469
0.518166
0.510863
0.503559
0.496254
0.488947
0.481640
0.474333
0.467024
0.459714
0.452404
0.445092
0.437780
0.430467
0.423153
0.415839
0.408523
0.401207
0.393891
0.386573
0.379255
0.371936
0.364616
0.357296
0.349975
0.342653
0.335331
0.328008
0.320685
0.313360
0.306036
0.298711
0.291385
0.284059
0.276732
0.269405
0.262077
0.254749
0.247420
0.240091
0.232761
0.225431
0.218101
0.210770
0.203439
0.196107
0.188776
0.181443
0.174111
0.166778
0.159445
0.152112
0.144778
0.137444
0.130110
0.122776
0.115441
0.108106
0.100771
0.093436
0.086101
0.078766
0.071430
0.064095
0.056759
0.049423
0.042088
0.034752
0.027416
0.020080
0.012744
0.005408
-0.001928
-0.009264
-0.016599
-0.023935
-0.031271
-0.038606
-0.045942
-0.053277
-0.060613
-0.067948
-0.075283
-0.082617
-0.089952
-0.097286
-0.104620
-0.111954
-0.119288
-0.126621
-0.133954
-0.141287
-0.148620
-0.155952
-0.163284
-0.170615
-0.177947
-0.185277
-0.192608
-0.199938
-0.207267
-0.214597
-0.221925
-0.229254
-0.236581
-0.243909
-0.251236
-0.258562
-0.265888
-0.273213
-0.280538
-0.287862
-0.295185
-0.302508
-0.309831
-0.317152
-0.324473
-0.331794
-0.339113
-0.346433
-0.353751
-0.361069
-0.368386
-0.375702
-0.383017
-0.390332
-0.397646
-0.404959
-0.412271
-0.419583
-0.426893
-0.434203
-0.441512
-0.448820
-0.456127
-0.463434
-0.470739
-0.478044
-0.485347
-0.492650
-0.499951
-0.507252
-0.514551
-0.521850
-0.529147
-0.536444
-0.543739
-0.551034
-0.558327
-0.565619
-0.572910
-0.580200
-0.587489
-0.594776
-0.602063
-0.609348
-0.616632
-0.623915
-0.631197
-0.638477
-0.645756
-0.653034
-0.660311
-0.667586
-0.674860
-0.682133
-0.689404
-0.696674
-0.703943
-0.711210
-0.718476
-0.725741
-0.733004
-0.740265
-0.747525
-0.754784
-0.762041
-0.769297
-0.776551
-0.783804
-0.791055
-0.798305
-0.805553
-0.812800
-0.820045
-0.827288
-0.834530
-0.841770
-0.849008
-0.856245
-0.863480
-0.870714
-0.877946
-0.885176
-0.892404
-0.899631
-0.906856
-0.914079
-0.921300
-0.928520
-0.935737
-0.942953
-0.950167
-0.957380
-0.964590
-0.971799
-0.979005
-0.986210
-0.993413
-1.000614
-1.007813
-1.015010
-1.022205
-1.029398
-1.036589
-1.043778
-1.050965
-1.058150
-1.065333
-1.072513
-1.079692
-1.086869
-1.094043
-1.101216
-1.108386
-1.115554
-1.122720
-1.129884
-1.137046
-1.144205
-1.151362
-1.158517
-1.165670
-1.172821
-1.179969
-1.187115
-1.194259
-1.201400
-1.208539
-1.215676
-1.222810
-1.229942
-1.237071
-1.244199
-1.251323
-1.258446
-1.265566
-1.272683
-1.279798
-1.286911
-1.294021
-1.301128
-1.308233
-1.315336
-1.322436
-1.329533
-1.336628
-1.343720
-1.350810
-1.357897
-1.364981
-1.372063
-1.379142
-1.386219
-1.393293
-1.400364
-1.407432
-1.414498
-1.421561
-1.428621
-1.435679
-1.442733
-1.449785
-1.456834
-1.463881
-1.470924
-1.477965
-1.485002
-1.492037
-1.499069
-1.506099
-1.513125
-1.520148
-1.527168
-1.534186
-1.541200
-1.548212
-1.555220
-1.562226
-1.569228
-1.576228
-1.583224
-1.590218
-1.597208
-1.604195
-1.611179
-1.618161
-1.625138
-1.632113
-1.639085
-1.646053
-1.653019
-1.659981
-1.666940
-1.673895
-1.680848
-1.687797
-1.694743
-1.701686
-1.708625
-1.715561
-1.722494
-1.729424
-1.736350
-1.743273
-1.750192
-1.757108
-1.764021
-1.770930
-1.777836
-1.784739
-1.791638
-1.798534
-1.805426
-1.812314
-1.819199
-1.826081
-1.832959
-1.839834
-1.846705
-1.853572
-1.860436
-1.867297
-1.874153
-1.881007
-1.887856
-1.894702
-1.901544
-1.908383
-1.915218
-1.922049
-1.928876
-1.935700
-1.942520
-1.949337
-1.956149
-1.962958
-1.969763
-1.976564
-1.983362
-1.990155
-1.996945
-2.003731
-2.010513
-2.017291
-2.024065
-2.030836
-2.037602
-2.044365
-2.051123
-2.057878
-2.064629
-2.071376
-2.078118
-2.084857
-2.091592
-2.098322
-2.105049
-2.111772
-2.118490
-2.125205
-2.131915
-2.138621
-2.145323
-2.152021
-2.158715
-2.165405
-2.172091
-2.178772
-2.185449
-2.192122
-2.198791
-2.205455
-2.212115
-2.218771
-2.225423
-2.232070
-2.238714
-2.245352
-2.251987
-2.258617
-2.265243
-2.271864
-2.278481
-2.285094
-2.291702
-2.298306
-2.304905
-2.311500
-2.318091
-2.324677
-2.331259
-2.337836
-2.344408
-2.350976
-2.357540
-2.364099
-2.370653
-2.377203
-2.383748
-2.390289
-2.396825
-2.403357
-2.409883
-2.416406
-2.422923
-2.429436
-2.435944
-2.442448
-2.448946
-2.455441
-2.461930
-2.468414
-2.474894
-2.481369
-2.487840
-2.494305
-2.500766
-2.507222
-2.513673
-2.520119
-2.526560
-2.532997
-2.539428
-2.545855
-2.552276
-2.558693
-2.565105
-2.571512
-2.577914
-2.584311
-2.590703
-2.597090
-2.603472
-2.609849
-2.616221
-2.622588
-2.628950
-2.635307
-2.641659
-2.648005
-2.654347
-2.660683
-2.667014
-2.673340
-2.679661
-2.685977
-2.692288
-2.698593
-2.704893
-2.711188
-2.717478
-2.723763
-2.730042
-2.736316
-2.742585
-2.748848
-2.755106
-2.761359
-2.767606
-2.773848
-2.780085
-2.786316
-2.792542
-2.798763
-2.804978
-2.811188
-2.817392
-2.823591
-2.829785
-2.835973
-2.842155
-2.848332
-2.854504
-2.860670
-2.866830
-2.872985
-2.879135
-2.885279
-2.891417
-2.897550
-2.903677
-2.909798
-2.915914
-2.922024
-2.928129
-2.934228
-2.940321
-2.946408
-2.952490
-2.958566
-2.964637
-2.970701
-2.976760
-2.982814
-2.988861
-2.994903
-3.000939
-3.006969
-3.012993
-3.019011
-3.025024
-3.031031
-3.037031
-3.043026
-3.049015
-3.054999
-3.060976
-3.066947
-3.072913
-3.078872
-3.084826
-3.090773
-3.096715
-3.102650
-3.108580
-3.114503
-3.120421
-3.126332
-3.132238
-3.138137
-3.144030
-3.149918
-3.155799
-3.161674
-3.167542
-3.173405
-3.179262
-3.185112
-3.190956
-3.196794
-3.202626
-3.208452
-3.214271
-3.220085
-3.225891
-3.231692
-3.237487
-3.243275
-3.249057
-3.254832
-3.260601
-3.266364
-3.272121
-3.277871
-3.283615
-3.289353
-3.295084
-3.300809
-3.306527
-3.312239
-3.317944
-3.323643
-3.329336
-3.335022
-3.340702
-3.346375
-3.352042
-3.357702
-3.363356
-3.369003
-3.374643
-3.380278
-3.385905
-3.391526
-3.397140
-3.402748
-3.408349
-3.413944
-3.419531
-3.425113
-3.430687
-3.436255
-3.441816
-3.447371
-3.452919
-3.458460
-3.463994
-3.469522
-3.475043
-3.480557
-3.486064
-3.491565
-3.497059
-3.502546
-3.508026
-3.513499
-3.518966
-3.524425
-3.529878
-3.535324
-3.540763
-3.546195
-3.551621
-3.557039
-3.562451
-3.567855
-3.573253
-3.578643
-3.584027
-3.589403
-3.594773
-3.600136
-3.605491
-3.610840
-3.616182
-3.621516
-3.626844
-3.632164
-3.637477
-3.642783
-3.648083
-3.653375
-3.658659
-3.663937
-3.669208
-3.674471
-3.679728
-3.684977
-3.690219
-3.695453
-3.700681
-3.705901
-3.711114
-3.716320
-3.721518
-3.726710
-3.731894
-3.737070
-3.742240
-3.747402
-3.752557
-3.757704
-3.762844
-3.767977
-3.773103
-3.778221
-3.783331
-3.788434
-3.793530
-3.798619
-3.803700
-3.808773
-3.813839
-3.818898
-3.823949
-3.828993
-3.834029
-3.839058
-3.844079
-3.849093
-3.854099
-3.859098
-3.864089
-3.869072
-3.874048
-3.879016
-3.883977
-3.888930
-3.893876
-3.898814
-3.903744
-3.908667
-3.913582
-3.918489
-3.923388
-3.928280
-3.933165
-3.938041
-3.942910
-3.947771
-3.952624
-3.957470
-3.962308
-3.967138
-3.971960
-3.976774
-3.981581
-3.986380
-3.991171
-3.995954
-4.000729
-4.005497
-4.010256
-4.015008
-4.019752
-4.024488
-4.029216
-4.033936
-4.038648
-4.043353
-4.048049
-4.052737
-4.057418
-4.062090
-4.066755
-4.071411
-4.076059
-4.080700
-4.085332
-4.089957
-4.094573
-4.099181
-4.103781
-4.108373
-4.112958
-4.117533
-4.122101
-4.126661
-4.131213
-4.135756
-4.140291
-4.144818
-4.149337
-4.153848
-4.158351
-4.162845
-4.167332
-4.171810
-4.176279
-4.180741
-4.185194
-4.189639
-4.194076
-4.198505
-4.202925
-4.207337
-4.211740
-4.216136
-4.220523
-4.224901
-4.229272
-4.233634
-4.237987
-4.242333
-4.246670
-4.250998
-4.255318
-4.259630
-4.263933
-4.268228
-4.272514
-4.276792
-4.281062
-4.285323
-4.289575
-4.293820
-4.298055
-4.302282
-4.306501
-4.310711
-4.314912
-4.319105
-4.323290
-4.327466
-4.331633
-4.335792
-4.339942
-4.344083
-4.348216
-4.352341
-4.356456
-4.360563
-4.364662
-4.368752
-4.372833
-4.376905
-4.380969
-4.385024
-4.389070
-4.393108
-4.397137
-4.401157
-4.405169
-4.409171
-4.413165
-4.417151
-4.421127
-4.425095
-4.429054
-4.433004
-4.436945
-4.440878
-4.444801
-4.448716
-4.452622
-4.456519
-4.460407
-4.464287
-4.468157
-4.472019
-4.475872
-4.479715
-4.483550
-4.487376
-4.491193
-4.495002
-4.498801
-4.502591
-4.506372
-4.510144
-4.513908
-4.517662
-4.521407
-4.525144
-4.528871
-4.532589
-4.536298
-4.539998
-4.543689
-4.547372
-4.551044
-4.554708
-4.558363
-4.562009
-4.565645
-4.569273
-4.572891
-4.576501
-4.580101
-4.583692
-4.587273
-4.590846
-4.594409
-4.597964
-4.601509
-4.605045
-4.608571
-4.612089
-4.615597
-4.619096
-4.622586
-4.626066
-4.629538
-4.633000
-4.636452
-4.639896
-4.643330
-4.646755
-4.650170
-4.653577
-4.656973
-4.660361
-4.663739
-4.667108
-4.670468
-4.673818
-4.677159
-4.680490
-4.683812
-4.687125
-4.690428
-4.693722
-4.697006
-4.700281
-4.703547
-4.706803
-4.710050
-4.713287
-4.716514
-4.719733
-4.722941
-4.726141
-4.729331
-4.732511
-4.735682
-4.738843
-4.741995
-4.745137
-4.748269
-4.751392
-4.754506
-4.757610
-4.760704
-4.763789
-4.766864
-4.769930
-4.772986
-4.776032
-4.779069
-4.782096
-4.785113
-4.788121
-4.791119
-4.794108
-4.797087
-4.800056
-4.803015
-4.805965
-4.808905
-4.811836
-4.814756
-4.817667
-4.820569
-4.823460
-4.826342
-4.829214
-4.832076
-4.834929
-4.837771
-4.840604
-4.843428
-4.846241
-4.849044
-4.851838
-4.854622
-4.857396
-4.860161
-4.862915
-4.865660
-4.868394
-4.871119
-4.873834
-4.876539
-4.879235
-4.881920
-4.884596
-4.887261
-4.889917
-4.892563
-4.895199
-4.897824
-4.900440
-4.903047
-4.905643
-4.908229
-4.910805
-4.913371
-4.915927
-4.918474
-4.921010
-4.923536
-4.926052
-4.928559
-4.931055
-4.933541
-4.936017
-4.938484
-4.940940
-4.943386
-4.945822
-4.948248
-4.950663
-4.953069
-4.955465
-4.957851
-4.960226
-4.962591
-4.964947
-4.967292
-4.969627
-4.971952
-4.974267
-4.976571
-4.978866
-4.981150
-4.983424
-4.985688
-4.987942
-4.990186
-4.992419
-4.994643
-4.996856
-4.999059
-5.001251
-5.003434
-5.005606
-5.007768
-5.009920
-5.012061
-5.014192
-5.016313
-5.018424
-5.020525
-5.022615
-5.024695
-5.026764
-5.028824
-5.030873
-5.032912
-5.034940
-5.036958
-5.038966
-5.040963
-5.042950
-5.044927
-5.046894
-5.048850
-5.050796
-5.052731
-5.054656
-5.056571
-5.058475
-5.060369
-5.062252
-5.064125
-5.065988
-5.067840
-5.069682
-5.071514
-5.073335
-5.075145
-5.076945
-5.078735
-5.080514
-5.082283
-5.084041
-5.085789
-5.087527
-5.089254
-5.090970
-5.092676
-5.094372
-5.096057
-5.097731
-5.099395
-5.101048
-5.102691
-5.104324
-5.105946
-5.107557
-5.109158
-5.110748
-5.112328
-5.113897
-5.115456
-5.117004
-5.118541
-5.120068
-5.121584
-5.123090
-5.124585
-5.126070
-5.127544
-5.129007
-5.130460
-5.131902
-5.133333
-5.134754
-5.136165
-5.137564
-5.138953
-5.140331
-5.141699
-5.143056
-5.144403
-5.145738
-5.147063
-5.148378
-5.149681
-5.150974
-5.152257
-5.153528
-5.154789
-5.156039
-5.157279
-5.158508
-5.159726
-5.160933
-5.162130
-5.163316
-5.164491
-5.165655
-5.166809
-5.167952
-5.169084
-5.170205
-5.171316
-5.172416
-5.173505
-5.174584
-5.175651
-5.176708
-5.177754
-5.178789
-5.179814
-5.180827
-5.181830
-5.182822
-5.183804
-5.184774
-5.185734
-5.186682
-5.187620
-5.188547
-5.189464
-5.190369
-5.191264
-5.192148
-5.193020
-5.193882
-5.194734
-5.195574
-5.196403
-5.197222
-5.198030
-5.198827
-5.199613
-5.200388
-5.201152
-5.201905
-5.202648
-5.203379
-5.204100
-5.204809
-5.205508
-5.206196
-5.206873
-5.207539
-5.208194
-5.208838
-5.209471
-5.210094
-5.210705
-5.211306
-5.211895
-5.212474
-5.213041
-5.213598
-5.214143
-5.214678
-5.215202
-5.215715
-5.216216
-5.216707
-5.217187
-5.217656
-5.218114
-5.218561
-5.218996
-5.219421
-5.219835
-5.220238
-5.220630
-5.221011
-5.221381
-5.221740
-5.222088
-5.222424
-5.222750
-5.223065
-5.223369
-5.223661
-5.223943
-5.224214
-5.224473
-5.224722
-5.224959
-5.225186
-5.225401
-5.225606
-5.225799
-5.225981
-5.226153
-5.226313
-5.226462
-5.226600
-5.226727
-5.226843
-5.226948
-5.227041
-5.227124
-5.227195
-5.227256
-5.227305
-5.227344
-5.227371
-5.227387
-5.227392
-5.227386
-5.227369
-5.227340
-5.227301
-5.227251
-5.227189
-5.227116
-5.227032
-5.226937
-5.226831
-5.226714
-5.226586
-5.226446
-5.226296
-5.226134
-5.225961
-5.225777
-5.225582
-5.225376
-5.225159
-5.224930
-5.224691
-5.224440
-5.224178
-5.223905
-5.223621
-5.223325
-5.223019
-5.222701
-5.222372
-5.222032
-5.221681
-5.221319
-5.220945
-5.220561
-5.220165
-5.219758
-5.219340
-5.218911
-5.218470
-5.218019
-5.217556
-5.217082
-5.216597
-5.216100
-5.215593
-5.215074
-5.214544
-5.214003
-5.213451
-5.212888
-5.212313
-5.211727
-5.211130
-5.210522
-5.209903
-5.209272
-5.208630
-5.207978
-5.207313
-5.206638
-5.205952
-5.205254
-5.204545
-5.203825
-5.203094
-5.202351
-5.201598
-5.200833
-5.200057
-5.199269
-5.198471
-5.197661
-5.196840
-5.196008
-5.195165
-5.194310
-5.193445
-5.192568
-5.191680
-5.190780
-5.189870
-5.188948
-5.188015
-5.187071
-5.186115
-5.185149
-5.184171
-5.183182
-5.182182
-5.181170
-5.180148
-5.179114
-5.178069
-5.177013
-5.175945
-5.174866
-5.173777
-5.172675
-5.171563
-5.170440
-5.169305
-5.168159
-5.167002
-5.165833
-5.164654
-5.163463
-5.162261
-5.161048
-5.159823
-5.158588
-5.157341
-5.156083
-5.154814
-5.153533
-5.152241
-5.150938
-5.149624
-5.148299
-5.146963
-5.145615
-5.144256
-5.142886
-5.141504
-5.140112
-5.138708
-5.137293
-5.135867
-5.134430
-5.132981
-5.131522
-5.130051
-5.128568
-5.127075
-5.125571
-5.124055
-5.122528
-5.120990
-5.119441
-5.117880
-5.116308
-5.114725
-5.113131
-5.111526
-5.109910
-5.108282
-5.106643
-5.104993
-5.103332
-5.101660
-5.099976
-5.098282
-5.096576
-5.094859
-5.093130
-5.091391
-5.089640
-5.087879
-5.086106
-5.084322
-5.082526
-5.080720
-5.078902
-5.077074
-5.075234
-5.073383
-5.071521
-5.069647
-5.067763
-5.065867
-5.063960
-5.062042
-5.060113
-5.058173
-5.056222
-5.054259
-5.052285
-5.050301
-5.048305
-5.046298
-5.044279
-5.042250
-5.040210
-5.038158
-5.036095
-5.034021
-5.031936
-5.029840
-5.027733
-5.025615
-5.023486
-5.021345
-5.019194
-5.017031
-5.014857
-5.012672
-5.010476
-5.008269
-5.006051
-5.003822
-5.001581
-4.999330
-4.997067
-4.994794
-4.992509
-4.990213
-4.987907
-4.985589
-4.983260
-4.980920
-4.978569
-4.976207
-4.973834
-4.971449
-4.969054
-4.966648
-4.964230
-4.961802
-4.959363
-4.956912
-4.954451
-4.951978
-4.949495
-4.947000
-4.944495
-4.941978
-4.939450
-4.936912
-4.934362
-4.931802
-4.929230
-4.926647
-4.924054
-4.921449
-4.918834
-4.916207
-4.913570
-4.910921
-4.908262
-4.905591
-4.902910
-4.900218
-4.897514
-4.894800
-4.892075
-4.889339
-4.886592
-4.883834
-4.881065
-4.878285
-4.875494
-4.872692
-4.869880
-4.867056
-4.864222
-4.861376
-4.858520
-4.855653
-4.852775
-4.849886
-4.846986
-4.844075
-4.841154
-4.838221
-4.835278
-4.832323
-4.829358
-4.826382
-4.823396
-4.820398
-4.817390
-4.814370
-4.811340
-4.808299
-4.805247
-4.802185
-4.799111
-4.796027
-4.792932
-4.789826
-4.786709
-4.783582
-4.780443
-4.777294
-4.774135
-4.770964
-4.767783
-4.764590
-4.761387
-4.758174
-4.754949
-4.751714
-4.748468
-4.745212
-4.741944
-4.738666
-4.735377
-4.732078
-4.728768
-4.725447
-4.722115
-4.718773
-4.715420
-4.712056
-4.708681
-4.705296
-4.701901
-4.698494
-4.695077
-4.691649
-4.688211
-4.684762
-4.681302
-4.677832
-4.674351
-4.670860
-4.667357
-4.663845
-4.660321
-4.656787
-4.653243
-4.649688
-4.646122
-4.642546
-4.638959
-4.635361
-4.631753
-4.628135
-4.624506
-4.620866
-4.617216
-4.613555
-4.609884
-4.606202
-4.602510
-4.598807
-4.595094
-4.591370
-4.587636
-4.583891
-4.580136
-4.576371
-4.572594
-4.568808
-4.565011
-4.561203
-4.557386
-4.553557
-4.549719
-4.545869
-4.542010
-4.538140
-4.534260
-4.530369
-4.526468
-4.522556
-4.518634
-4.514702
-4.510760
-4.506807
-4.502843
-4.498870
-4.494886
-4.490892
-4.486887
-4.482872
-4.478847
-4.474812
-4.470766
-4.466710
-4.462643
-4.458567
-4.454480
-4.450383
-4.446276
-4.442158
-4.438030
-4.433892
-4.429744
-4.425586
-4.421417
-4.417238
-4.413049
-4.408850
-4.404641
-4.400421
-4.396191
-4.391951
-4.387701
-4.383441
-4.379171
-4.374891
-4.370600
-4.366300
-4.361989
-4.357668
-4.353338
-4.348997
-4.344646
-4.340285
-4.335914
-4.331533
-4.327141
-4.322740
-4.318329
-4.313908
-4.309477
-4.305036
-4.300584
-4.296123
-4.291652
-4.287171
-4.282680
-4.278179
-4.273668
-4.269148
-4.264617
-4.260076
-4.255526
-4.250965
-4.246395
-4.241815
-4.237225
-4.232625
-4.228015
-4.223395
-4.218766
-4.214127
-4.209478
-4.204819
-4.200150
-4.195472
-4.190783
-4.186085
-4.181378
-4.176660
-4.171933
-4.167196
-4.162449
-4.157693
-4.152926
-4.148150
-4.143365
-4.138570
-4.133765
-4.128950
-4.124126
-4.119292
-4.114449
-4.109595
-4.104733
-4.099860
-4.094978
-4.090087
-4.085186
-4.080275
-4.075355
-4.070425
-4.065486
-4.060537
-4.055578
-4.050610
-4.045633
-4.040646
-4.035650
-4.030644
-4.025628
-4.020603
-4.015569
-4.010526
-4.005472
-4.000410
-3.995338
-3.990257
-3.985166
-3.980066
-3.974956
-3.969838
-3.964709
-3.959572
-3.954425
-3.949269
-3.944103
-3.938929
-3.933745
-3.928551
-3.923349
-3.918137
-3.912916
-3.907686
-3.902446
-3.897197
-3.891939
-3.886672
-3.881396
-3.876110
-3.870816
-3.865512
-3.860199
-3.854877
-3.849546
-3.844205
-3.838856
-3.833498
-3.828130
-3.822753
-3.817368
-3.811973
-3.806569
-3.801156
-3.795735
-3.790304
-3.784864
-3.779415
-3.773958
-3.768491
-3.763015
-3.757531
-3.752037
-3.746535
-3.741024
-3.735503
-3.729974
-3.724436
-3.718890
-3.713334
-3.707770
-3.702196
-3.696614
-3.691023
-3.685424
-3.679815
-3.674198
-3.668572
-3.662938
-3.657294
-3.651642
-3.645981
-3.640312
-3.634633
-3.628946
-3.623251
-3.617547
-3.611834
-3.606112
-3.600382
-3.594644
-3.588896
-3.583141
-3.577376
-3.571603
-3.565822
-3.560032
-3.554233
-3.548426
-3.542611
-3.536787
-3.530954
-3.525113
-3.519264
-3.513406
-3.507540
-3.501665
-3.495782
-3.489891
-3.483991
