-26.732560
-26.734353
-26.736146
-26.737938
-26.739730
-26.741521
-26.743313
-26.745104
-26.746895
-26.748685
-26.750475
-26.752265
-26.754055
-26.755844
-26.757633
-26.759422
-26.761210
-26.762998
-26.764786
-26.766573
-26.768360
-26.770147
-26.771934
-26.773720
-26.775506
-26.777291
-26.779077
-26.780862
-26.782646
-26.784431
-26.786215
-26.787999
-26.789782
-26.791565
-26.793348
-26.795131
-26.796913
-26.798695
-26.800476
-26.802258
-26.804039
-26.805820
-26.807600
-26.809380
-26.811160
-26.812939
-26.814719
-26.816497
-26.818276
-26.820054
-26.821832
-26.823610
-26.825387
-26.827164
-26.828941
-26.830718
-26.832494
-26.834270
-26.836045
-26.837820
-26.839595
-26.841370
-26.843144
-26.844918
-26.846692
-26.848465
-26.850238
-26.852011
-26.853784
-26.855556
-26.857328
-26.859099
-26.860871
-26.862642
-26.864412
-26.866183
-26.867953
-26.869722
-26.871492
-26.873261
-26.875030
-26.876798
-26.878566
-26.880334
-26.882102
-26.883869
-26.885636
-26.887403
-26.889169
-26.890935
-26.892701
-26.894467
-26.896232
-26.897997
-26.899761
-26.901525
-26.903289
-26.905053
-26.906816
-26.908579
-26.910342
-26.912104
-26.913867
-26.915628
-26.917390
-26.919151
-26.920912
-26.922673
-26.924433
-26.926193
-26.927952
-26.929712
-26.931471
-26.933230
-26.934988
-26.936746
-26.938504
-26.940261
-26.942019
-26.943776
-26.945532
-26.947288
-26.949044
-26.950800
-26.952555
-26.954311
-26.956065
-26.957820
-26.959574
-26.961328
-26.963081
-26.964835
-26.966587
-26.968340
-26.970092
-26.971844
-26.973596
-26.975347
-26.977099
-26.978849
-26.980600
-26.982350
-26.984100
-26.985849
-26.987599
-26.989348
-26.991096
-26.992845
-26.994593
-26.996340
-26.998088
-26.999835
-27.001582
-27.003328
-27.005074
-27.006820
-27.008566
-27.010311
-27.012056
-27.013801
-27.015545
-27.017289
-27.019033
-27.020776
-27.022519
-27.024262
-27.026005
-27.027747
-27.029489
-27.031230
-27.032972
-27.034713
-27.036453
-27.038194
-27.039934
-27.041674
-27.043413
-27.045152
-27.046891
-27.048630
-27.050368
-27.052106
-27.053843
-27.055581
-27.057318
-27.059054
-27.060791
-27.062527
-27.064263
-27.065998
-27.067733
-27.069468
-27.071203
-27.072937
-27.074671
-27.076404
-27.078138
-27.079871
-27.081603
-27.083336
-27.085068
-27.086800
-27.088531
-27.090262
-27.091993
-27.093724
-27.095454
-27.097184
-27.098914
-27.100643
-27.102372
-27.104101
-27.105829
-27.107557
-27.109285
-27.111012
-27.112740
-27.114466
-27.116193
-27.117919
-27.119645
-27.121371
-27.123096
-27.124821
-27.126546
-27.128270
-27.129994
-27.131718
-27.133442
-27.135165
-27.136888
-27.138610
-27.140333
-27.142055
-27.143776
-27.145498
-27.147219
-27.148939
-27.150660
-27.152380
-27.154100
-27.155819
-27.157538
-27.159257
-27.160976
-27.162694
-27.164412
-27.166130
-27.167847
-27.169564
-27.171281
-27.172997
-27.174713
-27.176429
-27.178145
-27.179860
-27.181575
-27.183289
-27.185004
-27.186718
-27.188431
-27.190145
-27.191858
-27.193570
-27.195283
-27.196995
-27.198707
-27.200418
-27.202129
-27.203840
-27.205551
-27.207261
-27.208971
-27.210681
-27.212390
-27.214099
-27.215808
-27.217516
-27.219225
-27.220932
-27.222640
-27.224347
-27.226054
-27.227760
-27.229467
-27.231173
-27.232878
-27.234584
-27.236289
-27.237994
-27.239698
-27.241402
-27.243106
-27.244809
-27.246513
-27.248215
-27.249918
-27.251620
-27.253322
-27.255024
-27.256725
-27.258426
-27.260127
-27.261827
-27.263528
-27.265227
-27.266927
-27.268626
-27.270325
-27.272024
-27.273722
-27.275420
-27.277117
-27.278815
-27.280512
-27.282209
-27.283905
-27.285601
-27.287297
-27.288992
-27.290688
-27.292382
-27.294077
-27.295771
-27.297465
-27.299159
-27.300852
-27.302545
-27.304238
-27.305930
-27.307623
-27.309314
-27.311006
-27.312697
-27.314388
-27.316078
-27.317769
-27.319459
-27.321148
-27.322838
-27.324527
-27.326215
-27.327904
-27.329592
-27.331280
-27.332967
-27.334654
-27.336341
-27.338028
-27.339714
-27.341400
-27.343085
-27.344771
-27.346456
-27.348140
-27.349825
-27.351509
-27.353193
-27.354876
-27.356559
-27.358242
-27.359925
-27.361607
-27.363289
-27.364971
-27.366652
-27.368333
-27.370014
-27.371694
-27.373374
-27.375054
-27.376733
-27.378412
-27.380091
-27.381770
-27.383448
-27.385126
-27.386803
-27.388481
-27.390158
-27.391834
-27.393511
-27.395187
-27.396863
-27.398538
-27.400213
-27.401888
-27.403563
-27.405237
-27.406911
-27.408584
-27.410257
-27.411930
-27.413603
-27.415275
-27.416948
-27.418619
-27.420291
-27.421962
-27.423633
-27.425303
-27.426973
-27.428643
-27.430313
-27.431982
-27.433651
-27.435320
-27.436988
-27.438656
-27.440324
-27.441991
-27.443658
-27.445325
-27.446991
-27.448658
-27.450323
-27.451989
-27.453654
-27.455319
-27.456984
-27.458648
-27.460312
-27.461976
-27.463639
-27.465302
-27.466965
-27.468628
-27.470290
-27.471952
-27.473613
-27.475274
-27.476935
-27.478596
-27.480256
-27.481916
-27.483576
-27.485235
-27.486894
-27.488553
-27.490211
-27.491870
-27.493527
-27.495185
-27.496842
-27.498499
-27.500156
-27.501812
-27.503468
-27.505123
-27.506779
-27.508434
-27.510088
-27.511743
-27.513397
-27.515051
-27.516704
-27.518357
-27.520010
-27.521663
-27.523315
-27.524967
-27.526619
-27.528270
-27.529921
-27.531572
-27.533222
-27.534872
-27.536522
-27.538171
-27.539821
-27.541469
-27.543118
-27.544766
-27.546414
-27.548062
-27.549709
-27.551356
-27.553003
-27.554649
-27.556295
-27.557941
-27.559586
-27.561231
-27.562876
-27.564521
-27.566165
-27.567809
-27.569452
-27.571096
-27.572739
-27.574381
-27.576024
-27.577666
-27.579307
-27.580949
-27.582590
-27.584231
-27.585871
-27.587511
-27.589151
-27.590791
-27.592430
-27.594069
-27.595707
-27.597346
-27.598984
-27.600621
-27.602259
-27.603896
-27.605533
-27.607169
-27.608805
-27.610441
-27.612076
-27.613712
-27.615347
-27.616981
-27.618615
-27.620249
-27.621883
-27.623516
-27.625149
-27.626782
-27.628414
-27.630047
-27.631678
-27.633310
-27.634941
-27.636572
-27.638202
-27.639833
-27.641463
-27.643092
-27.644722
-27.646351
-27.647979
-27.649608
-27.651236
-27.652863
-27.654491
-27.656118
-27.657745
-27.659371
-27.660998
-27.662623
-27.664249
-27.665874
-27.667499
-27.669124
-27.670748
-27.672372
-27.673996
-27.675619
-27.677242
-27.678865
-27.680488
-27.682110
-27.683732
-27.685353
-27.686975
-27.688595
-27.690216
-27.691836
-27.693456
-27.695076
-27.696695
-27.698315
-27.699933
-27.701552
-27.703170
-27.704788
-27.706405
-27.708022
-27.709639
-27.711256
-27.712872
-27.714488
-27.716104
-27.717719
-27.719334
-27.720949
-27.722563
-27.724177
-27.725791
-27.727404
-27.729018
-27.730630
-27.732243
-27.733855
-27.735467
-27.737079
-27.738690
-27.740301
-27.741912
-27.743522
-27.745132
-27.746742
-27.748351
-27.749960
-27.751569
-27.753178
-27.754786
-27.756394
-27.758001
-27.759609
-27.761215
-27.762822
-27.764428
-27.766034
-27.767640
-27.769245
-27.770851
-27.772455
-27.774060
-27.775664
-27.777268
-27.778871
-27.780474
-27.782077
-27.783680
-27.785282
-27.786884
-27.788486
-27.790087
-27.791688
-27.793289
-27.794889
-27.796489
-27.798089
-27.799689
-27.801288
-27.802887
-27.804485
-27.806083
-27.807681
-27.809279
-27.810876
-27.812473
-27.814070
-27.815666
-27.817262
-27.818858
-27.820453
-27.822049
-27.823643
-27.825238
-27.826832
-27.828426
-27.830019
-27.831613
-27.833206
-27.834798
-27.836391
-27.837983
-27.839574
-27.841166
-27.842757
-27.844347
-27.845938
-27.847528
-27.849118
-27.850707
-27.852297
-27.853885
-27.855474
-27.857062
-27.858650
-27.860238
-27.861825
-27.863412
-27.864999
-27.866585
-27.868171
-27.869757
-27.871343
-27.872928
-27.874513
-27.876097
-27.877681
-27.879265
-27.880849
-27.882432
-27.884015
-27.885598
-27.887180
-27.888762
-27.890344
-27.891925
-27.893506
-27.895087
-27.896667
-27.898248
-27.899827
-27.901407
-27.902986
-27.904565
-27.906144
-27.907722
-27.909300
-27.910878
-27.912455
-27.914032
-27.915609
-27.917185
-27.918761
-27.920337
-27.921913
-27.923488
-27.925063
-27.926637
-27.928211
-27.929785
-27.931359
-27.932932
-27.934505
-27.936078
-27.937650
-27.939222
-27.940794
-27.942365
-27.943937
-27.945507
-27.947078
-27.948648
-27.950218
-27.951787
-27.953357
-27.954926
-27.956494
-27.958063
-27.959631
-27.961198
-27.962766
-27.964333
-27.965899
-27.967466
-27.969032
-27.970598
-27.972163
-27.973728
-27.975293
-27.976858
-27.978422
-27.979986
-27.981550
-27.983113
-27.984676
-27.986239
-27.987801
-27.989363
-27.990925
-27.992486
-27.994047
-27.995608
-27.997169
-27.998729
-28.000289
-28.001848
-28.003408
-28.004967
-28.006525
-28.008083
-28.009641
-28.011199
-28.012757
-28.014314
-28.015870
-28.017427
-28.018983
-28.020539
-28.022094
-28.023649
-28.025204
-28.026759
-28.028313
-28.029867
-28.031421
-28.032974
-28.034527
-28.036080
-28.037632
-28.039184
-28.040736
-28.042287
-28.043838
-28.045389
-28.046940
-28.048490
-28.050040
-28.051589
-28.053139
-28.054688
-28.056236
-28.057785
-28.059333
-28.060880
-28.062428
-28.063975
-28.065521
-28.067068
-28.068614
-28.070160
-28.071705
-28.073250
-28.074795
-28.076340
-28.077884
-28.079428
-28.080972
-28.082515
-28.084058
-28.085601
-28.087143
-28.088685
-28.090227
-28.091768
-28.093309
-28.094850
-28.096391
-28.097931
-28.099471
-28.101010
-28.102550
-28.104089
-28.105627
-28.107166
-28.108704
-28.110241
-28.111779
-28.113316
-28.114852
-28.116389
-28.117925
-28.119461
-28.120996
-28.122531
-28.124066
-28.125601
-28.127135
-28.128669
-28.130203
-28.131736
-28.133269
-28.134802
-28.136334
-28.137866
-28.139398
-28.140929
-28.142460
-28.143991
-28.145522
-28.147052
-28.148582
-28.150111
-28.151640
-28.153169
-28.154698
-28.156226
-28.157754
-28.159282
-28.160809
-28.162336
-28.163863
-28.165389
-28.166915
-28.168441
-28.169967
-28.171492
-28.173017
-28.174541
-28.176065
-28.177589
-28.179113
-28.180636
-28.182159
-28.183682
-28.185204
-28.186726
-28.188248
-28.189769
-28.191290
-28.192811
-28.194332
-28.195852
-28.197372
-28.198891
-28.200410
-28.201929
-28.203448
-28.204966
-28.206484
-28.208002
-28.209519
-28.211036
-28.212553
-28.214069
-28.215585
-28.217101
-28.218617
-28.220132
-28.221646
-28.223161
-28.224675
-28.226189
-28.227703
-28.229216
-28.230729
-28.232241
-28.233754
-28.235266
-28.236777
-28.238289
-28.239800
-28.241311
-28.242821
-28.244331
-28.245841
-28.247351
-28.248860
-28.250369
-28.251877
-28.253385
-28.254893
-28.256401
-28.257908
-28.259415
-28.260922
-28.262428
-28.263934
-28.265440
-28.266945
-28.268451
-28.269955
-28.271460
-28.272964
-28.274468
-28.275971
-28.277475
-28.278978
-28.280480
-28.281982
-28.283484
-28.284986
-28.286487
-28.287988
-28.289489
-28.290990
-28.292490
-28.293989
-28.295489
-28.296988
-28.298487
-28.299985
-28.301484
-28.302981
-28.304479
-28.305976
-28.307473
-28.308970
-28.310466
-28.311962
-28.313458
-28.314953
-28.316448
-28.317943
-28.319438
-28.320932
-28.322425
-28.323919
-28.325412
-28.326905
-28.328398
-28.329890
-28.331382
-28.332873
-28.334365
-28.335856
-28.337346
-28.338837
-28.340327
-28.341816
-28.343306
-28.344795
-28.346284
-28.347772
-28.349260
-28.350748
-28.352236
-28.353723
-28.355210
-28.356696
-28.358183
-28.359669
-28.361154
-28.362640
-28.364125
-28.365609
-28.367094
-28.368578
-28.370062
-28.371545
-28.373028
-28.374511
-28.375994
-28.377476
-28.378958
-28.380439
-28.381920
-28.383401
-28.384882
-28.386362
-28.387842
-28.389322
-28.390801
-28.392280
-28.393759
-28.395238
-28.396716
-28.398194
-28.399671
-28.401148
-28.402625
-28.404102
-28.405578
-28.407054
-28.408529
-28.410005
-28.411480
-28.412954
-28.414429
-28.415903
-28.417376
-28.418850
-28.420323
-28.421796
-28.423268
-28.424740
-28.426212
-28.427684
-28.429155
-28.430626
-28.432096
-28.433566
-28.435036
-28.436506
-28.437975
-28.439444
-28.440913
-28.442381
-28.443849
-28.445317
-28.446785
-28.448252
-28.449718
-28.451185
-28.452651
-28.454117
-28.455583
-28.457048
-28.458513
-28.459977
-28.461442
-28.462905
-28.464369
-28.465832
-28.467296
-28.468758
-28.470221
-28.471683
-28.473144
-28.474606
-28.476067
-28.477528
-28.478988
-28.480449
-28.481908
-28.483368
-28.484827
-28.486286
-28.487745
-28.489203
-28.490661
-28.492119
-28.493576
-28.495033
-28.496490
-28.497946
-28.499402
-28.500858
-28.502314
-28.503769
-28.505224
-28.506678
-28.508132
-28.509586
-28.511040
-28.512493
-28.513946
-28.515399
-28.516851
-28.518303
-28.519755
-28.521206
-28.522657
-28.524108
-28.525559
-28.527009
-28.528458
-28.529908
-28.531357
-28.532806
-28.534255
-28.535703
-28.537151
-28.538598
-28.540046
-28.541493
-28.542939
-28.544386
-28.545832
-28.547277
-28.548723
-28.550168
-28.551613
-28.553057
-28.554501
-28.555945
-28.557389
-28.558832
-28.560275
-28.561717
-28.563160
-28.564601
-28.566043
-28.567484
-28.568925
-28.570366
-28.571806
-28.573247
-28.574686
-28.576126
-28.577565
-28.579004
-28.580442
-28.581880
-28.583318
-28.584756
-28.586193
-28.587630
-28.589066
-28.590503
-28.591939
-28.593374
-28.594810
-28.596245
-28.597679
-28.599114
-28.600548
-28.601981
-28.603415
-28.604848
-28.606281
-28.607713
-28.609146
-28.610577
-28.612009
-28.613440
-28.614871
-28.616302
-28.617732
-28.619162
-28.620592
-28.622021
-28.623450
-28.624879
-28.626307
-28.627735
-28.629163
-28.630590
-28.632018
-28.633444
-28.634871
-28.636297
-28.637723
-28.639148
-28.640574
-28.641999
-28.643423
-28.644848
-28.646272
-28.647695
-28.649119
-28.650542
-28.651964
-28.653387
-28.654809
-28.656231
-28.657652
-28.659073
-28.660494
-28.661915
-28.663335
-28.664755
-28.666174
-28.667594
-28.669013
-28.670431
-28.671849
-28.673267
-28.674685
-28.676102
-28.677520
-28.678936
-28.680353
-28.681769
-28.683185
-28.684600
-28.686015
-28.687430
-28.688845
-28.690259
-28.691673
-28.693086
-28.694500
-28.695913
-28.697325
-28.698738
-28.700150
-28.701561
-28.702973
-28.704384
-28.705794
-28.707205
-28.708615
-28.710025
-28.711434
-28.712843
-28.714252
-28.715661
-28.717069
-28.718477
-28.719885
-28.721292
-28.722699
-28.724105
-28.725512
-28.726918
-28.728323
-28.729729
-28.731134
-28.732539
-28.733943
-28.735347
-28.736751
-28.738154
-28.739558
-28.740961
-28.742363
-28.743765
-28.745167
-28.746569
-28.747970
-28.749371
-28.750772
-28.752172
-28.753572
-28.754972
-28.756371
-28.757770
-28.759169
-28.760567
-28.761966
-28.763363
-28.764761
-28.766158
-28.767555
-28.768951
-28.770348
-28.771744
-28.773139
-28.774535
-28.775930
-28.777324
-28.778719
-28.780113
-28.781506
-28.782900
-28.784293
-28.785685
-28.787078
-28.788470
-28.789862
-28.791253
-28.792645
-28.794035
-28.795426
-28.796816
-28.798206
-28.799596
-28.800985
-28.802374
-28.803763
-28.805151
-28.806539
-28.807927
-28.809314
-28.810701
-28.812088
-28.813474
-28.814861
-28.816246
-28.817632
-28.819017
-28.820402
-28.821786
-28.823171
-28.824555
-28.825938
-28.827322
-28.828705
-28.830087
-28.831470
-28.832852
-28.834233
-28.835615
-28.836996
-28.838377
-28.839757
-28.841137
-28.842517
-28.843896
-28.845276
-28.846654
-28.848033
-28.849411
-28.850789
-28.852167
-28.853544
-28.854921
-28.856298
-28.857674
-28.859050
-28.860426
-28.861801
-28.863176
-28.864551
-28.865926
-28.867300
-28.868673
-28.870047
-28.871420
-28.872793
-28.874166
-28.875538
-28.876910
-28.878281
-28.879653
-28.881024
-28.882394
-28.883765
-28.885135
-28.886504
-28.887874
-28.889243
-28.890612
-28.891980
-28.893348
-28.894716
-28.896083
-28.897451
-28.898817
-28.900184
-28.901550
-28.902916
-28.904282
-28.905647
-28.907012
-28.908377
-28.909741
-28.911105
-28.912469
-28.913832
-28.915195
-28.916558
-28.917920
-28.919283
-28.920644
-28.922006
-28.923367
-28.924728
-28.926088
-28.927449
-28.928809
-28.930168
-28.931527
-28.932886
-28.934245
-28.935603
-28.936961
-28.938319
-28.939677
-28.941034
-28.942390
-28.943747
-28.945103
-28.946459
-28.947814
-28.949169
-28.950524
-28.951879
-28.953233
-28.954587
-28.955940
-28.957294
-28.958647
-28.959999
-28.961352
-28.962704
-28.964055
-28.965407
-28.966758
-28.968109
-28.969459
-28.970809
-28.972159
-28.973508
-28.974858
-28.976206
-28.977555
-28.978903
-28.980251
-28.981599
-28.982946
-28.984293
-28.985639
-28.986986
-28.988332
-28.989677
-28.991023
-28.992368
-28.993713
-28.995057
-28.996401
-28.997745
-28.999088
-29.000432
-29.001774
-29.003117
-29.004459
-29.005801
-29.007143
-29.008484
-29.009825
-29.011165
-29.012506
-29.013846
-29.015185
-29.016525
-29.017864
-29.019203
-29.020541
-29.021879
-29.023217
-29.024554
-29.025891
-29.027228
-29.028565
-29.029901
-29.031237
-29.032572
-29.033908
-29.035243
-29.036577
-29.037912
-29.039246
-29.040579
-29.041913
-29.043246
-29.044578
-29.045911
-29.047243
-29.048575
-29.049906
-29.051237
-29.052568
-29.053898
-29.055229
-29.056559
-29.057888
-29.059217
-29.060546
-29.061875
-29.063203
-29.064531
-29.065859
-29.067186
-29.068513
-29.069840
-29.071166
-29.072492
-29.073818
-29.075143
-29.076469
-29.077793
-29.079118
-29.080442
-29.081766
-29.083089
-29.084413
-29.085736
-29.087058
-29.088380
-29.089702
-29.091024
-29.092345
-29.093666
-29.094987
-29.096307
-29.097628
-29.098947
-29.100267
-29.101586
-29.102905
-29.104223
-29.105541
-29.106859
-29.108177
-29.109494
-29.110811
-29.112127
-29.113444
-29.114759
-29.116075
-29.117390
-29.118705
-29.120020
-29.121334
-29.122649
-29.123962
-29.125276
-29.126589
-29.127902
-29.129214
-29.130526
-29.131838
-29.133149
-29.134461
-29.135772
-29.137082
-29.138392
-29.139702
-29.141012
-29.142321
-29.143630
-29.144939
-29.146247
-29.147555
-29.148863
-29.150170
-29.151477
-29.152784
-29.154091
-29.155397
-29.156703
-29.158008
-29.159313
-29.160618
-29.161923
-29.163227
-29.164531
-29.165834
-29.167138
-29.168441
-29.169743
-29.171046
-29.172348
-29.173649
-29.174951
-29.176252
-29.177553
-29.178853
-29.180153
-29.181453
-29.182752
-29.184051
-29.185350
-29.186649
-29.187947
-29.189245
-29.190543
-29.191840
-29.193137
-29.194433
-29.195730
-29.197026
-29.198321
-29.199617
-29.200912
-29.202207
-29.203501
-29.204795
-29.206089
-29.207382
-29.208675
-29.209968
-29.211261
-29.212553
-29.213845
-29.215136
-29.216428
-29.217719
-29.219009
-29.220299
-29.221589
-29.222879
-29.224168
-29.225457
-29.226746
-29.228035
-29.229323
-29.230610
-29.231898
-29.233185
-29.234472
-29.235758
-29.237044
-29.238330
-29.239616
-29.240901
-29.242186
-29.243471
-29.244755
-29.246039
-29.247322
-29.248606
-29.249889
-29.251172
-29.252454
-29.253736
-29.255018
-29.256299
-29.257580
-29.258861
-29.260141
-29.261422
-29.262701
-29.263981
-29.265260
-29.266539
-29.267818
-29.269096
-29.270374
-29.271651
-29.272929
-29.274206
-29.275482
-29.276759
-29.278035
-29.279311
-29.280586
-29.281861
-29.283136
-29.284410
-29.285684
-29.286958
-29.288232
-29.289505
-29.290778
-29.292050
-29.293323
-29.294594
-29.295866
-29.297137
-29.298408
-29.299679
-29.300949
-29.302219
-29.303489
-29.304758
-29.306027
-29.307296
-29.308565
-29.309833
-29.311101
-29.312368
-29.313635
-29.314902
-29.316169
-29.317435
-29.318701
-29.319966
-29.321232
-29.322496
-29.323761
-29.325025
-29.326289
-29.327553
-29.328816
-29.330079
-29.331342
-29.332605
-29.333867
-29.335128
-29.336390
-29.337651
-29.338912
-29.340172
-29.341433
-29.342692
-29.343952
-29.345211
-29.346470
-29.347729
-29.348987
-29.350245
-29.351503
-29.352760
-29.354017
-29.355274
-29.356530
-29.357786
-29.359042
-29.360297
-29.361553
-29.362807
-29.364062
-29.365316
-29.366570
-29.367823
-29.369077
-29.370330
-29.371582
-29.372834
-29.374086
-29.375338
-29.376589
-29.377840
-29.379091
-29.380341
-29.381591
-29.382841
-29.384090
-29.385340
-29.386588
-29.387837
-29.389085
-29.390333
-29.391580
-29.392827
-29.394074
-29.395321
-29.396567
-29.397813
-29.399059
-29.400304
-29.401549
-29.402794
-29.404038
-29.405282
-29.406526
-29.407769
-29.409012
-29.410255
-29.411497
-29.412739
-29.413981
-29.415223
-29.416464
-29.417705
-29.418945
-29.420185
-29.421425
-29.422665
-29.423904
-29.425143
-29.426382
-29.427620
-29.428858
-29.430096
-29.431333
-29.432570
-29.433807
-29.435043
-29.436279
-29.437515
-29.438751
-29.439986
-29.441221
-29.442455
-29.443689
-29.444923
-29.446157
-29.447390
-29.448623
-29.449856
-29.451088
-29.452320
-29.453551
-29.454783
-29.456014
-29.457245
-29.458475
-29.459705
-29.460935
-29.462164
-29.463393
-29.464622
-29.465851
-29.467079
-29.468307
-29.469534
-29.470761
-29.471988
-29.473215
-29.474441
-29.475667
-29.476893
-29.478118
-29.479343
-29.480568
-29.481792
-29.483016
-29.484240
-29.485463
-29.486686
-29.487909
-29.489131
-29.490354
-29.491575
-29.492797
-29.494018
-29.495239
-29.496460
-29.497680
-29.498900
-29.500119
-29.501339
-29.502558
-29.503776
-29.504995
-29.506213
-29.507430
-29.508648
-29.509865
-29.511081
-29.512298
-29.513514
-29.514730
-29.515945
-29.517160
-29.518375
-29.519590
-29.520804
-29.522018
-29.523232
-29.524445
-29.525658
-29.526870
-29.528083
-29.529295
-29.530506
-29.531718
-29.532929
-29.534139
-29.535350
-29.536560
-29.537770
-29.538979
-29.540188
-29.541397
-29.542606
-29.543814
-29.545022
-29.546229
-29.547436
-29.548643
-29.549850
-29.551056
-29.552262
-29.553468
-29.554673
-29.555878
-29.557083
-29.558287
-29.559491
-29.560695
-29.561898
-29.563102
-29.564304
-29.565507
-29.566709
-29.567911
-29.569112
-29.570314
-29.571514
-29.572715
-29.573915
-29.575115
-29.576315
-29.577514
-29.578713
-29.579912
-29.581110
-29.582308
-29.583506
-29.584703
-29.585900
-29.587097
-29.588294
-29.589490
-29.590685
-29.591881
-29.593076
-29.594271
-29.595466
-29.596660
-29.597854
-29.599047
-29.600241
-29.601433
-29.602626
-29.603818
-29.605010
-29.606202
-29.607393
-29.608585
-29.609775
-29.610966
-29.612156
-29.613346
-29.614535
-29.615724
-29.616913
-29.618102
-29.619290
-29.620478
-29.621665
-29.622852
-29.624039
-29.625226
-29.626412
-29.627598
-29.628784
-29.629969
-29.631154
-29.632339
-29.633523
-29.634707
-29.635891
-29.637075
-29.638258
-29.639441
-29.640623
-29.641805
-29.642987
-29.644169
-29.645350
-29.646531
-29.647711
-29.648892
-29.650071
-29.651251
-29.652430
-29.653609
-29.654788
-29.655966
-29.657144
-29.658322
-29.659500
-29.660677
-29.661853
-29.663030
-29.664206
-29.665382
-29.666557
-29.667733
-29.668907
-29.670082
-29.671256
-29.672430
-29.673604
-29.674777
-29.675950
-29.677123
-29.678295
-29.679467
-29.680639
-29.681810
-29.682981
-29.684152
-29.685322
-29.686492
-29.687662
-29.688832
-29.690001
-29.691170
-29.692338
-29.693506
-29.694674
-29.695842
-29.697009
-29.698176
-29.699343
-29.700509
-29.701675
-29.702841
-29.704006
-29.705171
-29.706336
-29.707500
-29.708664
-29.709828
-29.710991
-29.712155
-29.713317
-29.714480
-29.715642
-29.716804
-29.717965
-29.719127
-29.720288
-29.721448
-29.722609
-29.723768
-29.724928
-29.726087
-29.727246
-29.728405
-29.729563
-29.730722
-29.731879
-29.733037
-29.734194
-29.735351
-29.736507
-29.737663
-29.738819
-29.739975
-29.741130
-29.742285
-29.743439
-29.744593
-29.745747
-29.746901
-29.748054
-29.749207
-29.750360
-29.751512
-29.752664
-29.753816
-29.754967
-29.756118
-29.757269
-29.758420
-29.759570
-29.760720
-29.761869
-29.763018
-29.764167
-29.765316
-29.766464
-29.767612
-29.768759
-29.769907
-29.771054
-29.772200
-29.773346
-29.774492
-29.775638
-29.776783
-29.777929
-29.779073
-29.780218
-29.781362
-29.782506
-29.783649
-29.784792
-29.785935
-29.787077
-29.788220
-29.789362
-29.790503
-29.791644
-29.792785
-29.793926
-29.795066
-29.796206
-29.797346
-29.798485
-29.799624
-29.800763
-29.801901
-29.803039
-29.804177
-29.805314
-29.806452
-29.807588
-29.808725
-29.809861
-29.810997
-29.812132
-29.813268
-29.814402
-29.815537
-29.816671
-29.817805
-29.818939
-29.820072
-29.821205
-29.822338
-29.823470
-29.824602
-29.825734
-29.826865
-29.827996
-29.829127
-29.830258
-29.831388
-29.832518
-29.833647
-29.834776
-29.835905
-29.837034
-29.838162
-29.839290
-29.840417
-29.841545
-29.842672
-29.843798
-29.844925
-29.846051
-29.847176
-29.848302
-29.849427
-29.850551
-29.851676
-29.852800
-29.853924
-29.855047
-29.856170
-29.857293
-29.858416
-29.859538
-29.860660
-29.861781
-29.862903
-29.864024
-29.865144
-29.866264
-29.867384
-29.868504
-29.869623
-29.870742
-29.871861
-29.872980
-29.874098
-29.875215
-29.876333
-29.877450
-29.878567
-29.879683
-29.880799
-29.881915
-29.883031
-29.884146
-29.885261
-29.886375
-29.887490
-29.888604
-29.889717
-29.890831
-29.891944
-29.893056
-29.894169
-29.895281
-29.896392
-29.897504
-29.898615
-29.899726
-29.900836
-29.901946
-29.903056
-29.904166
-29.905275
-29.906384
-29.907492
-29.908601
-29.909709
-29.910816
-29.911923
-29.913030
-29.914137
-29.915243
-29.916349
-29.917455
-29.918560
-29.919666
-29.920770
-29.921875
-29.922979
-29.924083
-29.925186
-29.926289
-29.927392
-29.928495
-29.929597
-29.930699
-29.931800
-29.932902
-29.934003
-29.935103
-29.936203
-29.937303
-29.938403
-29.939503
-29.940602
-29.941700
-29.942799
-29.943897
-29.944995
-29.946092
-29.947189
-29.948286
-29.949382
-29.950479
-29.951575
-29.952670
-29.953765
-29.954860
-29.955955
-29.957049
-29.958143
-29.959237
-29.960330
-29.961423
-29.962516
-29.963608
-29.964700
-29.965792
-29.966883
-29.967974
-29.969065
-29.970156
-29.971246
-29.972336
-29.973425
-29.974515
-29.975603
-29.976692
-29.977780
-29.978868
-29.979956
-29.981043
-29.982130
-29.983217
-29.984303
-29.985389
-29.986475
-29.987560
-29.988645
-29.989730
-29.990815
-29.991899
-29.992983
-29.994066
-29.995149
-29.996232
-29.997315
-29.998397
-29.999479
-30.000560
-30.001642
-30.002723
-30.003803
-30.004884
-30.005964
-30.007043
-30.008123
-30.009202
-30.010280
-30.011359
-30.012437
-30.013515
-30.014592
-30.015669
-30.016746
-30.017823
-30.018899
-30.019975
-30.021050
-30.022126
-30.023201
-30.024275
-30.025350
-30.026424
-30.027497
-30.028571
-30.029644
-30.030716
-30.031789
-30.032861
-30.033933
-30.035004
-30.036075
-30.037146
-30.038216
-30.039287
-30.040356
-30.041426
-30.042495
-30.043564
-30.044633
-30.045701
-30.046769
-30.047837
-30.048904
-30.049971
-30.051038
-30.052104
-30.053170
-30.054236
-30.055301
-30.056366
-30.057431
-30.058496
-30.059560
-30.060624
-30.061687
-30.062750
-30.063813
-30.064876
-30.065938
-30.067000
-30.068062
-30.069123
-30.070184
-30.071245
-30.072305
-30.073365
-30.074425
-30.075484
-30.076543
-30.077602
-30.078660
-30.079718
-30.080776
-30.081834
-30.082891
-30.083948
-30.085004
-30.086061
-30.087117
-30.088172
-30.089227
-30.090282
-30.091337
-30.092391
-30.093445
-30.094499
-30.095552
-30.096605
-30.097658
-30.098711
-30.099763
-30.100815
-30.101866
-30.102917
-30.103968
-30.105019
-30.106069
-30.107119
-30.108168
-30.109217
-30.110266
-30.111315
-30.112363
-30.113411
-30.114459
-30.115506
-30.116553
-30.117600
-30.118646
-30.119693
-30.120738
-30.121784
-30.122829
-30.123874
-30.124918
-30.125962
-30.127006
-30.128050
-30.129093
-30.130136
-30.131179
-30.132221
-30.133263
-30.134305
-30.135346
-30.136387
-30.137428
-30.138468
-30.139508
-30.140548
-30.141587
-30.142626
-30.143665
-30.144704
-30.145742
-30.146780
-30.147817
-30.148854
-30.149891
-30.150928
-30.151964
-30.153000
-30.154036
-30.155071
-30.156106
-30.157141
-30.158175
-30.159209
-30.160243
-30.161276
-30.162309
-30.163342
-30.164374
-30.165407
-30.166438
-30.167470
-30.168501
-30.169532
-30.170563
-30.171593
-30.172623
-30.173652
-30.174682
-30.175711
-30.176739
-30.177768
-30.178796
-30.179823
-30.180851
-30.181878
-30.182905
-30.183931
-30.184957
-30.185983
-30.187008
-30.188034
-30.189058
-30.190083
-30.191107
-30.192131
-30.193155
-30.194178
-30.195201
-30.196223
-30.197246
-30.198268
-30.199290
-30.200311
-30.201332
-30.202353
-30.203373
-30.204393
-30.205413
-30.206432
-30.207452
-30.208470
-30.209489
-30.210507
-30.211525
-30.212543
-30.213560
-30.214577
-30.215593
-30.216610
-30.217626
-30.218641
-30.219657
-30.220672
-30.221686
-30.222701
-30.223715
-30.224729
-30.225742
-30.226755
-30.227768
-30.228781
-30.229793
-30.230805
-30.231816
-30.232827
-30.233838
-30.234849
-30.235859
-30.236869
-30.237879
-30.238888
-30.239897
-30.240906
-30.241914
-30.242922
-30.243930
-30.244938
-30.245945
-30.246951
-30.247958
-30.248964
-30.249970
-30.250975
-30.251981
-30.252986
-30.253990
-30.254994
-30.255998
-30.257002
-30.258005
-30.259008
-30.260011
-30.261013
-30.262015
-30.263017
-30.264019
-30.265020
-30.266020
-30.267021
-30.268021
-30.269021
-30.270020
-30.271020
-30.272019
-30.273017
-30.274015
-30.275013
-30.276011
-30.277008
-30.278005
-30.279002
-30.279998
-30.280994
-30.281990
-30.282985
-30.283980
-30.284975
-30.285970
-30.286964
-30.287958
-30.288951
-30.289944
-30.290937
-30.291930
-30.292922
-30.293914
-30.294905
-30.295897
-30.296888
-30.297878
-30.298869
-30.299859
-30.300848
-30.301838
-30.302827
-30.303816
-30.304804
-30.305792
-30.306780
-30.307767
-30.308755
-30.309741
-30.310728
-30.311714
-30.312700
-30.313686
-30.314671
-30.315656
-30.316641
-30.317625
-30.318609
-30.319593
-30.320576
-30.321559
-30.322542
-30.323524
-30.324506
-30.325488
-30.326470
-30.327451
-30.328432
-30.329412
-30.330392
-30.331372
-30.332352
-30.333331
-30.334310
-30.335289
-30.336267
-30.337245
-30.338223
-30.339200
-30.340177
-30.341154
-30.342130
-30.343106
-30.344082
-30.345057
-30.346033
-30.347007
-30.347982
-30.348956
-30.349930
-30.350904
-30.351877
-30.352850
-30.353822
-30.354795
-30.355767
-30.356738
-30.357710
-30.358681
-30.359651
-30.360622
-30.361592
-30.362562
-30.363531
-30.364500
-30.365469
-30.366438
-30.367406
-30.368374
-30.369341
-30.370308
-30.371275
-30.372242
-30.373208
-30.374174
-30.375140
-30.376105
-30.377070
-30.378035
-30.378999
-30.379963
-30.380927
-30.381891
-30.382854
-30.383816
-30.384779
-30.385741
-30.386703
-30.387665
-30.388626
-30.389587
-30.390547
-30.391508
-30.392468
-30.393427
-30.394387
-30.395346
-30.396304
-30.397263
-30.398221
-30.399178
-30.400136
-30.401093
-30.402050
-30.403006
-30.403962
-30.404918
-30.405874
-30.406829
-30.407784
-30.408739
-30.409693
-30.410647
-30.411600
-30.412554
-30.413507
-30.414459
-30.415412
-30.416364
-30.417316
-30.418267
-30.419218
-30.420169
-30.421119
-30.422070
-30.423019
-30.423969
-30.424918
-30.425867
-30.426816
-30.427764
-30.428712
-30.429659
-30.430607
-30.431554
-30.432500
-30.433447
-30.434393
-30.435339
-30.436284
-30.437229
-30.438174
-30.439118
-30.440063
-30.441006
-30.441950
-30.442893
-30.443836
-30.444779
-30.445721
-30.446663
-30.447604
-30.448546
-30.449487
-30.450427
-30.451368
-30.452308
-30.453248
-30.454187
-30.455126
-30.456065
-30.457003
-30.457941
-30.458879
-30.459817
-30.460754
-30.461691
-30.462627
-30.463564
-30.464500
-30.465435
-30.466371
-30.467306
-30.468240
-30.469175
-30.470109
-30.471042
-30.471976
-30.472909
-30.473842
-30.474774
-30.475706
-30.476638
-30.477570
-30.478501
-30.479432
-30.480362
-30.481292
-30.482222
-30.483152
-30.484081
-30.485010
-30.485939
-30.486867
-30.487795
-30.488723
-30.489651
-30.490578
-30.491504
-30.492431
-30.493357
-30.494283
-30.495208
-30.496134
-30.497058
-30.497983
-30.498907
-30.499831
-30.500755
-30.501678
-30.502601
-30.503524
-30.504446
-30.505368
-30.506290
-30.507211
-30.508132
-30.509053
-30.509974
-30.510894
-30.511814
-30.512733
-30.513652
-30.514571
-30.515490
-30.516408
-30.517326
-30.518244
-30.519161
-30.520078
-30.520995
-30.521911
-30.522827
-30.523743
-30.524658
-30.525573
-30.526488
-30.527402
-30.528317
-30.529230
-30.530144
-30.531057
-30.531970
-30.532883
-30.533795
-30.534707
-30.535618
-30.536530
-30.537441
-30.538351
-30.539262
-30.540172
-30.541081
-30.541991
-30.542900
-30.543809
-30.544717
-30.545625
-30.546533
-30.547441
-30.548348
-30.549255
-30.550161
-30.551068
-30.551974
-30.552879
-30.553784
-30.554689
-30.555594
-30.556499
-30.557403
-30.558306
-30.559210
-30.560113
-30.561016
-30.561918
-30.562820
-30.563722
-30.564624
-30.565525
-30.566426
-30.567326
-30.568227
-30.569126
-30.570026
-30.570925
-30.571824
-30.572723
-30.573621
-30.574519
-30.575417
-30.576315
-30.577212
-30.578109
-30.579005
-30.579901
-30.580797
-30.581693
-30.582588
-30.583483
-30.584377
-30.585272
-30.586165
-30.587059
-30.587952
-30.588845
-30.589738
-30.590630
-30.591523
-30.592414
-30.593306
-30.594197
-30.595088
-30.595978
-30.596868
-30.597758
-30.598648
-30.599537
-30.600426
-30.601314
-30.602203
-30.603091
-30.603978
-30.604866
-30.605753
-30.606639
-30.607526
-30.608412
-30.609297
-30.610183
-30.611068
-30.611953
-30.612837
-30.613722
-30.614605
-30.615489
-30.616372
-30.617255
-30.618138
-30.619020
-30.619902
-30.620784
-30.621665
-30.622546
-30.623427
-30.624307
-30.625187
-30.626067
-30.626946
-30.627825
-30.628704
-30.629583
-30.630461
-30.631339
-30.632216
-30.633094
-30.633971
-30.634847
-30.635723
-30.636599
-30.637475
-30.638350
-30.639225
-30.640100
-30.640975
-30.641849
-30.642722
-30.643596
-30.644469
-30.645342
-30.646214
-30.647087
-30.647958
-30.648830
-30.649701
-30.650572
-30.651443
-30.652313
-30.653183
-30.654053
-30.654922
-30.655791
-30.656660
-30.657528
-30.658397
-30.659264
-30.660132
-30.660999
-30.661866
-30.662732
-30.663599
-30.664464
-30.665330
-30.666195
-30.667060
-30.667925
-30.668789
-30.669653
-30.670517
-30.671380
-30.672243
-30.673106
-30.673968
-30.674831
-30.675692
-30.676554
-30.677415
-30.678276
-30.679136
-30.679997
-30.680857
-30.681716
-30.682575
-30.683434
-30.684293
-30.685151
-30.686009
-30.686867
-30.687725
-30.688582
-30.689438
-30.690295
-30.691151
-30.692007
-30.692862
-30.693718
-30.694572
-30.695427
-30.696281
-30.697135
-30.697989
-30.698842
-30.699695
-30.700548
-30.701400
-30.702252
-30.703104
-30.703955
-30.704806
-30.705657
-30.706508
-30.707358
-30.708208
-30.709057
-30.709906
-30.710755
-30.711604
-30.712452
-30.713300
-30.714148
-30.714995
-30.715842
-30.716689
-30.717535
-30.718381
-30.719227
-30.720072
-30.720917
-30.721762
-30.722607
-30.723451
-30.724295
-30.725138
-30.725982
-30.726824
-30.727667
-30.728509
-30.729351
-30.730193
-30.731034
-30.731875
-30.732716
-30.733556
-30.734397
-30.735236
-30.736076
-30.736915
-30.737754
-30.738592
-30.739430
-30.740268
-30.741106
-30.741943
-30.742780
-30.743617
-30.744453
-30.745289
-30.746125
-30.746960
-30.747795
-30.748630
-30.749464
-30.750298
-30.751132
-30.751966
-30.752799
-30.753632
-30.754464
-30.755296
-30.756128
-30.756960
-30.757791
-30.758622
-30.759453
-30.760283
-30.761113
-30.761943
-30.762772
-30.763601
-30.764430
-30.765259
-30.766087
-30.766915
-30.767742
-30.768569
-30.769396
-30.770223
-30.771049
-30.771875
-30.772700
-30.773526
-30.774351
-30.775175
-30.776000
-30.776824
-30.777648
-30.778471
-30.779294
-30.780117
-30.780939
-30.781762
-30.782583
-30.783405
-30.784226
-30.785047
-30.785868
-30.786688
-30.787508
-30.788328
-30.789147
-30.789966
-30.790785
-30.791603
-30.792421
-30.793239
-30.794056
-30.794873
-30.795690
-30.796507
-30.797323
-30.798139
-30.798954
-30.799770
-30.800585
-30.801399
-30.802213
-30.803027
-30.803841
-30.804655
-30.805468
-30.806280
-30.807093
-30.807905
-30.808717
-30.809528
-30.810339
-30.811150
-30.811961
-30.812771
-30.813581
-30.814390
-30.815200
-30.816009
-30.816817
-30.817626
-30.818434
-30.819241
-30.820049
-30.820856
-30.821663
-30.822469
-30.823275
-30.824081
-30.824887
-30.825692
-30.826497
-30.827301
-30.828105
-30.828909
-30.829713
-30.830516
-30.831319
-30.832122
-30.832924
-30.833727
-30.834528
-30.835330
-30.836131
-30.836932
-30.837732
-30.838532
-30.839332
-30.840132
-30.840931
-30.841730
-30.842528
-30.843327
-30.844125
-30.844922
-30.845720
-30.846517
-30.847314
-30.848110
-30.848906
-30.849702
-30.850497
-30.851292
-30.852087
-30.852882
-30.853676
-30.854470
-30.855264
-30.856057
-30.856850
-30.857642
-30.858435
-30.859227
-30.860018
-30.860810
-30.861601
-30.862392
-30.863182
-30.863972
-30.864762
-30.865552
-30.866341
-30.867130
-30.867918
-30.868707
-30.869494
-30.870282
-30.871069
-30.871856
-30.872643
-30.873429
-30.874216
-30.875001
-30.875787
-30.876572
-30.877357
-30.878141
-30.878925
-30.879709
-30.880493
-30.881276
-30.882059
-30.882842
-30.883624
-30.884406
-30.885187
-30.885969
-30.886750
-30.887531
-30.888311
-30.889091
-30.889871
-30.890650
-30.891430
-30.892208
-30.892987
-30.893765
-30.894543
-30.895321
-30.896098
-30.896875
-30.897652
-30.898428
-30.899204
-30.899980
-30.900755
-30.901530
-30.902305
-30.903079
-30.903854
-30.904627
-30.905401
-30.906174
-30.906947
-30.907720
-30.908492
-30.909264
-30.910035
-30.910807
-30.911578
-30.912348
-30.913119
-30.913889
-30.914659
-30.915428
-30.916197
-30.916966
-30.917735
-30.918503
-30.919271
-30.920038
-30.920806
-30.921572
-30.922339
-30.923105
-30.923871
-30.924637
-30.925403
-30.926168
-30.926932
-30.927697
-30.928461
-30.929225
-30.929988
-30.930751
-30.931514
-30.932277
-30.933039
-30.933801
-30.934563
-30.935324
-30.936085
-30.936846
-30.937606
-30.938366
-30.939126
-30.939885
-30.940644
-30.941403
-30.942162
-30.942920
-30.943678
-30.944435
-30.945192
-30.945949
-30.946706
-30.947462
-30.948218
-30.948974
-30.949729
-30.950484
-30.951239
-30.951993
-30.952748
-30.953501
-30.954255
-30.955008
-30.955761
-30.956513
-30.957266
-30.958018
-30.958769
-30.959520
-30.960271
-30.961022
-30.961772
-30.962523
-30.963272
-30.964022
-30.964771
-30.965520
-30.966268
-30.967016
-30.967764
-30.968512
-30.969259
-30.970006
-30.970752
-30.971499
-30.972245
-30.972990
-30.973736
-30.974481
-30.975225
-30.975970
-30.976714
-30.977458
-30.978201
-30.978944
-30.979687
-30.980430
-30.981172
-30.981914
-30.982655
-30.983397
-30.984138
-30.984878
-30.985619
-30.986359
-30.987098
-30.987838
-30.988577
-30.989316
-30.990054
-30.990792
-30.991530
-30.992268
-30.993005
-30.993742
-30.994478
-30.995215
-30.995951
-30.996686
-30.997422
-30.998157
-30.998891
-30.999626
-31.000360
-31.001094
-31.001827
-31.002560
-31.003293
-31.004026
-31.004758
-31.005490
-31.006221
-31.006953
-31.007684
-31.008414
-31.009145
-31.009875
-31.010604
-31.011334
-31.012063
-31.012792
-31.013520
-31.014248
-31.014976
-31.015704
-31.016431
-31.017158
-31.017884
-31.018611
-31.019337
-31.020062
-31.020788
-31.021513
-31.022237
-31.022962
-31.023686
-31.024410
-31.025133
-31.025856
-31.026579
-31.027302
-31.028024
-31.028746
-31.029467
-31.030189
-31.030910
-31.031630
-31.032351
-31.033071
-31.033791
-31.034510
-31.035229
-31.035948
-31.036666
-31.037384
-31.038102
-31.038820
-31.039537
-31.040254
-31.040971
-31.041687
-31.042403
-31.043119
-31.043834
-31.044549
-31.045264
-31.045978
-31.046692
-31.047406
-31.048120
-31.048833
-31.049546
-31.050258
-31.050970
-31.051682
-31.052394
-31.053105
-31.053816
-31.054527
-31.055237
-31.055947
-31.056657
-31.057366
-31.058076
-31.058784
-31.059493
-31.060201
-31.060909
-31.061616
-31.062324
-31.063031
-31.063737
-31.064444
-31.065150
-31.065855
-31.066561
-31.067266
-31.067970
-31.068675
-31.069379
-31.070083
-31.070786
-31.071490
-31.072192
-31.072895
-31.073597
-31.074299
-31.075001
-31.075702
-31.076403
-31.077104
-31.077804
-31.078504
-31.079204
-31.079903
-31.080603
-31.081301
-31.082000
-31.082698
-31.083396
-31.084094
-31.084791
-31.085488
-31.086185
-31.086881
-31.087577
-31.088273
-31.088968
-31.089663
-31.090358
-31.091052
-31.091746
-31.092440
-31.093134
-31.093827
-31.094520
-31.095213
-31.095905
-31.096597
-31.097289
-31.097980
-31.098671
-31.099362
-31.100052
-31.100742
-31.101432
-31.102121
-31.102811
-31.103499
-31.104188
-31.104876
-31.105564
-31.106252
-31.106939
-31.107626
-31.108313
-31.108999
-31.109685
-31.110371
-31.111056
-31.111741
-31.112426
-31.113111
-31.113795
-31.114479
-31.115162
-31.115846
-31.116529
-31.117211
-31.117894
-31.118576
-31.119257
-31.119939
-31.120620
-31.121300
-31.121981
-31.122661
-31.123341
-31.124020
-31.124700
-31.125379
-31.126057
-31.126735
-31.127413
-31.128091
-31.128768
-31.129445
-31.130122
-31.130799
-31.131475
-31.132150
-31.132826
-31.133501
-31.134176
-31.134850
-31.135525
-31.136199
-31.136872
-31.137545
-31.138218
-31.138891
-31.139563
-31.140236
-31.140907
-31.141579
-31.142250
-31.142921
-31.143591
-31.144261
-31.144931
-31.145601
-31.146270
-31.146939
-31.147608
-31.148276
-31.148944
-31.149612
-31.150279
-31.150946
-31.151613
-31.152279
-31.152945
-31.153611
-31.154277
-31.154942
-31.155607
-31.156272
-31.156936
-31.157600
-31.158263
-31.158927
-31.159590
-31.160253
-31.160915
-31.161577
-31.162239
-31.162900
-31.163562
-31.164222
-31.164883
-31.165543
-31.166203
-31.166863
-31.167522
-31.168181
-31.168840
-31.169498
-31.170156
-31.170814
-31.171471
-31.172128
-31.172785
-31.173442
-31.174098
-31.174754
-31.175409
-31.176065
-31.176720
-31.177374
-31.178029
-31.178683
-31.179336
-31.179990
-31.180643
-31.181296
-31.181948
-31.182600
-31.183252
-31.183904
-31.184555
-31.185206
-31.185857
-31.186507
-31.187157
-31.187807
-31.188456
-31.189105
-31.189754
-31.190402
-31.191050
-31.191698
-31.192346
-31.192993
-31.193640
-31.194286
-31.194933
-31.195579
-31.196224
-31.196869
-31.197515
-31.198159
-31.198804
-31.199448
-31.200092
-31.200735
-31.201378
-31.202021
-31.202664
-31.203306
-31.203948
-31.204589
-31.205231
-31.205872
-31.206512
-31.207153
-31.207793
-31.208432
-31.209072
-31.209711
-31.210350
-31.210988
-31.211627
-31.212264
-31.212902
-31.213539
-31.214176
-31.214813
-31.215449
-31.216085
-31.216721
-31.217356
-31.217992
-31.218626
-31.219261
-31.219895
-31.220529
-31.221162
-31.221796
-31.222429
-31.223061
-31.223694
-31.224326
-31.224957
-31.225589
-31.226220
-31.226850
-31.227481
-31.228111
-31.228741
-31.229370
-31.230000
-31.230628
-31.231257
-31.231885
-31.232513
-31.233141
-31.233768
-31.234395
-31.235022
-31.235649
-31.236275
-31.236900
-31.237526
-31.238151
-31.238776
-31.239401
-31.240025
-31.240649
-31.241272
-31.241896
-31.242519
-31.243141
-31.243764
-31.244386
-31.245008
-31.245629
-31.246250
-31.246871
-31.247492
-31.248112
-31.248732
-31.249351
-31.249971
-31.250590
-31.251208
-31.251827
-31.252445
-31.253063
-31.253680
-31.254297
-31.254914
-31.255531
-31.256147
-31.256763
-31.257378
-31.257994
-31.258609
-31.259223
-31.259838
-31.260452
-31.261065
-31.261679
-31.262292
-31.262905
-31.263517
-31.264129
-31.264741
-31.265353
-31.265964
-31.266575
-31.267186
-31.267796
-31.268406
-31.269016
-31.269625
-31.270234
-31.270843
-31.271451
-31.272060
-31.272667
-31.273275
-31.273882
-31.274489
-31.275096
-31.275702
-31.276308
-31.276914
-31.277519
-31.278124
-31.278729
-31.279333
-31.279937
-31.280541
-31.281145
-31.281748
-31.282351
-31.282954
-31.283556
-31.284158
-31.284759
-31.285361
-31.285962
-31.286563
-31.287163
-31.287763
-31.288363
-31.288962
-31.289562
-31.290161
-31.290759
-31.291357
-31.291955
-31.292553
-31.293150
-31.293747
-31.294344
-31.294941
-31.295537
-31.296132
-31.296728
-31.297323
-31.297918
-31.298513
-31.299107
-31.299701
-31.300294
-31.300888
-31.301481
-31.302073
-31.302666
-31.303258
-31.303850
-31.304441
-31.305032
-31.305623
-31.306214
-31.306804
-31.307394
-31.307984
-31.308573
-31.309162
-31.309751
-31.310339
-31.310927
-31.311515
-31.312102
-31.312689
-31.313276
-31.313863
-31.314449
-31.315035
-31.315621
-31.316206
-31.316791
-31.317376
-31.317960
-31.318544
-31.319128
-31.319711
-31.320294
-31.320877
-31.321460
-31.322042
-31.322624
-31.323205
-31.323787
-31.324368
-31.324948
-31.325529
-31.326109
-31.326688
-31.327268
-31.327847
-31.328426
-31.329004
-31.329583
-31.330160
-31.330738
-31.331315
-31.331892
-31.332469
-31.333045
-31.333621
-31.334197
-31.334773
-31.335348
-31.335922
-31.336497
-31.337071
-31.337645
-31.338219
-31.338792
-31.339365
-31.339938
-31.340510
-31.341082
-31.341654
-31.342225
-31.342796
-31.343367
-31.343937
-31.344508
-31.345078
-31.345647
-31.346216
-31.346785
-31.347354
-31.347922
-31.348490
-31.349058
-31.349626
-31.350193
-31.350759
-31.351326
-31.351892
-31.352458
-31.353024
-31.353589
-31.354154
-31.354718
-31.355283
-31.355847
-31.356411
-31.356974
-31.357537
-31.358100
-31.358662
-31.359224
-31.359786
-31.360348
-31.360909
-31.361470
-31.362031
-31.362591
-31.363151
-31.363711
-31.364270
-31.364829
-31.365388
-31.365947
-31.366505
-31.367063
-31.367620
-31.368178
-31.368734
-31.369291
-31.369847
-31.370403
-31.370959
-31.371515
-31.372070
-31.372624
-31.373179
-31.373733
-31.374287
-31.374841
-31.375394
-31.375947
-31.376499
-31.377052
-31.377604
-31.378156
-31.378707
-31.379258
-31.379809
-31.380359
-31.380909
-31.381459
-31.382009
-31.382558
-31.383107
-31.383656
-31.384204
-31.384752
-31.385300
-31.385847
-31.386394
-31.386941
-31.387488
-31.388034
-31.388580
-31.389125
-31.389671
-31.390216
-31.390760
-31.391305
-31.391849
-31.392392
-31.392936
-31.393479
-31.394022
-31.394564
-31.395106
-31.395648
-31.396190
-31.396731
-31.397272
-31.397813
-31.398353
-31.398893
-31.399433
-31.399972
-31.400511
-31.401050
-31.401589
-31.402127
-31.402665
-31.403202
-31.403740
-31.404276
-31.404813
-31.405349
-31.405886
-31.406421
-31.406957
-31.407492
-31.408027
-31.408561
-31.409095
-31.409629
-31.410163
-31.410696
-31.411229
-31.411762
-31.412294
-31.412826
-31.413358
-31.413889
-31.414421
-31.414951
-31.415482
-31.416012
-31.416542
-31.417072
-31.417601
-31.418130
-31.418659
-31.419187
-31.419715
-31.420243
-31.420770
-31.421297
-31.421824
-31.422351
-31.422877
-31.423403
-31.423928
-31.424454
-31.424979
-31.425503
-31.426028
-31.426552
-31.427076
-31.427599
-31.428122
-31.428645
-31.429168
-31.429690
-31.430212
-31.430733
-31.431255
-31.431776
-31.432296
-31.432817
-31.433337
-31.433857
-31.434376
-31.434895
-31.435414
-31.435933
-31.436451
-31.436969
-31.437487
-31.438004
-31.438521
-31.439038
-31.439554
-31.440070
-31.440586
-31.441102
-31.441617
-31.442132
-31.442646
-31.443160
-31.443674
-31.444188
-31.444701
-31.445214
-31.445727
-31.446240
-31.446752
-31.447264
-31.447775
-31.448286
-31.448797
-31.449308
-31.449818
-31.450328
-31.450838
-31.451347
-31.451856
-31.452365
-31.452873
