0.307720
0.307317
0.303753
0.297130
0.287592
0.275322
0.260527
0.243436
0.224288
0.203327
0.180799
0.156940
0.131982
0.106143
0.079629
0.052632
0.025330
-0.002112
-0.029545
-0.056830
-0.083841
-0.110465
-0.136597
-0.162144
-0.187020
-0.211147
-0.234455
-0.256881
-0.278366
-0.298858
-0.318310
-0.336677
-0.353921
-0.370004
-0.384893
-0.398560
-0.410975
-0.422114
-0.431953
-0.440471
-0.447650
-0.453470
-0.457918
-0.460978
-0.462637
-0.462885
-0.461711
-0.459109
-0.455071
-0.449595
-0.442676
-0.434316
-0.424515
-0.413280
-0.400618
-0.386540
-0.371061
-0.354200
-0.335981
-0.316433
-0.295592
-0.273500
-0.250207
-0.225773
-0.200268
-0.173772
-0.146377
-0.118192
-0.089338
-0.059956
-0.030201
-0.000250
0.029701
0.059435
0.088718
0.117296
0.144897
0.171241
0.196036
0.218991
0.239823
0.258262
0.274062
0.287014
0.296947
0.303741
0.307328
0.307696
0.304884
0.298983
0.290131
0.278499
0.264291
0.247730
0.229054
0.208507
0.186333
0.162773
0.138059
0.112412
0.086042
0.059144
0.031899
0.004476
-0.022972
-0.050305
-0.077393
-0.104120
-0.130380
-0.156076
-0.181121
-0.205435
-0.228947
-0.251591
-0.273308
-0.294044
-0.313751
-0.332383
-0.349901
-0.366266
-0.381446
-0.395410
-0.408129
-0.419577
-0.429732
-0.438570
-0.446073
-0.452222
-0.457002
-0.460397
-0.462395
-0.462983
-0.462153
-0.459896
-0.456204
-0.451075
-0.444503
-0.436490
-0.427037
-0.416147
-0.403827
-0.390089
-0.374946
-0.358416
-0.340522
-0.321291
-0.300758
-0.278963
-0.255955
-0.231791
-0.206537
-0.180272
-0.153085
-0.125080
-0.096376
-0.067108
-0.037428
-0.007508
0.022461
0.052268
0.081681
0.110452
0.138313
0.164985
0.190179
0.213604
0.234972
0.254009
0.270466
0.284120
0.294793
0.302352
0.306715
0.307856
0.305803
0.300636
0.292480
0.281501
0.267893
0.251878
0.233689
0.213570
0.191766
0.168518
0.144061
0.118619
0.092404
0.065616
0.038438
0.011043
-0.016413
-0.043786
-0.070945
-0.097770
-0.124152
-0.149993
-0.175203
-0.199701
-0.223413
-0.246272
-0.268218
-0.289196
-0.309155
-0.328051
-0.345841
-0.362488
-0.377958
-0.392217
-0.405239
-0.416997
-0.427465
-0.436623
-0.444450
-0.450927
-0.456039
-0.459769
-0.462105
-0.463034
-0.462547
-0.460634
-0.457289
-0.452507
-0.446283
-0.438618
-0.429511
-0.418967
-0.406992
-0.393594
-0.378789
-0.362591
-0.345023
-0.326112
-0.305889
-0.284394
-0.261674
-0.237783
-0.212785
-0.186756
-0.159782
-0.131964
-0.103417
-0.074272
-0.044676
-0.014798
0.015178
0.045044
0.074574
0.103523
0.131628
0.158613
0.184189
0.208066
0.229955
0.249578
0.266677
0.281024
0.292429
0.300747
0.305884
0.307800
0.306511
0.302085
0.294635
0.284318
0.271324
0.255868
0.238180
0.218504
0.197083
0.174161
0.149974
0.124749
0.098702
0.072034
0.044934
0.017576
-0.009879
-0.037285
-0.064507
-0.091422
-0.117921
-0.143901
-0.169270
-0.193947
-0.217854
-0.240925
-0.263096
-0.284312
-0.304521
-0.323677
-0.341737
-0.358663
-0.374419
-0.388973
-0.402295
-0.414359
-0.425141
-0.434616
-0.442765
-0.449569
-0.455011
-0.459076
-0.461749
-0.463018
-0.462873
-0.461304
-0.458305
-0.453869
-0.447993
-0.440675
-0.431915
-0.421717
-0.410085
-0.397029
-0.382561
-0.366697
-0.349457
-0.330867
-0.310956
-0.289764
-0.267334
-0.243719
-0.218981
-0.193193
-0.166438
-0.138813
-0.110430
-0.081416
-0.051914
-0.022087
0.007884
0.037796
0.067429
0.096542
0.124875
0.152155
0.178097
0.202410
0.224803
0.244996
0.262725
0.277753
0.289881
0.298952
0.304860
0.307551
0.307029
0.303348
0.296612
0.286969
0.274600
0.259715
0.242542
0.223321
0.202298
0.179715
0.155811
0.130816
0.104947
0.078411
0.051399
0.024088
-0.003358
-0.030788
-0.058065
-0.085065
-0.111673
-0.137787
-0.163311
-0.188161
-0.212260
-0.235537
-0.257930
-0.279380
-0.299836
-0.319249
-0.337576
-0.354778
-0.370818
-0.385664
-0.399285
-0.411655
-0.422746
-0.432538
-0.441008
-0.448137
-0.453908
-0.458305
-0.461314
-0.462922
-0.463118
-0.461892
-0.459237
-0.455147
-0.449618
-0.442647
-0.434233
-0.424381
-0.413093
-0.400379
-0.386249
-0.370719
-0.353808
-0.335539
-0.315943
-0.295055
-0.272918
-0.249583
-0.225109
-0.199565
-0.173034
-0.145609
-0.117397
-0.088522
-0.059123
-0.029358
0.000596
0.030542
0.060264
0.089525
0.118070
0.145630
0.171920
0.196651
0.219533
0.240279
0.258624
0.274321
0.287163
0.296981
0.303656
0.307123
0.307370
0.304441
0.298428
0.289469
0.277737
0.263437
0.246793
0.228043
0.207431
0.185201
0.161594
0.136841
0.111164
0.084770
0.057856
0.030602
0.003175
-0.024272
-0.051597
-0.078674
-0.105386
-0.131627
-0.157301
-0.182320
-0.206606
-0.230087
-0.252697
-0.274379
-0.295078
-0.314746
-0.333338
-0.350813
-0.367136
-0.382272
-0.396190
-0.408863
-0.420264
-0.430370
-0.439159
-0.446612
-0.452711
-0.457440
-0.460784
-0.462730
-0.463266
-0.462383
-0.460073
-0.456328
-0.451145
-0.444520
-0.436454
-0.426947
-0.416004
-0.403632
-0.389841
-0.374646
-0.358065
-0.340120
-0.320840
-0.300259
-0.278418
-0.255366
-0.231159
-0.205866
-0.179564
-0.152344
-0.124311
-0.095583
-0.066296
-0.036603
-0.006677
0.023290
0.053087
0.082482
0.111224
0.139047
0.165670
0.190803
0.214156
0.235442
0.254388
0.270744
0.284290
0.294849
0.302288
0.306531
0.307551
0.305380
0.300099
0.291834
0.280752
0.267051
0.250950
0.232684
0.212498
0.190636
0.167339
0.142841
0.117367
0.091128
0.064323
0.037135
0.009735
-0.017720
-0.045086
-0.072234
-0.099044
-0.125407
-0.151225
-0.176409
-0.200877
-0.224558
-0.247383
-0.269294
-0.290234
-0.310153
-0.329008
-0.346755
-0.363358
-0.378782
-0.392996
-0.405970
-0.417680
-0.428099
-0.437207
-0.444983
-0.451410
-0.456470
-0.460148
-0.462431
-0.463307
-0.462767
-0.460801
-0.457402
-0.452565
-0.446288
-0.438568
-0.429408
-0.418810
-0.406781
-0.393331
-0.378473
-0.362223
-0.344605
-0.325644
-0.305373
-0.283831
-0.261066
-0.237132
-0.212094
-0.186028
-0.159020
-0.131173
-0.102601
-0.073435
-0.043826
-0.013939
0.016036
0.045895
0.075409
0.104332
0.132401
0.159339
0.184859
0.208668
0.230479
0.250013
0.267016
0.281258
0.292552
0.300754
0.305773
0.307571
0.306165
0.301624
0.294066
0.283648
0.270559
0.255016
0.237252
0.217507
0.196027
0.173054
0.148826
0.123567
0.097494
0.070808
0.043696
0.016332
-0.011123
-0.038523
-0.065735
-0.092637
-0.119117
-0.145075
-0.170419
-0.195068
-0.218945
-0.241982
-0.264118
-0.285297
-0.305467
-0.324582
-0.342600
-0.359482
-0.375193
-0.389701
-0.402976
-0.414992
-0.425725
-0.435150
-0.443249
-0.450002
-0.455392
-0.459405
-0.462025
-0.463241
-0.463042
-0.461420
-0.458366
-0.453876
-0.447946
-0.440573
-0.431759
-0.421507
-0.409822
-0.396713
-0.382192
-0.366276
-0.348984
-0.330343
-0.310384
-0.289144
-0.266669
-0.243010
-0.218232
-0.192405
-0.165615
-0.137960
-0.109550
-0.080514
-0.050997
-0.021160
0.008813
0.038720
0.068339
0.097429
0.125730
0.152967
0.178856
0.203104
0.225423
0.245531
0.263166
0.278092
0.290112
0.299070
0.304861
0.307436
0.306798
0.303004
0.296160
0.286414
0.273951
0.258979
0.241728
0.222438
0.201354
0.178719
0.154772
0.129742
0.103847
0.077291
0.050266
0.022949
-0.004497
-0.031923
-0.059191
-0.086177
-0.112768
-0.138859
-0.164359
-0.189181
-0.213249
-0.236494
-0.258851
-0.280264
-0.300681
-0.320053
-0.338338
-0.355496
-0.371491
-0.386290
-0.399864
-0.412185
-0.423228
-0.432969
-0.441389
-0.448466
-0.454185
-0.458530
-0.461485
-0.463040
-0.463182
-0.461902
-0.459193
-0.455048
-0.449464
-0.442438
-0.433970
-0.424063
-0.412721
-0.399953
-0.385770
-0.370187
-0.353224
-0.334905
-0.315259
-0.294323
-0.272139
-0.248760
-0.224243
-0.198661
-0.172094
-0.144636
-0.116396
-0.087498
-0.058081
-0.028304
0.001654
0.031598
0.061309
0.090550
0.119066
0.146586
0.172826
0.197497
0.220307
0.240973
0.259226
0.274825
0.287561
0.297268
0.303829
0.307180
0.307312
0.304270
0.298149
0.289087
0.277259
0.262871
0.246147
0.227326
0.206652
0.184370
0.160718
0.135929
0.110223
0.083809
0.056881
0.029620
0.002191
-0.025252
-0.052569
-0.079633
-0.106327
-0.132547
-0.158196
-0.183188
-0.207444
-0.230892
-0.253467
-0.275112
-0.295772
-0.315399
-0.333948
-0.351380
-0.367657
-0.382747
-0.396618
-0.409242
-0.420593
-0.430649
-0.439388
-0.446789
-0.452836
-0.457512
-0.460802
-0.462694
-0.463176
-0.462239
-0.459874
-0.456075
-0.450836
-0.444157
-0.436035
-0.426473
-0.415475
-0.403049
-0.389204
-0.373956
-0.357322
-0.339326
-0.319996
-0.299366
-0.277478
-0.254380
-0.230130
-0.204797
-0.178458
-0.151204
-0.123141
-0.094388
-0.065081
-0.035375
-0.005442
0.024525
0.054314
0.083691
0.112407
0.140193
0.166768
0.191844
0.215129
0.236337
0.255195
0.271453
0.284896
0.295345
0.302671
0.306798
0.307703
0.305419
0.300028
0.291659
0.280480
0.266689
0.250507
0.232169
0.211919
0.190002
0.166659
0.142124
0.116621
0.090360
0.063539
0.036343
0.008941
-0.018511
-0.045869
-0.073004
-0.099797
-0.126139
-0.151933
-0.177090
-0.201528
-0.225176
-0.247967
-0.269839
-0.290740
-0.310619
-0.329431
-0.347134
-0.363692
-0.379069
-0.393235
-0.406161
-0.417821
-0.428190
-0.437246
-0.444970
-0.451344
-0.456351
-0.459975
-0.462204
-0.463026
-0.462430
-0.460409
-0.456954
-0.452062
-0.445729
-0.437953
-0.428737
-0.418084
-0.406000
-0.392495
-0.377582
-0.361279
-0.343608
-0.324595
-0.304274
-0.282684
-0.259872
-0.235893
-0.210813
-0.184708
-0.157665
-0.129785
-0.101186
-0.071999
-0.042373
-0.012477
0.017502
0.047354
0.076854
0.105754
0.133789
0.160684
0.186148
0.209892
0.231626
0.251075
0.267982
0.282122
0.293307
0.301396
0.306299
0.307981
0.306461
0.301809
0.294145
0.283627
0.270447
0.254821
0.236981
0.217171
0.195634
0.172614
0.148346
0.123057
0.096960
0.070258
0.043137
0.015771
-0.011682
-0.039075
-0.066274
-0.093159
-0.119618
-0.145552
-0.170869
-0.195487
-0.219331
-0.242333
-0.264431
-0.285570
-0.305699
-0.324771
-0.342744
-0.359580
-0.375245
-0.389704
-0.402931
-0.414897
-0.425578
-0.434952
-0.442998
-0.449698
-0.455035
-0.458993
-0.461559
-0.462720
-0.462466
-0.460788
-0.457679
-0.453133
-0.447146
-0.439718
-0.430848
-0.420540
-0.408800
-0.395636
-0.381060
-0.365091
-0.347746
-0.329054
-0.309044
-0.287756
-0.265233
-0.241530
-0.216708
-0.190842
-0.164016
-0.136328
-0.107891
-0.078832
-0.049296
-0.019449
0.010529
0.040432
0.070040
0.099109
0.127379
0.154575
0.180412
0.204599
0.226845
0.246871
0.264414
0.279242
0.291156
0.300003
0.305681
0.308141
0.307390
0.303486
0.296536
0.286691
0.274134
0.259078
0.241751
0.222394
0.201251
0.178567
0.154580
0.129517
0.103597
0.077023
0.049987
0.022665
-0.004780
-0.032199
-0.059456
-0.086427
-0.112997
-0.139066
-0.164539
-0.189331
-0.213367
-0.236577
-0.258898
-0.280272
-0.300647
-0.319977
-0.338217
-0.355330
-0.371278
-0.386030
-0.399555
-0.411826
-0.422817
-0.432507
-0.440874
-0.447898
-0.453564
-0.457854
-0.460755
-0.462254
-0.462340
-0.461005
-0.458240
-0.454039
-0.448399
-0.441316
-0.432792
-0.422829
-0.411432
-0.398608
-0.384370
-0.368733
-0.351717
-0.333345
-0.313649
-0.292663
-0.270432
-0.247007
-0.222447
-0.196824
-0.170220
-0.142729
-0.114460
-0.085537
-0.056101
-0.026311
0.003654
0.033596
0.063297
0.092520
0.121008
0.148489
0.174681
0.199293
0.222034
0.242620
0.260785
0.276287
0.288919
0.298517
0.304965
0.308203
0.308222
0.305069
0.298841
0.289679
0.277757
0.263283
0.246482
0.227592
0.206858
0.184524
0.160829
0.136006
0.110274
0.083841
0.056901
0.029633
0.002205
-0.025233
-0.052540
-0.079589
-0.106264
-0.132461
-0.158084
-0.183046
-0.207270
-0.230683
-0.253222
-0.274827
-0.295446
-0.315031
-0.333536
-0.350922
-0.367152
-0.382193
-0.396014
-0.408588
-0.419888
-0.429892
-0.438577
-0.445925
-0.451918
-0.456539
-0.459774
-0.461610
-0.462036
-0.461043
-0.458621
-0.454765
-0.449469
-0.442733
-0.434554
-0.424936
-0.413881
-0.401399
-0.387499
-0.372195
-0.355507
-0.337458
-0.318076
-0.297395
-0.275458
-0.252314
-0.228020
-0.202644
-0.176267
-0.148978
-0.120884
-0.092105
-0.062777
-0.033056
-0.003115
0.026853
0.056634
0.085996
0.114686
0.142437
0.168966
0.193986
0.217203
0.238334
0.257105
0.273269
0.286609
0.296950
0.304164
0.308178
0.308969
0.306574
0.301075
0.292604
0.281329
0.267450
0.251188
0.232779
0.212467
0.190497
0.167109
0.142538
0.117006
0.090724
0.063890
0.036686
0.009283
-0.018164
-0.045513
-0.072634
-0.099409
-0.125729
-0.151497
-0.176625
-0.201032
-0.224645
-0.247399
-0.269233
-0.290092
-0.309929
-0.328696
-0.346354
-0.362864
-0.378193
-0.392310
-0.405185
-0.416793
-0.427109
-0.436113
-0.443783
-0.450102
-0.455054
-0.458623
-0.460795
-0.461561
-0.460908
-0.458830
-0.455318
-0.450368
-0.443978
-0.436145
-0.426871
-0.416161
-0.404020
-0.390459
-0.375491
-0.359133
-0.341408
-0.322343
-0.301970
-0.280330
-0.257470
-0.233446
-0.208323
-0.182178
-0.155099
-0.127187
-0.098560
-0.069350
-0.039708
-0.009802
0.020179
0.050027
0.079512
0.108389
0.136391
0.163241
0.188652
0.212330
0.233989
0.253353
0.270166
0.284205
0.295282
0.303259
0.308048
0.309615
0.307982
0.303221
0.295453
0.284837
0.271566
0.255858
0.237945
0.218070
0.196478
0.173411
0.149105
0.123786
0.097667
0.070950
0.043820
0.016451
-0.010998
-0.038383
-0.065569
-0.092436
-0.118874
-0.144783
-0.170072
-0.194658
-0.218468
-0.241434
-0.263494
-0.284592
-0.304678
-0.323706
-0.341634
-0.358423
-0.374038
-0.388449
-0.401625
-0.413539
-0.424168
-0.433488
-0.441481
-0.448126
-0.453407
-0.457309
-0.459818
-0.460923
-0.460611
-0.458876
-0.455709
-0.451105
-0.445060
-0.437574
-0.428646
-0.418280
-0.406482
-0.393261
-0.378629
-0.362603
-0.345204
-0.326457
-0.306395
-0.285055
-0.262483
-0.238733
-0.213867
-0.187960
-0.161096
-0.133374
-0.104906
-0.075823
-0.046269
-0.016409
0.013573
0.043474
0.073070
0.102118
0.130357
0.157511
0.183296
0.207420
0.229592
0.249534
0.266985
0.281711
0.293517
0.302252
0.307815
0.310160
0.309294
0.305279
0.298223
0.288278
0.275629
0.260488
0.243085
0.223662
0.202462
0.179730
0.155702
0.130608
0.104664
0.078074
0.051029
0.023703
-0.003739
-0.031151
-0.058395
-0.085349
-0.111899
-0.137942
-0.163387
-0.188149
-0.212152
-0.235326
-0.257608
-0.278942
-0.299275
-0.318561
-0.336756
-0.353822
-0.369722
-0.384424
-0.397899
-0.410119
-0.421058
-0.430695
-0.439008
-0.445978
-0.451589
-0.455823
-0.458668
-0.460111
-0.460141
-0.458748
-0.455926
-0.451667
-0.445969
-0.438829
-0.430247
-0.420227
-0.408772
-0.395892
-0.381598
-0.365905
-0.348834
-0.330409
-0.310660
-0.289623
-0.267343
-0.243870
-0.219266
-0.193601
-0.166959
-0.139433
-0.111133
-0.082185
-0.052729
-0.022926
0.007046
0.036987
0.066679
0.095883
0.124343
0.151786
0.177929
0.202480
0.225150
0.245656
0.263731
0.279134
0.291661
0.301149
0.307484
0.310606
0.310511
0.307248
0.300913
0.291649
0.279633
0.265073
0.248194
0.229235
0.208442
0.186057
0.162321
0.137464
0.111706
0.085254
0.058302
0.031030
0.003602
-0.023829
-0.051125
-0.078158
-0.104814
-0.130987
-0.156583
-0.181516
-0.205707
-0.229085
-0.251586
-0.273152
-0.293729
-0.313270
-0.331730
-0.349070
-0.365253
-0.380245
-0.394016
-0.406539
-0.417788
-0.427738
-0.436371
-0.443664
-0.449602
-0.454168
-0.457347
-0.459127
-0.459496
-0.458445
-0.455966
-0.452053
-0.446700
-0.439906
-0.431669
-0.421993
-0.410882
-0.398342
-0.384386
-0.369027
-0.352284
-0.334181
-0.314746
-0.294014
-0.272027
-0.248835
-0.224496
-0.199078
-0.172661
-0.145337
-0.117212
-0.088406
-0.059057
-0.029320
0.000629
0.030598
0.060372
0.089717
0.118381
0.146095
0.172578
0.197540
0.220690
0.241742
0.260425
0.276492
0.289727
0.299959
0.307060
0.310958
0.311635
0.309127
0.303520
0.294946
0.283575
0.269607
0.253265
0.234785
0.214411
0.192388
0.168956
0.144349
0.118789
0.092487
0.065640
0.038430
0.011026
-0.016417
-0.043756
-0.070862
-0.097617
-0.123915
-0.149657
-0.174755
-0.199130
-0.222708
-0.245425
-0.267219
-0.288038
-0.307831
-0.326553
-0.344165
-0.360628
-0.375908
-0.389974
-0.402798
-0.414354
-0.424618
-0.433568
-0.441184
-0.447448
-0.452344
-0.455856
-0.457973
-0.458681
-0.457971
-0.455835
-0.452265
-0.447258
-0.440809
-0.432918
-0.423587
-0.412819
-0.400621
-0.387003
-0.371978
-0.355565
-0.337785
-0.318666
-0.298242
-0.276551
-0.253643
-0.229573
-0.204406
-0.178221
-0.151105
-0.123160
-0.094505
-0.065272
-0.035613
-0.005697
0.024287
0.054129
0.083601
0.112453
0.140422
0.167228
0.192583
0.216195
0.237778
0.257055
0.273773
0.287708
0.298676
0.306539
0.311212
0.312664
0.310916
0.306045
0.298171
0.287456
0.274094
0.258302
0.240315
0.220375
0.198727
0.175614
0.151269
0.125920
0.099779
0.073046
0.045908
0.018537
-0.008909
-0.036284
-0.063457
-0.090306
-0.116722
-0.142605
-0.167865
-0.192420
-0.216195
-0.239124
-0.261145
-0.282202
-0.302245
-0.321228
-0.339109
-0.355851
-0.371418
-0.385778
-0.398902
-0.410765
-0.421340
-0.430607
-0.438545
-0.445135
-0.450360
-0.454206
-0.456658
-0.457705
-0.457336
-0.455543
-0.452317
-0.447655
-0.441552
-0.434007
-0.425021
-0.414597
-0.402741
-0.389462
-0.374773
-0.358691
-0.341237
-0.322436
-0.302321
-0.280930
-0.258309
-0.234511
-0.209601
-0.183652
-0.156750
-0.128994
-0.100498
-0.071390
-0.041818
-0.011946
0.018040
0.047937
0.077521
0.106546
0.134753
0.161865
0.187596
0.211655
0.233752
0.253608
0.270964
0.285588
0.297285
0.305906
0.311352
0.313579
0.312597
0.308469
0.301306
0.291259
0.278516
0.263290
0.245811
0.226319
0.205061
0.182280
0.158212
0.133085
0.107117
0.080510
0.053454
0.026125
-0.001315
-0.028719
-0.055952
-0.082888
-0.109417
-0.135437
-0.160854
-0.185585
-0.209554
-0.232692
-0.254935
-0.276229
-0.296520
-0.315762
-0.333911
-0.350930
-0.366782
-0.381435
-0.394859
-0.407027
-0.417914
-0.427497
-0.435756
-0.442671
-0.448226
-0.452404
-0.455193
-0.456578
-0.456550
-0.455100
-0.452219
-0.447903
-0.442146
-0.434948
-0.426307
-0.416228
-0.404715
-0.391778
-0.377426
-0.361677
-0.344550
-0.326070
-0.306268
-0.285179
-0.262849
-0.239328
-0.214679
-0.188972
-0.162290
-0.134729
-0.106399
-0.077425
-0.047949
-0.018133
0.011845
0.041784
0.071465
0.100649
0.129079
0.156481
0.182572
0.207061
0.229658
0.250080
0.268061
0.283363
0.295781
0.305155
0.311373
0.314378
0.314167
0.310789
0.304345
0.294978
0.282867
0.268219
0.251262
0.232234
0.211380
0.188944
0.165165
0.140275
0.114491
0.088021
0.061058
0.033780
0.006353
-0.021072
-0.048356
-0.075374
-0.102010
-0.128160
-0.153729
-0.178632
-0.202790
-0.226133
-0.248597
-0.270123
-0.290659
-0.310157
-0.328572
-0.345866
-0.362001
-0.376945
-0.390666
-0.403138
-0.414335
-0.424233
-0.432812
-0.440051
-0.445934
-0.450445
-0.453568
-0.455292
-0.455604
-0.454496
-0.451960
-0.447989
-0.442578
-0.435726
-0.427432
-0.417698
-0.406529
-0.393933
-0.379920
-0.364505
-0.347707
-0.329549
-0.310061
-0.289278
-0.267241
-0.244001
-0.219617
-0.194156
-0.167700
-0.140340
-0.112184
-0.083351
-0.053982
-0.024231
0.005726
0.035695
0.065461
0.094788
0.123424
0.151101
0.177535
0.202437
0.225516
0.246487
0.265080
0.281047
0.294177
0.304296
0.311282
0.315063
0.315623
0.313000
0.307283
0.298604
0.287136
0.273078
0.256656
0.238104
0.217667
0.195590
0.172114
0.147471
0.121883
0.095560
0.068699
0.041482
0.014078
-0.013360
-0.040690
-0.067782
-0.094519
-0.120794
-0.146510
-0.171580
-0.195923
-0.219467
-0.242147
-0.263903
-0.284681
-0.304432
-0.323111
-0.340677
-0.357093
-0.372325
-0.386343
-0.399117
-0.410622
-0.420834
-0.429731
-0.437294
-0.443504
-0.448345
-0.451802
-0.453863
-0.454515
-0.453749
-0.451556
-0.447930
-0.442865
-0.436359
-0.428411
-0.419023
-0.408198
-0.395943
-0.382269
-0.367189
-0.350721
-0.332887
-0.313716
-0.293240
-0.271500
-0.248543
-0.224428
-0.199218
-0.172993
-0.145841
-0.117865
-0.089182
-0.059928
-0.030253
-0.000327
0.029658
0.059494
0.088950
0.117777
0.145710
0.172470
0.197767
0.221312
0.242816
0.262004
0.278624
0.292454
0.303311
0.311059
0.315614
0.316947
0.315084
0.310100
0.302120
0.291305
0.277851
0.261976
0.243914
0.223909
0.202205
0.179043
0.154660
0.129281
0.103117
0.076369
0.049222
0.021849
-0.005594
-0.032961
-0.060121
-0.086953
-0.113347
-0.139206
-0.164438
-0.188962
-0.212704
-0.235596
-0.257579
-0.278596
-0.298597
-0.317537
-0.335373
-0.352068
-0.367587
-0.381899
-0.394973
-0.406785
-0.417309
-0.426523
-0.434408
-0.440944
-0.446115
-0.449905
-0.452302
-0.453293
-0.452868
-0.451018
-0.447736
-0.443017
-0.436857
-0.429254
-0.420211
-0.409730
-0.397817
-0.384483
-0.369738
-0.353601
-0.336093
-0.317239
-0.297072
-0.275631
-0.252962
-0.229118
-0.204164
-0.178175
-0.151236
-0.123447
-0.094921
-0.065791
-0.036201
-0.006318
0.023672
0.053564
0.083134
0.112136
0.140310
0.167378
0.193054
0.217047
0.239067
0.258837
0.276096
0.290615
0.302201
0.310706
0.316034
0.318142
0.317042
0.312800
0.305527
0.295377
0.282539
0.267226
0.249669
0.230109
0.208791
0.185959
0.161850
0.136691
0.110697
0.084073
0.057006
0.029673
0.002234
-0.025163
-0.052384
-0.079304
-0.105813
-0.131808
-0.157198
-0.181899
-0.205835
-0.228937
-0.251143
-0.272397
-0.292646
-0.311845
-0.329950
-0.346922
-0.362727
-0.377331
-0.390705
-0.402822
-0.413658
-0.423188
-0.431394
-0.438256
-0.443756
-0.447879
-0.450612
-0.451942
-0.451858
-0.450351
-0.447413
-0.443039
-0.437226
-0.429970
-0.421273
-0.411137
-0.399567
-0.386573
-0.372166
-0.356362
-0.339180
-0.320647
-0.300793
-0.279654
-0.257275
-0.233708
-0.209015
-0.183267
-0.156547
-0.128953
-0.100594
-0.071595
-0.042102
-0.012273
0.017709
0.047645
0.077314
0.106476
0.134874
0.162234
0.188272
0.212697
0.235219
0.255555
0.273442
0.288640
0.300948
0.310207
0.316307
0.319192
0.318862
0.315368
0.308814
0.299342
0.287134
0.272397
0.255359
0.236261
0.215345
0.192857
0.169034
0.144108
0.118297
0.091808
0.064832
0.037548
0.010120
-0.017300
-0.044574
-0.071577
-0.098195
-0.124322
-0.149866
-0.174740
-0.198866
-0.222175
-0.244603
-0.266090
-0.286586
-0.306042
-0.324413
-0.341662
-0.357751
-0.372647
-0.386319
-0.398742
-0.409888
-0.419735
-0.428261
-0.435448
-0.441277
-0.445733
-0.448802
-0.450470
-0.450727
-0.449563
-0.446971
-0.442943
-0.437476
-0.430567
-0.422216
-0.412426
-0.401201
-0.388548
-0.374480
-0.359010
-0.342158
-0.323947
-0.304408
-0.283574
-0.261489
-0.238202
-0.213774
-0.188272
-0.161778
-0.134384
-0.106197
-0.077340
-0.047951
-0.018187
0.011776
0.041743
0.071498
0.100805
0.129412
0.157049
0.183432
0.208273
0.231279
0.252167
0.270667
0.286534
0.299555
0.309560
0.316428
0.320091
0.320533
0.317794
0.311965
0.303181
0.291614
0.277467
0.260962
0.242338
0.221838
0.199707
0.176185
0.151505
0.125888
0.099544
0.072669
0.045444
0.018037
-0.009397
-0.036718
-0.063797
-0.090517
-0.116771
-0.142463
-0.167505
-0.191818
-0.215329
-0.237974
-0.259693
-0.280431
-0.300141
-0.318777
-0.336299
-0.352670
-0.367856
-0.381825
-0.394551
-0.406006
-0.416167
-0.425013
-0.432524
-0.438681
-0.443469
-0.446873
-0.448879
-0.449477
-0.448656
-0.446407
-0.442726
-0.437605
-0.431043
-0.423040
-0.413596
-0.402715
-0.390405
-0.376676
-0.361542
-0.345021
-0.327134
-0.307911
-0.287385
-0.265597
-0.242595
-0.218435
-0.193184
-0.166921
-0.139734
-0.111727
-0.083019
-0.053744
-0.024055
0.005878
0.035863
0.065691
0.095129
0.123929
0.151825
0.178537
0.203776
0.227251
0.248675
0.267773
0.284294
0.298017
0.308762
0.316393
0.320830
0.322045
0.320066
0.314970
0.306882
0.295967
0.282421
0.266462
0.248325
0.228254
0.206493
0.183284
0.158862
0.133451
0.107263
0.080499
0.053342
0.025965
-0.001476
-0.028836
-0.055984
-0.082800
-0.109175
-0.135010
-0.160216
-0.184711
-0.208421
-0.231280
-0.253226
-0.274205
-0.294166
-0.313064
-0.330857
-0.347508
-0.362981
-0.377246
-0.390273
-0.402036
-0.412510
-0.421674
-0.429508
-0.435992
-0.441111
-0.444848
-0.447192
-0.448129
-0.447650
-0.445745
-0.442409
-0.437634
-0.431419
-0.423762
-0.414664
-0.404128
-0.392161
-0.378773
-0.363975
-0.347785
-0.330224
-0.311320
-0.291104
-0.269615
-0.246899
-0.223012
-0.198017
-0.171989
-0.145015
-0.117195
-0.088644
-0.059492
-0.029887
0.000004
0.029996
0.059882
0.089436
0.118413
0.146552
0.173575
0.199194
0.223120
0.245063
0.264744
0.281906
0.296320
0.307795
0.316184
0.321394
0.323383
0.322166
0.317810
0.310428
0.300176
0.287243
0.271843
0.254209
0.234580
0.213204
0.190321
0.166170
0.140977
0.114958
0.088315
0.061237
0.033898
0.006459
-0.020932
-0.048143
-0.075049
-0.101539
-0.127512
-0.152877
-0.177549
-0.201454
-0.224523
-0.246694
-0.267910
-0.288120
-0.307278
-0.325341
-0.342269
-0.358029
-0.372587
-0.385914
-0.397983
-0.408769
-0.418250
-0.426405
-0.433216
-0.438664
-0.442735
-0.445415
-0.446692
-0.446554
-0.444993
-0.442001
-0.437573
-0.431705
-0.424394
-0.415643
-0.405452
-0.393829
-0.380781
-0.366320
-0.350463
-0.333230
-0.314646
-0.294742
-0.273555
-0.251130
-0.227519
-0.202783
-0.176996
-0.150241
-0.122615
-0.094228
-0.065208
-0.035697
-0.005858
0.024127
0.054059
0.083714
0.112854
0.141220
0.168537
0.194521
0.218881
0.241327
0.261577
0.279368
0.294462
0.306659
0.315802
0.321783
0.324548
0.324098
0.320489
0.313822
0.304245
0.291938
0.277112
0.259993
0.240823
0.219845
0.197303
0.173436
0.148474
0.122635
0.096124
0.069135
0.041843
0.014415
-0.013001
-0.040266
-0.067256
-0.093856
-0.119962
-0.145481
-0.170327
-0.194424
-0.217700
-0.240092
-0.261543
-0.281999
-0.301414
-0.319744
-0.336948
-0.352992
-0.367842
-0.381468
-0.393842
-0.404940
-0.414737
-0.423213
-0.430348
-0.436126
-0.440530
-0.443546
-0.445161
-0.445365
-0.444147
-0.441501
-0.437419
-0.431898
-0.424935
-0.416530
-0.406686
-0.395407
-0.382701
-0.368579
-0.353057
-0.336154
-0.317893
-0.298304
-0.277422
-0.255291
-0.231961
-0.207491
-0.181950
-0.155420
-0.127995
-0.099781
-0.070901
-0.041495
-0.011720
0.018248
0.048211
0.077954
0.107241
0.135817
0.163412
0.189744
0.214522
0.237456
0.258260
0.276667
0.292432
0.305344
0.315235
0.321986
0.325529
0.325852
0.322997
0.317056
0.308166
0.296500
0.282261
0.265674
0.246976
0.226411
0.204225
0.180656
0.155937
0.130290
0.103923
0.077032
0.049797
0.022387
-0.005046
-0.032360
-0.059427
-0.086131
-0.112366
-0.138035
-0.163051
-0.187336
-0.210816
-0.233427
-0.255110
-0.275811
-0.295482
-0.314077
-0.331557
-0.347884
-0.363025
-0.376949
-0.389628
-0.401035
-0.411148
-0.419944
-0.427405
-0.433512
-0.438248
-0.441600
-0.443554
-0.444099
-0.443225
-0.440924
-0.437188
-0.432015
-0.425399
-0.417342
-0.407844
-0.396911
-0.384548
-0.370767
-0.355581
-0.339008
-0.321072
-0.301800
-0.281227
-0.259393
-0.236346
-0.212145
-0.186856
-0.160557
-0.133338
-0.105303
-0.076572
-0.047279
-0.017577
0.012361
0.042344
0.072161
0.101580
0.130352
0.158209
0.184871
0.210050
0.233455
0.254797
0.273805
0.290227
0.303843
0.314475
0.321990
0.326309
0.327405
0.325309
0.320100
0.311906
0.300890
0.287251
0.271207
0.252995
0.232857
0.211038
0.187781
0.163318
0.137874
0.111662
0.084880
0.057712
0.030329
0.002889
-0.024466
-0.051604
-0.078406
-0.104763
-0.130576
-0.155757
-0.180225
-0.203905
-0.226731
-0.248643
-0.269585
-0.289508
-0.308366
-0.326118
-0.342726
-0.358155
-0.372375
-0.385355
-0.397071
-0.407498
-0.416613
-0.424397
-0.430832
-0.435900
-0.439586
-0.441878
-0.442763
-0.442232
-0.440275
-0.436885
-0.432058
-0.425790
-0.418080
-0.408929
-0.398341
-0.386321
-0.372881
-0.358031
-0.341791
-0.324181
-0.305228
-0.284965
-0.263430
-0.240671
-0.216742
-0.191708
-0.165644
-0.138637
-0.110789
-0.082214
-0.053043
-0.023425
0.006473
0.036464
0.066341
0.095878
0.124829
0.152931
0.179907
0.205469
0.229327
0.251191
0.270784
0.287849
0.302159
0.313522
0.321796
0.326888
0.328758
0.327425
0.322955
0.315464
0.305110
0.292082
0.276596
0.258883
0.239186
0.217749
0.194815
0.170621
0.145394
0.119347
0.092685
0.065593
0.038247
0.010807
-0.016581
-0.043783
-0.070677
-0.097150
-0.123104
-0.148445
-0.173091
-0.196967
-0.220005
-0.242142
-0.263323
-0.283496
-0.302615
-0.320637
-0.337523
-0.353240
-0.367754
-0.381036
-0.393059
-0.403798
-0.413231
-0.421338
-0.428099
-0.433498
-0.437518
-0.440148
-0.441373
-0.441183
-0.439571
-0.436527
-0.432047
-0.426126
-0.418763
-0.409959
-0.399717
-0.388042
-0.374942
-0.360431
-0.344524
-0.327242
-0.308609
-0.288658
-0.267426
-0.244957
-0.221304
-0.196530
-0.170707
-0.143919
-0.116264
-0.087852
-0.058812
-0.029288
0.000559
0.030545
0.060469
0.090110
0.119225
0.147556
0.174829
0.200757
0.225051
0.247421
0.267584
0.285280
0.300270
0.312357
0.321384
0.327247
0.329893
0.329325
0.325600
0.318823
0.309142
0.296738
0.281822
0.264623
0.245381
0.224340
0.201744
0.177832
0.152833
0.126964
0.100432
0.073427
0.046127
0.018695
-0.008718
-0.035977
-0.062955
-0.089540
-0.115627
-0.141124
-0.165945
-0.190013
-0.213258
-0.235618
-0.257034
-0.277454
-0.296831
-0.315121
-0.332284
-0.348286
-0.363092
-0.376674
-0.389002
-0.400053
-0.409803
-0.418231
-0.425318
-0.431046
-0.435400
-0.438366
-0.439930
-0.440083
-0.438814
-0.436115
-0.431982
-0.426408
-0.419393
-0.410936
-0.401040
-0.389709
-0.376952
-0.362780
-0.347207
-0.330254
-0.311945
-0.292309
-0.271381
-0.249206
-0.225833
-0.201323
-0.175746
-0.149182
-0.121726
-0.093486
-0.064585
-0.035163
-0.005379
0.024591
0.054549
0.084279
0.113544
0.142088
0.169641
0.195919
0.220633
0.243492
0.264212
0.282524
0.298186
0.310988
0.320763
0.327395
0.330817
0.331020
0.328048
0.321994
0.312996
0.301230
0.286898
0.270228
0.251455
0.230824
0.208581
0.184964
0.160206
0.134527
0.108137
0.081228
0.053984
0.026569
-0.000863
-0.028171
-0.055228
-0.081917
-0.108134
-0.133781
-0.158773
-0.183030
-0.206480
-0.229059
-0.250708
-0.271373
-0.291005
-0.309561
-0.327000
-0.343285
-0.358383
-0.372262
-0.384896
-0.396257
-0.406323
-0.415072
-0.422484
-0.428542
-0.433229
-0.436531
-0.438435
-0.438929
-0.438004
-0.435651
-0.431864
-0.426639
-0.419972
-0.411864
-0.402315
-0.391330
-0.378916
-0.365085
-0.349849
-0.333228
-0.315244
-0.295926
-0.275307
-0.253429
-0.230341
-0.206100
-0.180774
-0.154441
-0.127192
-0.099132
-0.070379
-0.041070
-0.011358
0.018583
0.048563
0.078368
0.107766
0.136508
0.164325
0.190937
0.216055
0.239387
0.260648
0.279564
0.295886
0.309394
0.319913
0.327310
0.331509
0.332487
0.330273
0.324951
0.316648
0.305530
0.291797
0.275668
0.257379
0.237173
0.215295
0.191987
0.167482
0.142005
0.115766
0.088964
0.061784
0.034395
0.006953
-0.020398
-0.047528
-0.074317
-0.100657
-0.126451
-0.151609
-0.176050
-0.199702
-0.222497
-0.244375
-0.265283
-0.285169
-0.303989
-0.321701
-0.338267
-0.353655
-0.367831
-0.380767
-0.392437
-0.402818
-0.411886
-0.419623
-0.426009
-0.431028
-0.434665
-0.436907
-0.437742
-0.437160
-0.435152
-0.431712
-0.426834
-0.420515
-0.412754
-0.403552
-0.392913
-0.380843
-0.367352
-0.352454
-0.336165
-0.318507
-0.299508
-0.279199
-0.257621
-0.234820
-0.210852
-0.185781
-0.159684
-0.132647
-0.104772
-0.076175
-0.046987
-0.017358
0.012544
0.042532
0.072399
0.101917
0.130840
0.158904
0.185832
0.211336
0.235124
0.256908
0.276412
0.293379
0.307582
0.318833
0.326991
0.331963
0.333715
0.332263
0.327678
0.320078
0.309620
0.296497
0.280922
0.263130
0.243363
0.221864
0.198878
0.174640
0.149376
0.123301
0.096617
0.069511
0.042156
0.014713
-0.012673
-0.039868
-0.066750
-0.093208
-0.119143
-0.144462
-0.169083
-0.192931
-0.215939
-0.238044
-0.259190
-0.279327
-0.298408
-0.316390
-0.333236
-0.348911
-0.363382
-0.376619
-0.388597
-0.399291
-0.408677
-0.416736
-0.423449
-0.428799
-0.432771
-0.435350
-0.436525
-0.436286
-0.434622
-0.431527
-0.426996
-0.421025
-0.413611
-0.404756
-0.394463
-0.382737
-0.369588
-0.355027
-0.339071
-0.321741
-0.303062
-0.283066
-0.261790
-0.239279
-0.215586
-0.190775
-0.164917
-0.138098
-0.110416
-0.081981
-0.052923
-0.023386
0.006466
0.036452
0.066367
0.095991
0.125079
0.153374
0.180601
0.206473
0.230700
0.252991
0.273067
0.290666
0.305552
0.317527
0.326438
0.332181
0.334707
0.334020
0.330179
0.323291
0.313503
0.301001
0.285994
0.268713
0.249398
0.228292
0.205641
0.181682
0.156644
0.130745
0.104189
0.077168
0.049857
0.022421
-0.004992
-0.032245
-0.059213
-0.085784
-0.111854
-0.137329
-0.162126
-0.186168
-0.209384
-0.231712
-0.253094
-0.273479
-0.292818
-0.311069
-0.328193
-0.344153
-0.358916
-0.372454
-0.384738
-0.395743
-0.405446
-0.413827
-0.420866
-0.426546
-0.430851
-0.433768
-0.435282
-0.435384
-0.434065
-0.431316
-0.427131
-0.421507
-0.414441
-0.405933
-0.395986
-0.384605
-0.371798
-0.357576
-0.341955
-0.324954
-0.306597
-0.286915
-0.265944
-0.243726
-0.220313
-0.195765
-0.170153
-0.143557
-0.116074
-0.087810
-0.058890
-0.029455
0.000337
0.030307
0.060259
0.089973
0.119212
0.147722
0.175231
0.201454
0.226103
0.248885
0.269518
0.287735
0.303292
0.315983
0.325642
0.332154
0.335455
0.335537
0.332447
0.326279
0.317173
0.305305
0.290881
0.274125
0.255276
0.234579
0.212277
0.188611
0.163812
0.138100
0.111684
0.084757
0.057500
0.030079
0.002647
-0.024657
-0.051705
-0.078382
-0.104582
-0.130210
-0.155178
-0.179409
-0.202830
-0.225378
-0.246994
-0.267624
-0.287220
-0.305738
-0.323137
-0.339381
-0.354437
-0.368273
-0.380862
-0.392178
-0.402197
-0.410899
-0.418264
-0.424273
-0.428912
-0.432164
-0.434018
-0.434462
-0.433487
-0.431083
-0.427245
-0.421969
-0.415251
-0.407091
-0.397491
-0.386455
-0.373991
-0.360110
-0.344825
-0.328155
-0.310123
-0.290758
-0.270094
-0.248173
-0.225043
-0.200764
-0.175401
-0.149035
-0.121757
-0.093671
-0.064897
-0.035573
-0.005853
0.024091
0.054065
0.083857
0.113233
0.141942
0.169716
0.196275
0.221329
0.244587
0.265762
0.284583
0.300801
0.314198
0.324600
0.331877
0.335953
0.336808
0.334474
0.329036
0.320622
0.309401
0.295572
0.279355
0.260988
0.240713
0.218775
0.195415
0.170867
0.145355
0.119089
0.092268
0.065074
0.037677
0.010233
-0.017115
-0.044236
-0.071014
-0.097338
-0.123113
-0.148248
-0.172664
-0.196288
-0.219053
-0.240899
-0.261772
-0.281622
-0.300404
-0.318077
-0.334603
-0.349949
-0.364082
-0.376975
-0.388600
-0.398935
-0.407957
-0.415647
-0.421985
-0.426956
-0.430545
-0.432738
-0.433523
-0.432891
-0.430833
-0.427343
-0.422414
-0.416045
-0.408233
-0.398981
-0.388292
-0.376172
-0.362632
-0.347685
-0.331348
-0.313644
-0.294598
-0.274245
-0.252624
-0.229782
-0.205775
-0.180668
-0.154537
-0.127471
-0.099571
-0.070952
-0.041749
-0.012110
0.017796
0.047780
0.077635
0.107133
0.136026
0.164050
0.190927
0.216370
0.240086
0.261788
0.281200
0.298066
0.312161
0.323297
0.331336
0.336187
0.337816
0.336244
0.331543
0.323831
0.313268
0.300047
0.284383
0.266510
0.246671
0.225110
0.202069
0.177786
0.152484
0.126380
0.099674
0.072552
0.045188
0.017741
-0.009644
-0.036833
-0.063704
-0.090148
-0.116065
-0.141363
-0.165960
-0.189782
-0.212760
-0.234833
-0.255946
-0.276048
-0.295092
-0.313036
-0.329842
-0.345476
-0.359904
-0.373099
-0.385032
-0.395681
-0.405021
-0.413034
-0.419700
-0.425002
-0.428925
-0.431456
-0.432582
-0.432293
-0.430579
-0.427434
-0.422853
-0.416831
-0.409367
-0.400462
-0.390119
-0.378344
-0.365145
-0.350536
-0.334532
-0.317155
-0.298430
-0.278389
-0.257070
-0.234518
-0.210786
-0.185938
-0.160047
-0.133198
-0.105489
-0.077033
-0.047958
-0.018410
0.011448
0.041430
0.071336
0.100940
0.130001
0.158258
0.185437
0.211250
0.235407
0.257619
0.277605
0.295104
0.309882
0.321744
0.330536
0.336158
0.338561
0.337754
0.333794
0.326792
0.316897
0.304295
0.289196
0.271832
0.252442
0.231271
0.208564
0.184557
0.159480
0.133549
0.106969
0.079930
0.052608
0.025166
-0.002247
-0.029495
-0.056454
-0.083011
-0.109063
-0.134519
-0.159292
-0.183307
-0.206495
-0.228792
-0.250141
-0.270491
-0.289793
-0.308006
-0.325090
-0.341009
-0.355731
-0.369225
-0.381465
-0.392425
-0.402082
-0.410417
-0.417408
-0.423040
-0.427297
-0.430164
-0.431629
-0.431682
-0.430312
-0.427513
-0.423278
-0.417603
-0.410486
-0.401928
-0.391931
-0.380500
-0.367643
-0.353372
-0.337702
-0.320654
-0.302251
-0.282524
-0.261508
-0.239249
-0.215796
-0.191211
-0.165564
-0.138937
-0.111426
-0.083139
-0.054200
-0.024753
0.005046
0.035015
0.064958
0.094655
0.123869
0.152343
0.179806
0.205973
0.230554
0.253259
0.273803
0.291922
0.307373
0.319951
0.329491
0.335881
0.339059
0.339019
0.335808
0.329525
0.320309
0.308338
0.293819
0.276977
0.258051
0.237285
0.214924
0.191208
0.166367
0.140621
0.114179
0.087232
0.059962
0.032535
0.005101
-0.022199
-0.049239
-0.075904
-0.102087
-0.127695
-0.152641
-0.176846
-0.200239
-0.222756
-0.244339
-0.264935
-0.284494
-0.302974
-0.320333
-0.336536
-0.351550
-0.365343
-0.377887
-0.389158
-0.399131
-0.407786
-0.415104
-0.421065
-0.425654
-0.428858
-0.430662
-0.431056
-0.430030
-0.427575
-0.423687
-0.418359
-0.411590
-0.403379
-0.393728
-0.382642
-0.370128
-0.356197
-0.340862
-0.324144
-0.306065
-0.286654
-0.265946
-0.243982
-0.220812
-0.196493
-0.171095
-0.144697
-0.117390
-0.089280
-0.060487
-0.031149
-0.001420
0.028524
0.058492
0.088268
0.117620
0.146295
0.174025
0.200529
0.225517
0.248698
0.269786
0.288510
0.304623
0.317907
0.328190
0.335344
0.339297
0.340028
0.337573
0.332016
0.323491
0.312164
0.298238
0.281933
0.263486
0.243140
0.221140
0.197728
0.173137
0.147588
0.121294
0.094452
0.067243
0.039838
0.012392
-0.014954
-0.042068
-0.068834
-0.095144
-0.120899
-0.146013
-0.170404
-0.194000
-0.216735
-0.238549
-0.259388
-0.279203
-0.297947
-0.315581
-0.332067
-0.347371
-0.361461
-0.374310
-0.385891
-0.396180
-0.405155
-0.412797
-0.419088
-0.424010
-0.427549
-0.429693
-0.430428
-0.429746
-0.427637
-0.424095
-0.419115
-0.412695
-0.404832
-0.395528
-0.384788
-0.372618
-0.359028
-0.344031
-0.327645
-0.309893
-0.290800
-0.270402
-0.248737
-0.225853
-0.201807
-0.176663
-0.150499
-0.123403
-0.095477
-0.066838
-0.037619
-0.007970
0.021938
0.051918
0.081760
0.111235
0.140096
0.168078
0.194903
0.220282
0.243924
0.265541
0.284857
0.301619
0.315602
0.326621
0.334537
0.339264
0.340770
0.339075
0.334255
0.326430
0.315761
0.302440
0.286686
0.268732
0.248821
0.227196
0.204102
0.179773
0.154434
0.128300
0.101572
0.074434
0.047061
0.019610
-0.007774
-0.034956
-0.061817
-0.088247
-0.114146
-0.139422
-0.163996
-0.187790
-0.210740
-0.232782
-0.253861
-0.273927
-0.292934
-0.310840
-0.327607
-0.343199
-0.357586
-0.370737
-0.382626
-0.393229
-0.402524
-0.410490
-0.417108
-0.422362
-0.426237
-0.428718
-0.429795
-0.429456
-0.427692
-0.424497
-0.419865
-0.413792
-0.406277
-0.397322
-0.386928
-0.375102
-0.361854
-0.347195
-0.331143
-0.313718
-0.294947
-0.274861
-0.253498
-0.230904
-0.207133
-0.182248
-0.156322
-0.129443
-0.101707
-0.073229
-0.044137
-0.014578
0.015283
0.045263
0.075158
0.104743
0.133774
0.161992
0.189121
0.214874
0.238960
0.261089
0.280983
0.298380
0.313050
0.324795
0.333467
0.338966
0.341246
0.340315
0.336237
0.329120
0.319118
0.306415
0.291224
0.273776
0.254312
0.233076
0.210313
0.186258
0.161142
0.135179
0.108575
0.081519
0.054186
0.026739
-0.000674
-0.027917
-0.054867
-0.081411
-0.107447
-0.132882
-0.157632
-0.181621
-0.204780
-0.227047
-0.248363
-0.268678
-0.287945
-0.306120
-0.323165
-0.339043
-0.353723
-0.367175
-0.379371
-0.390286
-0.399898
-0.408186
-0.415131
-0.420715
-0.424923
-0.427742
-0.429158
-0.429161
-0.427741
-0.424892
-0.420606
-0.414881
-0.407714
-0.399105
-0.389057
-0.377576
-0.364670
-0.350350
-0.334632
-0.317535
-0.299086
-0.279313
-0.258254
-0.235952
-0.212459
-0.187837
-0.162155
-0.135497
-0.107958
-0.079648
-0.050692
-0.021232
0.008572
0.038541
0.068475
0.098155
0.127342
0.155780
0.183195
0.209304
0.233817
0.256442
0.276897
0.294916
0.310259
0.322722
0.332144
0.338410
0.341464
0.341301
0.337970
0.331571
0.322245
0.310172
0.295558
0.278630
0.259628
0.238795
0.216376
0.192609
0.167727
0.141948
0.115480
0.088515
0.061233
0.033798
0.006364
-0.020933
-0.047964
-0.074616
-0.100783
-0.126371
-0.151294
-0.175473
-0.198839
-0.221326
-0.242876
-0.263437
-0.282960
-0.301402
-0.318722
-0.334885
-0.349856
-0.363606
-0.376107
-0.387333
-0.397261
-0.405869
-0.413139
-0.419052
-0.423593
-0.426748
-0.428503
-0.428847
-0.427770
-0.425265
-0.421326
-0.415948
-0.409128
-0.400866
-0.391164
-0.380027
-0.367463
-0.353482
-0.338098
-0.321332
-0.303205
-0.283748
-0.262995
-0.240988
-0.217777
-0.193420
-0.167986
-0.141555
-0.114219
-0.086084
-0.057271
-0.027919
0.001818
0.031764
0.061725
0.091486
0.120814
0.149455
0.177141
0.203590
0.228512
0.251616
0.272616
0.291243
0.307249
0.320420
0.330584
0.337615
0.341443
0.342050
0.339473
0.333799
0.325161
0.313729
0.299706
0.283312
0.264786
0.244370
0.222309
0.198845
0.174210
0.148627
0.122305
0.095442
0.068220
0.040807
0.013359
-0.013983
-0.041090
-0.067844
-0.094138
-0.119874
-0.144965
-0.169330
-0.192898
-0.215603
-0.237384
-0.258189
-0.277966
-0.296673
-0.314267
-0.330712
-0.345974
-0.360021
-0.372825
-0.384361
-0.394604
-0.403532
-0.411127
-0.417369
-0.422242
-0.425732
-0.427825
-0.428510
-0.427777
-0.425617
-0.422024
