3.097512
3.102877
3.108241
3.113604
3.118966
3.124327
3.129686
3.135044
3.140401
3.145757
3.151112
3.156466
3.161818
3.167169
3.172519
3.177868
3.183215
3.188562
3.193907
3.199251
3.204594
3.209935
3.215276
3.220615
3.225953
3.231289
3.236625
3.241959
3.247292
3.252624
3.257955
3.263284
3.268612
3.273939
3.279265
3.284589
3.289912
3.295234
3.300555
3.305875
3.311193
3.316510
3.321826
3.327140
3.332453
3.337765
3.343076
3.348386
3.353694
3.359001
3.364306
3.369611
3.374914
3.380216
3.385516
3.390816
3.396114
3.401410
3.406706
3.412000
3.417293
3.422585
3.427875
3.433164
3.438452
3.443738
3.449023
3.454307
3.459589
3.464871
3.470150
3.475429
3.480706
3.485982
3.491257
3.496530
3.501802
3.507073
3.512342
3.517610
3.522877
3.528142
3.533406
3.538669
3.543930
3.549190
3.554449
3.559706
3.564962
3.570216
3.575470
3.580722
3.585972
3.591221
3.596469
3.601716
3.606961
3.612204
3.617447
3.622688
3.627927
3.633166
3.638402
3.643638
3.648872
3.654105
3.659336
3.664566
3.669795
3.675022
3.680247
3.685472
3.690695
3.695916
3.701137
3.706355
3.711573
3.716789
3.722003
3.727216
3.732428
3.737638
3.742847
3.748055
3.753261
3.758465
3.763668
3.768870
3.774070
3.779269
3.784467
3.789663
3.794857
3.800050
3.805242
3.810432
3.815621
3.820809
3.825994
3.831179
3.836362
3.841543
3.846723
3.851902
3.857079
3.862255
3.867429
3.872602
3.877773
3.882943
3.888111
3.893278
3.898443
3.903607
3.908769
3.913930
3.919089
3.924247
3.929404
3.934558
3.939712
3.944864
3.950014
3.955163
3.960310
3.965456
3.970600
3.975743
3.980885
3.986024
3.991163
3.996299
4.001435
4.006568
4.011701
4.016831
4.021960
4.027088
4.032214
4.037338
4.042461
4.047583
4.052703
4.057821
4.062938
4.068053
4.073167
4.078279
4.083389
4.088498
4.093606
4.098712
4.103816
4.108919
4.114020
4.119119
4.124217
4.129314
4.134409
4.139502
4.144594
4.149684
4.154772
4.159859
4.164944
4.170028
4.175110
4.180191
4.185270
4.190347
4.195423
4.200497
4.205570
4.210641
4.215710
4.220778
4.225844
4.230908
4.235971
4.241032
4.246092
4.251150
4.256206
4.261261
4.266314
4.271365
4.276415
4.281463
4.286510
4.291555
4.296598
4.301639
4.306679
4.311718
4.316754
4.321789
4.326823
4.331854
4.336884
4.341913
4.346939
4.351964
4.356988
4.362009
4.367029
4.372048
4.377064
4.382079
4.387092
4.392104
4.397114
4.402122
4.407128
4.412133
4.417136
4.422138
4.427138
4.432136
4.437132
4.442127
4.447119
4.452111
4.457100
4.462088
4.467074
4.472058
4.477041
4.482022
4.487001
4.491978
4.496954
4.501928
4.506900
4.511871
4.516840
4.521807
4.526772
4.531735
4.536697
4.541657
4.546616
4.551572
4.556527
4.561480
4.566431
4.571381
4.576329
4.581275
4.586219
4.591161
4.596102
4.601041
4.605978
4.610914
4.615847
4.620779
4.625709
4.630637
4.635564
4.640489
4.645411
4.650333
4.655252
4.660169
4.665085
4.669999
4.674911
4.679821
4.684730
4.689637
4.694541
4.699445
4.704346
4.709245
4.714143
4.719039
4.723933
4.728825
4.733715
4.738604
4.743490
4.748375
4.753258
4.758139
4.763019
4.767896
4.772772
4.777645
4.782517
4.787387
4.792256
4.797122
4.801987
4.806849
4.811710
4.816569
4.821426
4.826281
4.831135
4.835986
4.840836
4.845683
4.850529
4.855373
4.860215
4.865056
4.869894
4.874730
4.879565
4.884398
4.889228
4.894057
4.898884
4.903709
4.908532
4.913354
4.918173
4.922991
4.927806
4.932620
4.937432
4.942241
4.947049
4.951855
4.956659
4.961461
4.966262
4.971060
4.975856
4.980651
4.985443
4.990234
4.995022
4.999809
5.004594
5.009377
5.014157
5.018936
5.023713
5.028488
5.033261
5.038032
5.042802
5.047569
5.052334
5.057097
5.061858
5.066618
5.071375
5.076130
5.080884
5.085635
5.090385
5.095132
5.099878
5.104621
5.109363
5.114102
5.118840
5.123575
5.128309
5.133040
5.137770
5.142498
5.147223
5.151947
5.156668
5.161388
5.166105
5.170821
5.175534
5.180246
5.184955
5.189663
5.194368
5.199072
5.203773
5.208472
5.213170
5.217865
5.222558
5.227249
5.231938
5.236626
5.241311
5.245994
5.250675
5.255354
5.260031
5.264706
5.269378
5.274049
5.278718
5.283384
5.288049
5.292711
5.297372
5.302030
5.306687
5.311341
5.315993
5.320643
5.325291
5.329937
5.334581
5.339223
5.343862
5.348500
5.353135
5.357769
5.362400
5.367029
5.371656
5.376281
5.380904
5.385525
5.390144
5.394760
5.399375
5.403987
5.408597
5.413206
5.417812
5.422416
5.427017
5.431617
5.436214
5.440810
5.445403
5.449994
5.454583
5.459170
5.463755
5.468338
5.472918
5.477496
5.482072
5.486647
5.491218
5.495788
5.500356
5.504921
5.509484
5.514045
5.518604
5.523161
5.527716
5.532268
5.536818
5.541367
5.545913
5.550456
5.554998
5.559537
5.564074
5.568610
5.573142
5.577673
5.582202
5.586728
5.591252
5.595774
5.600293
5.604811
5.609326
5.613839
5.618350
5.622859
5.627365
5.631870
5.636372
5.640872
5.645369
5.649865
5.654358
5.658849
5.663338
5.667824
5.672308
5.676791
5.681270
5.685748
5.690223
5.694696
5.699167
5.703636
5.708102
5.712567
5.717029
5.721488
5.725946
5.730401
5.734854
5.739304
5.743753
5.748199
5.752643
5.757084
5.761524
5.765961
5.770396
5.774828
5.779258
5.783686
5.788112
5.792535
5.796957
5.801375
5.805792
5.810206
5.814618
5.819028
5.823435
5.827841
5.832243
5.836644
5.841042
5.845438
5.849832
5.854223
5.858612
5.862999
5.867383
5.871765
5.876145
5.880522
5.884897
5.889270
5.893641
5.898009
5.902374
5.906738
5.911099
5.915458
5.919814
5.924169
5.928520
5.932870
5.937217
5.941562
5.945904
5.950244
5.954582
5.958917
5.963250
5.967581
5.971909
5.976235
5.980559
5.984880
5.989199
5.993515
5.997829
6.002141
6.006451
6.010758
6.015062
6.019364
6.023664
6.027962
6.032257
6.036550
6.040840
6.045128
6.049413
6.053696
6.057977
6.062256
6.066531
6.070805
6.075076
6.079345
6.083611
6.087875
6.092137
6.096396
6.100652
6.104907
6.109159
6.113408
6.117655
6.121900
6.126142
6.130381
6.134619
6.138854
6.143086
6.147316
6.151544
6.155769
6.159991
6.164212
6.168429
6.172645
6.176858
6.181068
6.185276
6.189482
6.193685
6.197885
6.202084
6.206279
6.210472
6.214663
6.218852
6.223037
6.227221
6.231402
6.235580
6.239756
6.243930
6.248101
6.252269
6.256435
6.260599
6.264760
6.268918
6.273074
6.277228
6.281379
6.285528
6.289674
6.293817
6.297958
6.302097
6.306233
6.310367
6.314498
6.318626
6.322752
6.326876
6.330997
6.335115
6.339231
6.343345
6.347456
6.351564
6.355670
6.359773
6.363874
6.367972
6.372068
6.376161
6.380252
6.384340
6.388426
6.392509
6.396589
6.400667
6.404743
6.408815
6.412886
6.416953
6.421019
6.425081
6.429141
6.433199
6.437254
6.441306
6.445356
6.449403
6.453448
6.457490
6.461529
6.465566
6.469601
6.473633
6.477662
6.481688
6.485712
6.489734
6.493753
6.497769
6.501783
6.505794
6.509802
6.513808
6.517811
6.521812
6.525810
6.529806
6.533799
6.537789
6.541776
6.545761
6.549744
6.553724
6.557701
6.561675
6.565647
6.569617
6.573583
6.577548
6.581509
6.585468
6.589424
6.593378
6.597328
6.601277
6.605222
6.609165
6.613106
6.617043
6.620979
6.624911
6.628841
6.632768
6.636692
6.640614
6.644533
6.648450
6.652364
6.656275
6.660183
6.664089
6.667992
6.671893
6.675791
6.679686
6.683578
6.687468
6.691355
6.695240
6.699122
6.703001
6.706877
6.710751
6.714622
6.718490
6.722356
6.726219
6.730079
6.733937
6.737792
6.741644
6.745493
6.749340
6.753184
6.757026
6.760864
6.764700
6.768533
6.772364
6.776192
6.780017
6.783839
6.787659
6.791476
6.795290
6.799101
6.802910
6.806716
6.810519
6.814320
6.818118
6.821913
6.825705
6.829495
6.833282
6.837066
6.840847
6.844626
6.848402
6.852175
6.855945
6.859713
6.863478
6.867240
6.870999
6.874756
6.878510
6.882261
6.886009
6.889755
6.893497
6.897237
6.900975
6.904709
6.908441
6.912170
6.915896
6.919619
6.923340
6.927058
6.930773
6.934485
6.938194
6.941901
6.945605
6.949306
6.953004
6.956699
6.960392
6.964082
6.967769
6.971453
6.975135
6.978813
6.982489
6.986162
6.989832
6.993500
6.997164
7.000826
7.004485
7.008141
7.011794
7.015445
7.019093
7.022737
7.026379
7.030019
7.033655
7.037288
7.040919
7.044547
7.048172
7.051794
7.055413
7.059030
7.062643
7.066254
7.069862
7.073467
7.077069
7.080669
7.084265
7.087859
7.091450
7.095038
7.098623
7.102205
7.105784
7.109361
7.112935
7.116505
7.120073
7.123638
7.127200
7.130760
7.134316
7.137869
7.141420
7.144968
7.148513
7.152055
7.155594
7.159130
7.162663
7.166194
7.169721
7.173246
7.176768
7.180286
7.183802
7.187315
7.190825
7.194333
7.197837
7.201338
7.204837
7.208332
7.211825
7.215315
7.218802
7.222286
7.225767
7.229245
7.232720
7.236192
7.239661
7.243128
7.246591
7.250052
7.253509
7.256964
7.260416
7.263864
7.267310
7.270753
7.274193
7.277630
7.281064
7.284495
7.287924
7.291349
7.294771
7.298191
7.301607
7.305020
7.308431
7.311838
7.315243
7.318644
7.322043
7.325439
7.328831
7.332221
7.335608
7.338992
7.342373
7.345750
7.349125
7.352497
7.355866
7.359232
7.362595
7.365955
7.369312
7.372666
7.376017
7.379365
7.382710
7.386052
7.389391
7.392727
7.396060
7.399390
7.402717
7.406041
7.409362
7.412680
7.415995
7.419307
7.422616
7.425922
7.429225
7.432525
7.435822
7.439116
7.442407
7.445695
7.448980
7.452262
7.455541
7.458817
7.462089
7.465359
7.468626
7.471890
7.475150
7.478408
7.481662
7.484914
7.488162
7.491408
7.494650
7.497890
7.501126
7.504359
7.507590
7.510817
7.514041
7.517262
7.520480
7.523695
7.526907
7.530116
7.533322
7.536525
7.539724
7.542921
7.546114
7.549305
7.552492
7.555677
7.558858
7.562036
7.565211
7.568383
7.571552
7.574718
7.577881
7.581041
7.584197
7.587351
7.590502
7.593649
7.596793
7.599934
7.603073
7.606208
7.609340
7.612468
7.615594
7.618717
7.621836
7.624953
7.628066
7.631176
7.634283
7.637387
7.640488
7.643586
7.646681
7.649772
7.652861
7.655946
7.659028
7.662108
7.665184
7.668256
7.671326
7.674393
7.677456
7.680517
7.683574
7.686628
7.689679
7.692727
7.695771
7.698813
7.701851
7.704887
7.707919
7.710948
7.713974
7.716996
7.720016
7.723032
7.726046
7.729056
7.732063
7.735066
7.738067
7.741065
7.744059
7.747050
7.750038
7.753023
7.756005
7.758983
7.761959
7.764931
7.767900
7.770866
7.773829
7.776788
7.779744
7.782698
7.785648
7.788594
7.791538
7.794479
7.797416
7.800350
7.803281
7.806209
7.809133
7.812054
7.814973
7.817888
7.820799
7.823708
7.826613
7.829515
7.832414
7.835310
7.838203
7.841092
7.843978
7.846861
7.849741
7.852618
7.855491
7.858361
7.861228
7.864092
7.866952
7.869810
7.872664
7.875515
7.878362
7.881207
7.884048
7.886886
7.889721
7.892552
7.895380
7.898206
7.901027
7.903846
7.906661
7.909473
7.912282
7.915088
7.917890
7.920690
7.923486
7.926278
7.929068
7.931854
7.934637
7.937417
7.940193
7.942966
7.945736
7.948503
7.951267
7.954027
7.956784
7.959537
7.962288
7.965035
7.967779
7.970520
7.973257
7.975991
7.978722
7.981450
7.984174
7.986895
7.989613
7.992327
7.995038
7.997746
8.000451
8.003153
8.005851
8.008545
8.011237
8.013925
8.016610
8.019292
8.021970
8.024646
8.027317
8.029986
8.032651
8.035313
8.037972
8.040627
8.043279
8.045928
8.048574
8.051216
8.053855
8.056490
8.059123
8.061752
8.064377
8.067000
8.069619
8.072234
8.074847
8.077456
8.080062
8.082664
8.085263
8.087859
8.090452
8.093041
8.095627
8.098210
8.100789
8.103365
8.105937
8.108507
8.111073
8.113635
8.116194
8.118750
8.121303
8.123852
8.126398
8.128941
8.131480
8.134016
8.136549
8.139078
8.141604
8.144126
8.146646
8.149161
8.151674
8.154183
8.156689
8.159191
8.161691
8.164186
8.166679
8.169168
8.171654
8.174136
8.176615
8.179090
8.181563
8.184032
8.186497
8.188959
8.191418
8.193874
8.196326
8.198774
8.201220
8.203662
8.206100
8.208535
8.210967
8.213396
8.215821
8.218242
8.220661
8.223076
8.225487
8.227895
8.230300
8.232702
8.235100
8.237494
8.239886
8.242273
8.244658
8.247039
8.249417
8.251791
8.254162
8.256529
8.258893
8.261254
8.263611
8.265965
8.268316
8.270663
8.273006
8.275347
8.277683
8.280017
8.282347
8.284674
8.286997
8.289317
8.291633
8.293946
8.296256
8.298562
8.300864
8.303164
8.305460
8.307752
8.310041
8.312327
8.314609
8.316888
8.319163
8.321435
8.323703
8.325968
8.328230
8.330488
8.332743
8.334994
8.337242
8.339487
8.341728
8.343965
8.346199
8.348430
8.350657
8.352881
8.355101
8.357318
8.359532
8.361742
8.363948
8.366152
8.368351
8.370548
8.372740
8.374930
8.377115
8.379298
8.381477
8.383652
8.385824
8.387993
8.390158
8.392320
8.394478
8.396633
8.398784
8.400932
8.403076
8.405217
8.407354
8.409488
8.411619
8.413746
8.415869
8.417989
8.420106
8.422219
8.424329
8.426435
8.428537
8.430636
8.432732
8.434824
8.436913
8.438998
8.441080
8.443158
8.445233
8.447304
8.449372
8.451437
8.453497
8.455555
8.457609
8.459659
8.461706
8.463749
8.465789
8.467825
8.469858
8.471888
8.473914
8.475936
8.477955
8.479970
8.481982
8.483990
8.485995
8.487996
8.489994
8.491989
8.493979
8.495967
8.497950
8.499931
8.501907
8.503881
8.505850
8.507817
8.509779
8.511739
8.513694
8.515646
8.517595
8.519540
8.521482
8.523420
8.525354
8.527285
8.529213
8.531136
8.533057
8.534974
8.536887
8.538797
8.540703
8.542606
8.544505
8.546401
8.548293
8.550182
8.552067
8.553948
8.555826
8.557701
8.559571
8.561439
8.563303
8.565163
8.567020
8.568873
8.570722
8.572568
8.574411
8.576250
8.578085
8.579917
8.581746
8.583570
8.585392
8.587209
8.589023
8.590834
8.592641
8.594444
8.596244
8.598040
8.599833
8.601622
8.603408
8.605190
8.606969
8.608744
8.610515
8.612283
8.614047
8.615808
8.617565
8.619318
8.621068
8.622815
8.624557
8.626297
8.628032
8.629764
8.631493
8.633218
8.634939
8.636657
8.638371
8.640082
8.641789
8.643492
8.645192
8.646888
8.648581
8.650270
8.651955
8.653637
8.655316
8.656991
8.658662
8.660329
8.661993
8.663654
8.665310
8.666964
8.668613
8.670259
8.671902
8.673540
8.675176
8.676807
8.678435
8.680060
8.681681
8.683298
8.684911
8.686521
8.688128
8.689731
8.691330
8.692925
8.694517
8.696106
8.697690
8.699272
8.700849
8.702423
8.703993
8.705560
8.707123
8.708683
8.710239
8.711791
8.713339
8.714884
8.716426
8.717964
8.719498
8.721028
8.722555
8.724079
8.725598
8.727114
8.728627
8.730136
8.731641
8.733142
8.734640
8.736134
8.737625
8.739112
8.740596
8.742075
8.743552
8.745024
8.746493
8.747958
8.749420
8.750878
8.752332
8.753783
8.755230
8.756673
8.758113
8.759549
8.760982
8.762411
8.763836
8.765257
8.766675
8.768090
8.769500
8.770907
8.772311
8.773711
8.775107
8.776499
8.777888
8.779273
8.780654
8.782032
8.783406
8.784777
8.786144
8.787507
8.788867
8.790223
8.791575
8.792923
8.794268
8.795610
8.796947
8.798281
8.799612
8.800938
8.802261
8.803581
8.804896
8.806208
8.807517
8.808821
8.810122
8.811420
8.812714
8.814004
8.815290
8.816573
8.817852
8.819127
8.820399
8.821667
8.822931
8.824192
8.825449
8.826702
8.827952
8.829198
8.830440
8.831679
8.832914
8.834145
8.835373
8.836597
8.837817
8.839033
8.840246
8.841456
8.842661
8.843863
8.845061
8.846256
8.847446
8.848634
8.849817
8.850997
8.852173
8.853345
8.854514
8.855679
8.856840
8.857998
8.859152
8.860302
8.861449
8.862592
8.863731
8.864866
8.865998
8.867126
8.868251
8.869372
8.870489
8.871602
8.872712
8.873818
8.874920
8.876018
8.877113
8.878204
8.879292
8.880376
8.881456
8.882532
8.883605
8.884674
8.885739
8.886801
8.887859
8.888913
8.889963
8.891010
8.892053
8.893092
8.894128
8.895160
8.896188
8.897213
8.898234
8.899251
8.900264
8.901274
8.902280
8.903282
8.904281
8.905275
8.906267
8.907254
8.908238
8.909218
8.910194
8.911167
8.912135
8.913101
8.914062
8.915020
8.915974
8.916924
8.917871
8.918813
8.919753
8.920688
8.921620
8.922548
8.923472
8.924392
8.925309
8.926222
8.927132
8.928037
8.928939
8.929837
8.930732
8.931623
8.932510
8.933393
8.934272
8.935148
8.936020
8.936889
8.937753
8.938614
8.939472
8.940325
8.941175
8.942021
8.942863
8.943702
8.944536
8.945367
8.946195
8.947018
8.947838
8.948655
8.949467
8.950276
8.951081
8.951882
8.952679
8.953473
8.954263
8.955049
8.955832
8.956611
8.957386
8.958157
8.958925
8.959689
8.960449
8.961205
8.961958
8.962707
8.963452
8.964193
8.964931
8.965665
8.966395
8.967121
8.967844
8.968563
8.969278
8.969990
8.970697
8.971401
8.972102
8.972798
8.973491
8.974180
8.974865
8.975547
8.976224
8.976898
8.977569
8.978235
8.978898
8.979557
8.980212
8.980864
8.981512
8.982156
8.982796
8.983432
8.984065
8.984694
8.985319
8.985941
8.986559
8.987173
8.987783
8.988389
8.988992
8.989591
8.990186
8.990778
8.991366
8.991950
8.992530
8.993106
8.993679
8.994248
8.994813
8.995375
8.995932
8.996486
8.997036
8.997583
8.998125
8.998664
8.999199
8.999731
9.000258
9.000782
9.001302
9.001819
9.002331
9.002840
9.003345
9.003846
9.004344
9.004838
9.005328
9.005814
9.006296
9.006775
9.007250
9.007721
9.008189
9.008652
9.009112
9.009568
9.010021
9.010469
9.010914
9.011355
9.011792
9.012226
9.012656
9.013082
9.013504
9.013922
9.014337
9.014748
9.015155
9.015559
9.015958
9.016354
9.016746
9.017135
9.017519
9.017900
9.018277
9.018650
9.019020
9.019385
9.019747
9.020106
9.020460
9.020811
9.021157
9.021501
9.021840
9.022175
9.022507
9.022835
9.023159
9.023480
9.023797
9.024109
9.024419
9.024724
9.025026
9.025323
9.025617
9.025908
9.026194
9.026477
9.026756
9.027031
9.027303
9.027570
9.027834
9.028094
9.028350
9.028603
9.028852
9.029097
9.029338
9.029575
9.029809
9.030039
9.030265
9.030487
9.030706
9.030921
9.031132
9.031339
9.031542
9.031742
9.031938
9.032130
9.032318
9.032503
9.032684
9.032861
9.033034
9.033204
9.033369
9.033531
9.033689
9.033844
9.033994
9.034141
9.034284
9.034423
9.034559
9.034690
9.034818
9.034942
9.035063
9.035179
9.035292
9.035401
9.035506
9.035608
9.035706
9.035799
9.035890
9.035976
9.036058
9.036137
9.036212
9.036283
9.036351
9.036414
9.036474
9.036530
9.036583
9.036631
9.036676
9.036717
9.036754
9.036788
9.036817
9.036843
9.036865
9.036884
9.036898
9.036909
9.036916
9.036919
9.036918
9.036914
9.036906
9.036894
9.036878
9.036859
9.036835
9.036808
9.036777
9.036743
9.036704
9.036662
9.036616
9.036567
9.036513
9.036456
9.036395
9.036330
9.036261
9.036189
9.036112
9.036033
9.035949
9.035861
9.035770
9.035675
9.035576
9.035473
9.035367
9.035257
9.035143
9.035025
9.034903
9.034778
9.034649
9.034516
9.034379
9.034239
9.034094
9.033946
9.033795
9.033639
9.033480
9.033316
9.033150
9.032979
9.032804
9.032626
9.032444
9.032258
9.032069
9.031875
9.031678
9.031477
9.031272
9.031064
9.030852
9.030636
9.030416
9.030192
9.029965
9.029734
9.029499
9.029260
9.029018
9.028771
9.028521
9.028267
9.028010
9.027748
9.027483
9.027214
9.026942
9.026665
9.026385
9.026101
9.025813
9.025521
9.025226
9.024927
9.024624
9.024317
9.024007
9.023693
9.023375
9.023053
9.022727
9.022398
9.022065
9.021728
9.021387
9.021043
9.020695
9.020343
9.019987
9.019627
9.019264
9.018897
9.018526
9.018151
9.017773
9.017391
9.017005
9.016615
9.016222
9.015824
9.015423
9.015018
9.014610
9.014198
9.013781
9.013361
9.012938
9.012510
9.012079
9.011644
9.011205
9.010763
9.010317
9.009867
9.009413
9.008955
9.008494
9.008029
9.007560
9.007087
9.006611
9.006130
9.005646
9.005159
9.004667
9.004172
9.003673
9.003170
9.002663
9.002153
9.001639
9.001121
9.000600
9.000074
8.999545
8.999012
8.998475
8.997935
8.997391
8.996843
8.996291
8.995735
8.995176
8.994613
8.994046
8.993476
8.992901
8.992323
8.991741
8.991156
8.990566
8.989973
8.989376
8.988776
8.988171
8.987563
8.986951
8.986335
8.985716
8.985093
8.984466
8.983835
8.983201
8.982562
8.981920
8.981275
8.980625
8.979972
8.979315
8.978654
8.977990
8.977321
8.976649
8.975973
8.975294
8.974611
8.973923
8.973233
8.972538
8.971840
8.971138
8.970432
8.969722
8.969009
8.968292
8.967571
8.966847
8.966118
8.965386
8.964650
8.963911
8.963167
8.962420
8.961670
8.960915
8.960157
8.959395
8.958629
8.957859
8.957086
8.956309
8.955528
8.954744
8.953955
8.953163
8.952368
8.951568
8.950765
8.949958
8.949147
8.948333
8.947514
8.946692
8.945867
8.945037
8.944204
8.943367
8.942527
8.941682
8.940834
8.939982
8.939127
8.938267
8.937404
8.936537
8.935667
8.934793
8.933914
8.933033
8.932147
8.931258
8.930365
8.929468
8.928568
8.927664
8.926756
8.925844
8.924929
8.924010
8.923087
8.922161
8.921230
8.920296
8.919359
8.918417
8.917472
8.916523
8.915570
8.914614
8.913654
8.912690
8.911723
8.910751
8.909776
8.908798
8.907815
8.906829
8.905839
8.904846
8.903848
8.902847
8.901843
8.900834
8.899822
8.898806
8.897786
8.896763
8.895736
8.894705
8.893671
8.892632
8.891591
8.890545
8.889496
8.888442
8.887386
8.886325
8.885261
8.884193
8.883121
8.882046
8.880967
8.879884
8.878798
8.877708
8.876614
8.875516
8.874415
8.873310
8.872201
8.871089
8.869973
8.868853
8.867729
8.866602
8.865471
8.864336
8.863198
8.862056
8.860910
8.859761
8.858608
8.857451
8.856290
8.855126
8.853958
8.852786
8.851611
8.850432
8.849249
8.848063
8.846873
8.845679
8.844481
8.843280
8.842075
8.840867
8.839654
8.838438
8.837219
8.835995
8.834768
8.833538
8.832303
8.831065
8.829823
8.828578
8.827329
8.826076
8.824819
8.823559
8.822295
8.821028
8.819756
8.818482
8.817203
8.815921
8.814635
8.813345
8.812052
8.810755
8.809454
8.808150
8.806842
8.805530
8.804214
8.802895
8.801573
8.800246
8.798916
8.797582
8.796245
8.794904
8.793559
8.792211
8.790859
8.789503
8.788143
8.786780
8.785414
8.784043
8.782669
8.781291
8.779910
8.778525
8.777136
8.775744
8.774348
8.772948
8.771545
8.770137
8.768727
8.767312
8.765894
8.764473
8.763047
8.761618
8.760186
8.758750
8.757310
8.755866
8.754419
8.752968
8.751513
8.750055
8.748593
8.747128
8.745659
8.744186
8.742709
8.741229
8.739746
8.738258
8.736767
8.735273
8.733774
8.732272
8.730767
8.729258
8.727745
8.726228
8.724708
8.723185
8.721657
8.720126
8.718591
8.717053
8.715511
8.713966
8.712417
8.710864
8.709307
8.707747
8.706183
8.704616
8.703045
8.701471
8.699892
8.698311
8.696725
8.695136
8.693543
8.691947
8.690347
8.688743
8.687136
8.685525
8.683911
8.682293
8.680671
8.679046
8.677417
8.675785
8.674149
8.672509
8.670866
8.669219
8.667568
8.665914
8.664256
8.662595
8.660930
8.659261
8.657589
8.655913
8.654234
8.652551
8.650864
8.649174
8.647480
8.645783
8.644082
8.642377
8.640669
8.638957
8.637241
8.635522
8.633800
8.632074
8.630344
8.628611
8.626874
8.625133
8.623389
8.621641
8.619890
8.618135
8.616376
8.614614
8.612849
8.611079
8.609307
8.607530
8.605750
8.603967
8.602179
8.600389
8.598594
8.596797
8.594995
8.593190
8.591381
8.589569
8.587753
8.585934
8.584111
8.582285
8.580455
8.578621
8.576784
8.574943
8.573099
8.571251
8.569400
8.567545
8.565686
8.563824
8.561958
8.560089
8.558216
8.556340
8.554460
8.552576
8.550689
8.548799
8.546905
8.545007
8.543106
8.541201
8.539293
8.537381
8.535465
8.533546
8.531624
8.529698
8.527768
8.525835
8.523898
8.521958
8.520014
8.518067
8.516116
8.514161
8.512204
8.510242
8.508277
8.506308
8.504336
8.502361
8.500382
8.498399
8.496413
8.494423
8.492430
8.490433
8.488433
8.486429
8.484421
8.482411
8.480396
8.478378
8.476357
8.474332
8.472303
8.470271
8.468236
8.466197
8.464154
8.462108
8.460058
8.458005
8.455949
8.453889
8.451825
8.449758
8.447687
8.445613
8.443536
8.441454
8.439370
8.437282
8.435190
8.433095
8.430996
8.428894
8.426788
8.424679
8.422567
8.420450
8.418331
8.416208
8.414081
8.411951
8.409817
8.407680
8.405540
8.403396
8.401248
8.399097
8.396943
8.394785
8.392623
8.390458
8.388290
8.386118
8.383943
8.381764
8.379581
8.377396
8.375206
8.373014
8.370817
8.368618
8.366414
8.364208
8.361998
8.359784
8.357567
8.355347
8.353123
8.350895
8.348665
8.346430
8.344192
8.341951
8.339706
8.337458
8.335207
8.332952
8.330693
8.328431
8.326166
8.323897
8.321625
8.319349
8.317070
8.314787
8.312501
8.310211
8.307919
8.305622
8.303322
8.301019
8.298712
8.296402
8.294089
8.291772
8.289451
8.287127
8.284800
8.282469
8.280135
8.277797
8.275456
8.273112
8.270764
8.268413
8.266058
8.263700
8.261338
8.258973
8.256605
8.254233
8.251858
8.249479
8.247097
8.244712
8.242323
8.239931
8.237535
8.235136
8.232733
8.230327
8.227918
8.225505
8.223089
8.220670
8.218247
8.215821
8.213391
8.210958
8.208521
8.206081
8.203638
8.201191
8.198741
8.196288
8.193831
8.191371
8.188907
8.186440
8.183970
8.181496
8.179019
8.176538
8.174054
8.171567
8.169077
8.166583
8.164085
8.161584
8.159080
8.156573
8.154062
8.151548
8.149030
8.146509
8.143985
8.141457
8.138926
8.136391
8.133854
8.131313
8.128768
8.126220
8.123669
8.121114
8.118556
8.115995
8.113431
8.110863
8.108291
8.105717
8.103139
8.100557
8.097973
8.095384
8.092793
8.090198
8.087600
8.084999
8.082394
8.079786
8.077175
8.074560
8.071942
8.069321
8.066696
8.064068
8.061436
8.058802
8.056164
8.053522
8.050878
8.048230
8.045578
8.042924
8.040266
8.037605
8.034940
8.032272
8.029601
8.026927
8.024249
8.021568
8.018883
8.016196
8.013505
8.010810
8.008113
8.005412
8.002708
8.000000
7.997289
7.994575
7.991858
7.989137
7.986413
7.983686
7.980955
7.978221
7.975484
7.972744
7.970000
7.967253
7.964503
7.961749
7.958993
7.956232
7.953469
7.950702
7.947933
7.945159
7.942383
7.939603
7.936820
7.934034
7.931244
7.928452
7.925656
7.922856
7.920054
7.917248
7.914439
7.911626
7.908811
7.905992
7.903170
7.900345
7.897516
7.894684
7.891849
7.889011
7.886169
7.883324
7.880476
7.877625
7.874770
7.871913
7.869052
7.866187
7.863320
7.860449
7.857575
7.854698
7.851818
7.848934
7.846047
7.843157
7.840264
7.837367
7.834467
7.831565
7.828658
7.825749
7.822836
7.819921
7.817001
7.814079
7.811154
7.808225
7.805293
7.802358
7.799420
7.796478
7.793534
7.790586
7.787635
7.784681
7.781723
7.778762
7.775799
7.772831
7.769861
7.766888
7.763911
7.760931
7.757948
7.754962
7.751973
7.748980
7.745985
7.742986
7.739984
7.736979
7.733970
7.730959
7.727944
7.724926
7.721905
7.718881
7.715853
7.712823
7.709789
7.706752
7.703712
7.700669
7.697622
7.694573
7.691520
7.688464
7.685405
7.682343
7.679278
7.676209
7.673138
7.670063
7.666985
7.663904
7.660820
7.657733
7.654642
7.651549
7.648452
7.645352
7.642249
7.639143
7.636034
7.632922
7.629806
7.626688
7.623566
7.620441
7.617313
7.614182
7.611048
7.607911
7.604770
7.601627
7.598480
7.595330
7.592178
7.589022
7.585863
7.582700
7.579535
7.576367
7.573195
7.570021
7.566843
7.563662
7.560479
7.557292
7.554102
7.550908
7.547712
7.544513
7.541311
7.538105
7.534897
7.531685
7.528470
7.525253
7.522032
7.518808
7.515581
7.512351
7.509118
7.505881
7.502642
7.499400
7.496155
7.492906
7.489655
7.486400
7.483142
7.479882
7.476618
7.473351
7.470081
7.466808
7.463532
7.460254
7.456971
7.453686
7.450398
7.447107
7.443813
7.440516
7.437215
7.433912
7.430606
7.427296
7.423984
7.420669
7.417350
7.414029
7.410704
7.407377
7.404046
7.400712
7.397376
7.394036
7.390694
7.387348
7.383999
7.380648
7.377293
7.373935
7.370575
7.367211
7.363844
7.360475
7.357102
7.353726
7.350348
7.346966
7.343581
7.340194
7.336803
7.333409
7.330013
7.326613
7.323211
7.319805
7.316396
7.312985
7.309570
7.306153
7.302732
7.299309
7.295883
7.292453
7.289021
7.285586
7.282147
7.278706
7.275262
7.271815
7.268365
7.264912
7.261456
7.257997
7.254535
7.251070
7.247602
7.244131
7.240657
7.237181
7.233701
7.230219
7.226733
7.223245
7.219753
7.216259
7.212762
7.209261
7.205758
7.202252
7.198743
7.195231
7.191717
7.188199
7.184678
7.181155
7.177628
7.174099
7.170567
7.167031
7.163493
7.159952
7.156408
7.152861
7.149312
7.145759
7.142203
7.138645
7.135083
7.131519
7.127952
7.124382
7.120809
7.117233
7.113654
7.110073
7.106488
7.102901
7.099311
7.095718
7.092122
7.088523
7.084921
7.081316
7.077709
7.074098
7.070485
7.066869
7.063250
7.059628
7.056003
7.052376
7.048745
7.045112
7.041476
7.037837
7.034195
7.030551
7.026903
7.023253
7.019599
7.015943
7.012284
7.008623
7.004958
7.001291
6.997620
6.993947
6.990271
6.986592
6.982911
6.979226
6.975539
6.971849
6.968156
6.964461
6.960762
6.957061
6.953356
6.949649
6.945940
6.942227
6.938512
6.934793
6.931072
6.927349
6.923622
6.919893
6.916160
6.912425
6.908688
6.904947
6.901203
6.897457
6.893708
6.889957
6.886202
6.882445
6.878685
6.874922
6.871156
6.867388
6.863616
6.859842
6.856066
6.852286
6.848504
6.844719
6.840931
6.837140
6.833347
6.829551
6.825752
6.821950
6.818146
6.814339
6.810529
6.806716
6.802901
6.799083
6.795262
6.791438
6.787612
6.783783
6.779951
6.776116
6.772279
6.768439
6.764596
6.760751
6.756903
6.753052
6.749198
6.745342
6.741482
6.737621
6.733756
6.729889
6.726019
6.722146
6.718271
6.714393
6.710512
6.706628
6.702742
6.698853
6.694962
6.691067
6.687170
6.683271
6.679368
6.675463
6.671556
6.667645
6.663732
6.659816
6.655898
6.651976
6.648053
6.644126
6.640197
6.636265
6.632331
6.628393
6.624453
6.620511
6.616566
6.612618
6.608667
6.604714
6.600758
6.596800
6.592839
6.588875
6.584908
6.580939
6.576968
6.572993
6.569016
6.565037
6.561054
6.557069
6.553082
6.549092
6.545099
6.541103
6.537105
6.533104
6.529101
6.525095
6.521086
6.517075
6.513061
6.509045
6.505026
6.501004
6.496980
6.492953
6.488924
6.484892
6.480857
6.476820
6.472780
6.468737
6.464692
6.460644
6.456594
6.452541
6.448486
6.444428
6.440367
6.436304
6.432238
6.428170
6.424099
6.420025
6.415949
6.411871
6.407789
6.403706
6.399619
6.395530
6.391439
6.387345
6.383248
6.379149
6.375047
6.370943
6.366836
6.362727
6.358615
6.354501
6.350384
6.346264
6.342142
6.338017
6.333890
6.329760
6.325628
6.321493
6.317356
6.313216
6.309074
6.304929
6.300782
6.296632
6.292479
6.288324
6.284167
6.280007
6.275844
6.271679
6.267512
6.263342
6.259169
6.254994
6.250817
6.246637
6.242454
6.238269
6.234082
6.229892
6.225699
6.221504
6.217307
6.213107
6.208904
6.204700
6.200492
6.196282
6.192070
6.187855
6.183638
6.179418
6.175196
6.170971
6.166744
6.162515
6.158283
6.154048
6.149811
6.145572
6.141330
6.137085
6.132839
6.128590
6.124338
6.120084
6.115827
6.111568
6.107307
6.103043
6.098777
6.094508
6.090237
6.085963
6.081687
6.077409
6.073128
6.068845
6.064559
6.060271
6.055981
6.051688
6.047392
6.043095
6.038794
6.034492
6.030187
6.025880
6.021570
6.017258
6.012943
6.008626
6.004307
5.999985
5.995661
5.991335
5.987006
5.982675
5.978341
5.974005
5.969667
5.965326
5.960983
5.956637
5.952289
5.947939
5.943587
5.939232
5.934874
5.930515
5.926153
5.921788
5.917421
5.913052
5.908681
5.904307
5.899931
5.895553
5.891172
5.886789
5.882403
5.878015
5.873625
5.869233
5.864838
5.860441
5.856041
5.851639
5.847235
5.842829
5.838420
5.834009
5.829596
5.825180
5.820762
5.816342
5.811919
5.807494
5.803067
5.798637
5.794206
5.789771
5.785335
5.780896
5.776455
5.772012
5.767566
5.763118
5.758668
5.754216
5.749761
5.745304
5.740845
5.736383
5.731920
5.727454
5.722985
5.718515
5.714042
5.709567
5.705089
5.700610
5.696128
5.691643
5.687157
5.682668
5.678177
5.673684
5.669189
5.664691
5.660191
5.655689
5.651185
5.646678
5.642169
5.637658
5.633145
5.628630
5.624112
5.619592
5.615070
5.610545
5.606019
5.601490
5.596959
5.592426
5.587890
5.583352
5.578813
5.574271
5.569726
5.565180
5.560631
5.556080
5.551527
5.546972
5.542415
5.537855
5.533293
5.528729
5.524163
5.519595
5.515024
5.510451
5.505876
5.501299
5.496720
5.492139
5.487555
5.482970
5.478382
5.473792
5.469199
5.464605
5.460009
5.455410
5.450809
5.446206
5.441601
5.436994
5.432384
5.427773
5.423159
5.418543
5.413926
5.409306
5.404683
5.400059
5.395433
5.390804
5.386173
5.381541
5.376906
5.372269
5.367629
5.362988
5.358345
5.353699
5.349052
5.344402
5.339750
5.335096
5.330440
5.325782
5.321122
5.316460
5.311796
5.307129
5.302461
5.297790
5.293117
5.288443
5.283766
5.279087
5.274406
5.269723
5.265038
5.260350
5.255661
5.250970
5.246276
5.241581
5.236884
5.232184
5.227482
5.222779
5.218073
5.213365
5.208655
5.203944
5.199230
5.194514
5.189796
5.185076
5.180354
5.175630
5.170904
5.166176
5.161445
5.156713
5.151979
5.147243
5.142505
5.137764
5.133022
5.128278
5.123532
5.118783
5.114033
5.109281
5.104527
5.099770
5.095012
5.090252
5.085490
5.080725
5.075959
5.071191
5.066421
5.061648
5.056874
5.052098
5.047320
5.042540
5.037758
5.032974
5.028188
5.023400
5.018610
5.013818
5.009024
5.004228
4.999431
4.994631
4.989829
4.985026
4.980220
4.975413
4.970603
4.965792
4.960978
4.956163
4.951346
4.946527
4.941706
4.936883
4.932058
4.927231
4.922402
4.917572
4.912739
4.907904
4.903068
4.898230
4.893389
4.888547
4.883703
4.878857
4.874009
4.869159
4.864308
4.859454
4.854599
4.849741
4.844882
4.840021
4.835158
4.830293
4.825426
4.820558
4.815687
4.810815
4.805940
4.801064
4.796186
4.791306
4.786425
4.781541
4.776655
4.771768
4.766879
4.761988
4.757095
4.752200
4.747304
4.742405
4.737505
4.732603
4.727699
4.722793
4.717885
4.712976
4.708065
4.703151
4.698236
4.693320
4.688401
4.683481
4.678558
4.673634
4.668708
4.663781
4.658851
4.653920
4.648987
4.644052
4.639115
4.634177
4.629236
4.624294
4.619350
4.614404
4.609457
4.604508
4.599557
4.594604
4.589649
4.584693
4.579734
4.574774
4.569813
4.564849
4.559884
4.554917
4.549948
4.544977
4.540005
4.535031
4.530055
4.525078
4.520098
4.515117
4.510134
4.505150
4.500163
4.495175
4.490185
4.485194
4.480200
4.475205
4.470209
4.465210
4.460210
4.455208
4.450204
4.445199
4.440192
4.435183
4.430172
4.425160
4.420146
4.415130
4.410113
4.405094
4.400073
4.395051
4.390026
4.385001
4.379973
4.374944
4.369913
4.364880
4.359846
4.354810
4.349772
4.344733
4.339692
4.334649
4.329604
4.324558
4.319511
4.314461
4.309410
4.304357
4.299303
4.294247
4.289189
4.284130
4.279069
4.274006
4.268942
4.263876
4.258808
4.253739
4.248668
4.243596
4.238522
4.233446
4.228368
4.223289
4.218209
4.213126
4.208043
4.202957
4.197870
4.192781
4.187691
4.182599
4.177505
4.172410
4.167313
4.162215
4.157115
4.152013
4.146910
4.141805
4.136699
4.131591
4.126481
4.121370
4.116257
4.111143
4.106027
4.100910
4.095790
4.090670
4.085548
4.080424
4.075299
4.070172
4.065043
4.059913
4.054782
4.049648
4.044514
4.039377
4.034240
4.029100
4.023959
4.018817
4.013673
4.008528
4.003380
3.998232
3.993082
3.987930
3.982777
3.977622
3.972466
3.967308
3.962149
3.956988
3.951826
3.946662
3.941497
3.936330
3.931162
3.925992
3.920820
3.915648
3.910473
3.905297
3.900120
3.894941
3.889761
3.884579
3.879396
3.874211
3.869025
3.863837
3.858648
3.853457
3.848265
3.843071
3.837876
3.832679
3.827481
3.822282
3.817081
3.811879
3.806675
3.801469
3.796263
3.791054
3.785845
3.780634
3.775421
3.770207
3.764991
3.759775
3.754556
3.749336
3.744115
3.738893
3.733669
3.728443
3.723216
3.717988
3.712758
3.707527
3.702295
3.697061
3.691825
3.686588
3.681350
3.676111
3.670870
3.665627
3.660384
3.655138
3.649892
3.644644
3.639394
3.634144
3.628892
3.623638
3.618383
3.613127
3.607869
3.602610
3.597350
3.592088
3.586825
3.581561
3.576295
3.571028
3.565759
3.560489
3.555218
3.549945
3.544671
3.539396
3.534119
3.528841
3.523562
3.518281
3.512999
3.507716
3.502431
3.497145
3.491858
3.486569
3.481279
3.475988
3.470695
3.465402
3.460106
3.454810
3.449512
3.444213
3.438912
3.433610
3.428307
3.423003
3.417697
3.412390
3.407082
3.401772
3.396461
3.391149
3.385836
3.380521
3.375205
3.369888
3.364569
3.359250
3.353928
3.348606
3.343282
3.337958
3.332631
3.327304
3.321975
3.316645
3.311314
3.305982
3.300648
3.295313
3.289977
3.284639
3.279301
3.273961
3.268620
3.263277
3.257934
3.252589
3.247243
3.241895
3.236547
3.231197
3.225846
3.220494
3.215141
3.209786
3.204430
3.199073
3.193715
3.188355
3.182995
3.177633
3.172270
3.166906
3.161540
3.156174
3.150806
3.145437
3.140066
3.134695
3.129323
3.123949
3.118574
3.113198
3.107820
3.102442
3.097062
3.091682
3.086300
3.080917
3.075532
3.070147
3.064760
3.059373
3.053984
3.048594
3.043203
3.037810
3.032417
3.027022
3.021626
3.016230
3.010832
3.005432
3.000032
2.994631
2.989228
2.983825
2.978420
2.973014
2.967607
2.962199
2.956790
2.951379
2.945968
2.940555
2.935142
2.929727
2.924311
2.918894
2.913476
2.908057
2.902637
2.897215
2.891793
2.886369
2.880945
2.875519
2.870093
2.864665
2.859236
2.853806
2.848375
2.842943
2.837510
2.832075
2.826640
2.821204
2.815766
2.810328
2.804888
2.799448
2.794006
2.788564
2.783120
2.777675
2.772230
2.766783
2.761335
2.755886
2.750436
2.744985
2.739533
2.734080
2.728626
2.723171
2.717715
2.712258
2.706800
2.701341
2.695881
2.690420
2.684958
2.679495
2.674031
2.668566
2.663100
2.657632
2.652164
2.646695
2.641225
2.635754
2.630282
2.624809
2.619335
2.613860
2.608384
2.602908
2.597430
2.591951
2.586471
2.580990
2.575509
2.570026
2.564542
2.559058
2.553572
2.548086
2.542598
2.537110
2.531620
2.526130
2.520639
2.515147
2.509654
2.504160
2.498665
2.493169
2.487672
2.482174
2.476676
2.471176
2.465676
2.460174
2.454672
2.449169
2.443665
2.438159
2.432654
2.427147
2.421639
2.416130
2.410621
2.405110
2.399599
2.394087
2.388574
2.383060
2.377545
2.372029
2.366512
2.360995
2.355476
2.349957
2.344437
2.338916
2.333394
2.327871
2.322348
2.316823
2.311298
2.305772
2.300245
2.294717
2.289188
2.283659
2.278128
2.272597
2.267065
2.261532
2.255998
2.250464
2.244928
2.239392
2.233855
2.228317
2.222778
2.217239
2.211698
2.206157
2.200615
2.195072
2.189529
2.183984
2.178439
2.172893
2.167346
2.161798
2.156250
2.150701
2.145151
2.139600
2.134048
2.128496
2.122942
2.117389
2.111834
2.106278
2.100722
2.095165
2.089607
2.084048
2.078489
2.072929
2.067368
2.061806
2.056244
2.050681
2.045117
2.039552
2.033987
2.028420
2.022853
2.017286
2.011717
2.006148
2.000578
1.995008
1.989436
1.983864
1.978291
1.972718
1.967144
1.961569
1.955993
1.950416
1.944839
1.939261
1.933683
1.928104
1.922524
1.916943
1.911362
1.905779
1.900197
1.894613
1.889029
1.883444
1.877859
1.872272
1.866685
1.861098
1.855509
1.849920
1.844331
1.838740
1.833149
1.827558
1.821965
1.816372
1.810779
1.805184
1.799589
1.793994
1.788398
1.782801
1.777203
1.771605
1.766006
1.760406
1.754806
1.749205
1.743604
1.738002
1.732399
1.726796
1.721192
1.715587
1.709982
1.704376
1.698769
1.693162
1.687555
1.681946
1.676337
1.670728
1.665117
1.659507
1.653895
1.648283
1.642671
1.637058
1.631444
1.625829
1.620214
1.614599
1.608983
1.603366
1.597749
1.592131
1.586512
1.580893
1.575274
1.569654
1.564033
1.558412
1.552790
1.547167
1.541544
1.535921
1.530297
1.524672
1.519047
1.513421
1.507794
1.502168
1.496540
1.490912
1.485284
1.479655
1.474025
