0.981740
0.982700
0.983343
0.983668
0.983674
0.983363
0.982733
0.981785
0.980519
0.978937
0.977037
0.974821
0.972289
0.969442
0.966282
0.962808
0.959023
0.954927
0.950522
0.945809
0.940790
0.935466
0.929839
0.923911
0.917684
0.911160
0.904341
0.897229
0.889827
0.882137
0.874162
0.865904
0.857367
0.848552
0.839463
0.830103
0.820474
0.810581
0.800426
0.790013
0.779345
0.768426
0.757259
0.745848
0.734197
0.722310
0.710190
0.697842
0.685270
0.672477
0.659468
0.646248
0.632821
0.619190
0.605361
0.591338
0.577126
0.562729
0.548152
0.533401
0.518478
0.503391
0.488142
0.472738
0.457184
0.441484
0.425644
0.409668
0.393562
0.377331
0.360981
0.344516
0.327942
0.311264
0.294488
0.277618
0.260661
0.243622
0.226506
0.209318
0.192065
0.174751
0.157382
0.139964
0.122502
0.105002
0.087468
0.069908
0.052325
0.034726
0.017116
-0.000499
-0.018114
-0.035723
-0.053322
-0.070903
-0.088463
-0.105995
-0.123495
-0.140956
-0.158374
-0.175742
-0.193057
-0.210311
-0.227501
-0.244621
-0.261666
-0.278630
-0.295508
-0.312296
-0.328988
-0.345579
-0.362064
-0.378439
-0.394698
-0.410836
-0.426849
-0.442732
-0.458480
-0.474088
-0.489552
-0.504868
-0.520030
-0.535034
-0.549876
-0.564552
-0.579057
-0.593387
-0.607537
-0.621505
-0.635284
-0.648873
-0.662265
-0.675459
-0.688449
-0.701233
-0.713806
-0.726165
-0.738306
-0.750226
-0.761922
-0.773389
-0.784626
-0.795628
-0.806392
-0.816916
-0.827196
-0.837230
-0.847015
-0.856547
-0.865825
-0.874846
-0.883606
-0.892105
-0.900338
-0.908305
-0.916003
-0.923429
-0.930582
-0.937460
-0.944061
-0.950382
-0.956423
-0.962181
-0.967656
-0.972844
-0.977746
-0.982360
-0.986685
-0.990718
-0.994461
-0.997910
-1.001066
-1.003927
-1.006494
-1.008764
-1.010738
-1.012416
-1.013796
-1.014878
-1.015662
-1.016149
-1.016337
-1.016227
-1.015819
-1.015114
-1.014110
-1.012810
-1.011213
-1.009319
-1.007129
-1.004645
-1.001866
-0.998794
-0.995429
-0.991772
-0.987825
-0.983589
-0.979064
-0.974253
-0.969156
-0.963775
-0.958112
-0.952168
-0.945945
-0.939445
-0.932669
-0.925620
-0.918300
-0.910710
-0.902853
-0.894732
-0.886347
-0.877703
-0.868801
-0.859643
-0.850233
-0.840574
-0.830667
-0.820516
-0.810124
-0.799493
-0.788627
-0.777529
-0.766202
-0.754649
-0.742873
-0.730879
-0.718668
-0.706246
-0.693615
-0.680779
-0.667742
-0.654508
-0.641080
-0.627462
-0.613658
-0.599672
-0.585509
-0.571172
-0.556665
-0.541993
-0.527160
-0.512170
-0.497027
-0.481737
-0.466303
-0.450730
-0.435022
-0.419185
-0.403223
-0.387140
-0.370941
-0.354631
-0.338214
-0.321697
-0.305083
-0.288377
-0.271585
-0.254711
-0.237760
-0.220738
-0.203649
-0.186499
-0.169293
-0.152035
-0.134732
-0.117388
-0.100008
-0.082598
-0.065163
-0.047708
-0.030239
-0.012761
0.004721
0.022202
0.039676
0.057138
0.074582
0.092003
0.109396
0.126756
0.144077
0.161353
0.178580
0.195752
0.212863
0.229909
0.246884
0.263783
0.280600
0.297331
0.313969
0.330511
0.346950
0.363281
0.379499
0.395600
0.411577
0.427426
0.443142
0.458720
0.474155
0.489441
0.504575
0.519550
0.534363
0.549009
0.563482
0.577778
0.591893
0.605821
0.619559
0.633102
0.646445
0.659585
0.672516
0.685235
0.697737
0.710018
0.722074
0.733902
0.745497
0.756855
0.767973
0.778846
0.789473
0.799848
0.809968
0.819830
0.829430
0.838766
0.847835
0.856632
0.865156
0.873402
0.881370
0.889055
0.896455
0.903567
0.910390
0.916921
0.923158
0.929097
0.934738
0.940079
0.945117
0.949851
0.954279
0.958400
0.962212
0.965714
0.968904
0.971782
0.974346
0.976595
0.978529
0.980147
0.981449
0.982433
0.983099
0.983448
0.983478
0.983191
0.982585
0.981661
0.980420
0.978861
0.976985
0.974793
0.972285
0.969462
0.966326
0.962876
0.959114
0.955042
0.950661
0.945971
0.940975
0.935674
0.930071
0.924166
0.917962
0.911460
0.904664
0.897575
0.890195
0.882527
0.874574
0.866338
0.857822
0.849028
0.839960
0.830620
0.821013
0.811140
0.801005
0.790612
0.779963
0.769064
0.757916
0.746524
0.734891
0.723022
0.710920
0.698589
0.686034
0.673258
0.660266
0.647062
0.633650
0.620035
0.606222
0.592214
0.578016
0.563633
0.549070
0.534331
0.519422
0.504347
0.489111
0.473719
0.458176
0.442487
0.426657
0.410691
0.394595
0.378374
0.362032
0.345575
0.329009
0.312339
0.295570
0.278707
0.261757
0.244723
0.227613
0.210430
0.193181
0.175872
0.158507
0.141092
0.123633
0.106134
0.088603
0.071044
0.053462
0.035864
0.018254
0.000639
-0.016977
-0.034588
-0.052188
-0.069771
-0.087334
-0.104869
-0.122371
-0.139836
-0.157258
-0.174631
-0.191951
-0.209211
-0.226407
-0.243533
-0.260584
-0.277555
-0.294441
-0.311237
-0.327937
-0.344537
-0.361031
-0.377415
-0.393684
-0.409833
-0.425856
-0.441750
-0.457509
-0.473129
-0.488606
-0.503934
-0.519109
-0.534126
-0.548982
-0.563671
-0.578191
-0.592535
-0.606700
-0.620683
-0.634478
-0.648082
-0.661491
-0.674700
-0.687707
-0.700508
-0.713098
-0.725475
-0.737634
-0.749572
-0.761285
-0.772771
-0.784026
-0.795047
-0.805831
-0.816374
-0.826674
-0.836728
-0.846533
-0.856085
-0.865384
-0.874425
-0.883206
-0.891726
-0.899981
-0.907969
-0.915688
-0.923136
-0.930311
-0.937211
-0.943834
-0.950177
-0.956240
-0.962021
-0.967518
-0.972730
-0.977654
-0.982291
-0.986638
-0.990695
-0.994460
-0.997933
-1.001112
-1.003997
-1.006587
-1.008880
-1.010878
-1.012579
-1.013982
-1.015088
-1.015896
-1.016406
-1.016617
-1.016531
-1.016147
-1.015464
-1.014484
-1.013207
-1.011633
-1.009763
-1.007597
-1.005135
-1.002379
-0.999330
-0.995988
-0.992354
-0.988430
-0.984216
-0.979714
-0.974925
-0.969851
-0.964492
-0.958851
-0.952929
-0.946728
-0.940250
-0.933496
-0.926468
-0.919169
-0.911600
-0.903764
-0.895663
-0.887299
-0.878675
-0.869793
-0.860655
-0.851265
-0.841625
-0.831737
-0.821605
-0.811232
-0.800620
-0.789772
-0.778692
-0.767382
-0.755847
-0.744089
-0.732111
-0.719918
-0.707512
-0.694897
-0.682077
-0.669055
-0.655836
-0.642423
-0.628820
-0.615030
-0.601058
-0.586908
-0.572584
-0.558091
-0.543431
-0.528610
-0.513632
-0.498501
-0.483222
-0.467799
-0.452236
-0.436539
-0.420711
-0.404758
-0.388684
-0.372493
-0.356191
-0.339783
-0.323273
-0.306665
-0.289966
-0.273180
-0.256312
-0.239366
-0.222349
-0.205265
-0.188118
-0.170915
-0.153661
-0.136360
-0.119018
-0.101640
-0.084232
-0.066798
-0.049343
-0.031874
-0.014395
0.003088
0.020570
0.038045
0.055509
0.072956
0.090380
0.107777
0.125141
0.142466
0.159747
0.176979
0.194157
0.211274
0.228327
0.245309
0.262215
0.279041
0.295780
0.312427
0.328977
0.345426
0.361767
0.377996
0.394107
0.410096
0.425957
0.441685
0.457275
0.472723
0.488023
0.503170
0.518160
0.532987
0.547648
0.562136
0.576448
0.590579
0.604524
0.618278
0.631838
0.645199
0.658356
0.671305
0.684042
0.696563
0.708863
0.720939
0.732786
0.744401
0.755779
0.766918
0.777812
0.788460
0.798856
0.808998
0.818881
0.828504
0.837863
0.846953
0.855773
0.864320
0.872590
0.880581
0.888289
0.895713
0.902850
0.909697
0.916252
0.922513
0.928477
0.934143
0.939509
0.944572
0.949331
0.953784
0.957930
0.961768
0.965295
0.968511
0.971414
0.974004
0.976279
0.978239
0.979883
0.981211
0.982221
0.982913
0.983288
0.983344
0.983083
0.982503
0.981605
0.980389
0.978856
0.977006
0.974840
0.972358
0.969561
0.966450
0.963025
0.959289
0.955242
0.950886
0.946222
0.941251
0.935975
0.930396
0.924515
0.918336
0.911859
0.905086
0.898021
0.890665
0.883021
0.875091
0.866878
0.858385
0.849614
0.840569
0.831252
0.821666
0.811815
0.801702
0.791330
0.780703
0.769824
0.758697
0.747326
0.735713
0.723864
0.711782
0.699471
0.686934
0.674177
0.661204
0.648018
0.634624
0.621026
0.607230
0.593238
0.579057
0.564691
0.550144
0.535421
0.520526
0.505466
0.490244
0.474866
0.459337
0.443661
0.427845
0.411892
0.395808
0.379598
0.363268
0.346823
0.330267
0.313608
0.296848
0.279995
0.263054
0.246029
0.228927
0.211752
0.194511
0.177209
0.159850
0.142442
0.124989
0.107496
0.089970
0.072415
0.054838
0.037243
0.019637
0.002025
-0.015588
-0.033197
-0.050795
-0.068377
-0.085938
-0.103473
-0.120975
-0.138440
-0.155863
-0.173237
-0.190558
-0.207820
-0.225018
-0.242147
-0.259201
-0.276176
-0.293066
-0.309865
-0.326570
-0.343175
-0.359675
-0.376065
-0.392340
-0.408495
-0.424526
-0.440427
-0.456194
-0.471822
-0.487307
-0.502643
-0.517828
-0.532855
-0.547720
-0.562420
-0.576950
-0.591305
-0.605482
-0.619476
-0.633283
-0.646899
-0.660320
-0.673543
-0.686563
-0.699377
-0.711981
-0.724372
-0.736545
-0.748498
-0.760226
-0.771728
-0.782998
-0.794035
-0.804834
-0.815394
-0.825710
-0.835781
-0.845602
-0.855172
-0.864488
-0.873547
-0.882346
-0.890884
-0.899157
-0.907164
-0.914901
-0.922368
-0.929562
-0.936481
-0.943123
-0.949486
-0.955568
-0.961369
-0.966886
-0.972117
-0.977062
-0.981719
-0.986086
-0.990163
-0.993949
-0.997442
-1.000642
-1.003547
-1.006158
-1.008472
-1.010491
-1.012212
-1.013637
-1.014763
-1.015592
-1.016123
-1.016356
-1.016290
-1.015927
-1.015266
-1.014307
-1.013050
-1.011497
-1.009647
-1.007502
-1.005061
-1.002326
-0.999297
-0.995976
-0.992362
-0.988458
-0.984265
-0.979783
-0.975014
-0.969959
-0.964621
-0.958999
-0.953097
-0.946915
-0.940455
-0.933720
-0.926712
-0.919431
-0.911881
-0.904063
-0.895980
-0.887634
-0.879028
-0.870163
-0.861043
-0.851670
-0.842047
-0.832176
-0.822060
-0.811703
-0.801107
-0.790275
-0.779210
-0.767915
-0.756395
-0.744651
-0.732688
-0.720509
-0.708116
-0.695515
-0.682708
-0.669700
-0.656493
-0.643092
-0.629501
-0.615723
-0.601762
-0.587623
-0.573310
-0.558826
-0.544177
-0.529365
-0.514397
-0.499275
-0.484004
-0.468589
-0.453034
-0.437344
-0.421524
-0.405577
-0.389509
-0.373325
-0.357028
-0.340625
-0.324120
-0.307517
-0.290822
-0.274039
-0.257174
-0.240231
-0.223216
-0.206134
-0.188989
-0.171788
-0.154534
-0.137234
-0.119892
-0.102513
-0.085104
-0.067668
-0.050212
-0.032741
-0.015259
0.002227
0.019712
0.037192
0.054660
0.072111
0.089541
0.106943
0.124313
0.141644
0.158932
0.176172
0.193357
0.210483
0.227544
0.244535
0.261451
0.278286
0.295035
0.311693
0.328255
0.344715
0.361068
0.377309
0.393433
0.409435
0.425310
0.441052
0.456657
0.472119
0.487434
0.502597
0.517603
0.532446
0.547123
0.561629
0.575958
0.590107
0.604070
0.617843
0.631422
0.644802
0.657979
0.670948
0.683706
0.696247
0.708568
0.720665
0.732534
0.744171
0.755572
0.766733
0.777650
0.788320
0.798740
0.808906
0.818814
0.828461
0.837843
0.846959
0.855804
0.864376
0.872671
0.880688
0.888422
0.895872
0.903035
0.909909
0.916491
0.922778
0.928770
0.934463
0.939856
0.944946
0.949733
0.954214
0.958388
0.962254
0.965809
0.969053
0.971985
0.974603
0.976907
0.978895
0.980568
0.981923
0.982962
0.983683
0.984087
0.984172
0.983939
0.983388
0.982519
0.981332
0.979828
0.978006
0.975869
0.973415
0.970647
0.967564
0.964168
0.960460
0.956441
0.952113
0.947477
0.942534
0.937285
0.931734
0.925881
0.919729
0.913279
0.906534
0.899495
0.892166
0.884548
0.876645
0.868458
0.859991
0.851246
0.842226
0.832934
0.823373
0.813547
0.803458
0.793111
0.782508
0.771653
0.760549
0.749200
0.737611
0.725784
0.713724
0.701435
0.688921
0.676185
0.663232
0.650067
0.636694
0.623116
0.609339
0.595368
0.581205
0.566857
0.552329
0.537624
0.522747
0.507704
0.492499
0.477138
0.461624
0.445964
0.430163
0.414225
0.398155
0.381960
0.365644
0.349212
0.332669
0.316022
0.299275
0.282433
0.265503
0.248489
0.231397
0.214233
0.197001
0.179708
0.162358
0.144958
0.127513
0.110027
0.092508
0.074960
0.057389
0.039800
0.022199
0.004592
-0.013017
-0.030622
-0.048216
-0.065795
-0.083354
-0.100886
-0.118387
-0.135851
-0.153273
-0.170646
-0.187967
-0.205230
-0.222428
-0.239558
-0.256614
-0.273591
-0.290483
-0.307286
-0.323994
-0.340603
-0.357107
-0.373501
-0.389781
-0.405942
-0.421978
-0.437885
-0.453659
-0.469294
-0.484786
-0.500130
-0.515322
-0.530358
-0.545232
-0.559941
-0.574480
-0.588845
-0.603032
-0.617037
-0.630854
-0.644482
-0.657915
-0.671149
-0.684182
-0.697008
-0.709625
-0.722028
-0.734215
-0.746181
-0.757923
-0.769439
-0.780724
-0.791775
-0.802589
-0.813164
-0.823496
-0.833582
-0.843419
-0.853005
-0.862337
-0.871413
-0.880229
-0.888783
-0.897073
-0.905097
-0.912852
-0.920336
-0.927548
-0.934484
-0.941144
-0.947525
-0.953626
-0.959445
-0.964980
-0.970230
-0.975194
-0.979869
-0.984256
-0.988352
-0.992156
-0.995669
-0.998887
-1.001812
-1.004441
-1.006775
-1.008813
-1.010554
-1.011997
-1.013143
-1.013991
-1.014541
-1.014793
-1.014747
-1.014403
-1.013761
-1.012821
-1.011583
-1.010049
-1.008219
-1.006092
-1.003670
-1.000953
-0.997943
-0.994640
-0.991045
-0.987159
-0.982984
-0.978520
-0.973769
-0.968732
-0.963411
-0.957807
-0.951922
-0.945757
-0.939315
-0.932597
-0.925604
-0.918340
-0.910806
-0.903005
-0.894938
-0.886607
-0.878016
-0.869167
-0.860062
-0.850704
-0.841095
-0.831238
-0.821137
-0.810793
-0.800211
-0.789392
-0.778340
-0.767059
-0.755551
-0.743820
-0.731868
-0.719701
-0.707320
-0.694730
-0.681934
-0.668936
-0.655740
-0.642349
-0.628767
-0.614998
-0.601047
-0.586917
-0.572612
-0.558136
-0.543495
-0.528691
-0.513729
-0.498614
-0.483350
-0.467941
-0.452392
-0.436707
-0.420892
-0.404950
-0.388886
-0.372706
-0.356413
-0.340013
-0.323511
-0.306911
-0.290218
-0.273437
-0.256573
-0.239632
-0.222618
-0.205536
-0.188391
-0.171189
-0.153935
-0.136633
-0.119290
-0.101909
-0.084498
-0.067060
-0.049601
-0.032126
-0.014641
0.002850
0.020340
0.037824
0.055298
0.072755
0.090191
0.107599
0.124976
0.142314
0.159610
0.176858
0.194051
0.211186
0.228256
0.245257
0.262183
0.279028
0.295788
0.312457
0.329030
0.345502
0.361868
0.378122
0.394259
0.410274
0.426162
0.441918
0.457538
0.473015
0.488345
0.503523
0.518545
0.533405
0.548099
0.562621
0.576968
0.591134
0.605116
0.618907
0.632505
0.645904
0.659100
0.672089
0.684866
0.697428
0.709770
0.721888
0.733778
0.745436
0.756859
0.768042
0.778982
0.789675
0.800117
0.810306
0.820238
0.829908
0.839315
0.848455
0.857325
0.865921
0.874242
0.882283
0.890043
0.897519
0.904708
0.911607
0.918215
0.924529
0.930547
0.936267
0.941687
0.946805
0.951619
0.956127
0.960329
0.964222
0.967805
0.971077
0.974037
0.976683
0.979015
0.981031
0.982732
0.984117
0.985184
0.985933
0.986365
0.986479
0.986275
0.985752
0.984912
0.983753
0.982277
0.980485
0.978375
0.975950
0.973210
0.970156
0.966788
0.963109
0.959118
0.954818
0.950209
0.945294
0.940074
0.934550
0.928724
0.922599
0.916177
0.909458
0.902447
0.895144
0.887553
0.879676
0.871515
0.863073
0.854354
0.845359
0.836093
0.826557
0.816756
0.806692
0.796368
0.785789
0.774958
0.763878
0.752552
0.740986
0.729181
0.717144
0.704876
0.692383
0.679669
0.666738
0.653593
0.640240
0.626682
0.612925
0.598972
0.584829
0.570500
0.555989
0.541302
0.526443
0.511416
0.496228
0.480883
0.465386
0.449741
0.433955
0.418031
0.401976
0.385794
0.369491
0.353072
0.336543
0.319908
0.303172
0.286342
0.269423
0.252419
0.235338
0.218183
0.200960
0.183676
0.166334
0.148942
0.131504
0.114026
0.096513
0.078971
0.061406
0.043823
0.026226
0.008623
-0.008981
-0.026582
-0.044174
-0.061750
-0.079306
-0.096837
-0.114336
-0.131799
-0.149220
-0.166594
-0.183915
-0.201178
-0.218378
-0.235509
-0.252567
-0.269546
-0.286441
-0.303247
-0.319958
-0.336571
-0.353079
-0.369478
-0.385763
-0.401929
-0.417971
-0.433884
-0.449664
-0.465306
-0.480805
-0.496157
-0.511357
-0.526401
-0.541284
-0.556001
-0.570550
-0.584924
-0.599121
-0.613136
-0.626964
-0.640602
-0.654046
-0.667292
-0.680336
-0.693175
-0.705804
-0.718220
-0.730419
-0.742398
-0.754154
-0.765683
-0.776982
-0.788047
-0.798876
-0.809466
-0.819812
-0.829913
-0.839766
-0.849367
-0.858715
-0.867806
-0.876638
-0.885209
-0.893516
-0.901556
-0.909328
-0.916829
-0.924058
-0.931012
-0.937689
-0.944088
-0.950206
-0.956043
-0.961596
-0.966864
-0.971846
-0.976540
-0.980944
-0.985059
-0.988882
-0.992413
-0.995650
-0.998593
-1.001242
-1.003594
-1.005651
-1.007411
-1.008873
-1.010038
-1.010905
-1.011474
-1.011745
-1.011718
-1.011393
-1.010769
-1.009848
-1.008630
-1.007115
-1.005303
-1.003195
-1.000792
-0.998094
-0.995102
-0.991818
-0.988241
-0.984374
-0.980217
-0.975771
-0.971038
-0.966019
-0.960716
-0.955130
-0.949262
-0.943115
-0.936690
-0.929989
-0.923013
-0.915766
-0.908249
-0.900464
-0.892413
-0.884099
-0.875524
-0.866690
-0.857601
-0.848258
-0.838664
-0.828823
-0.818736
-0.808407
-0.797838
-0.787034
-0.775996
-0.764728
-0.753233
-0.741515
-0.729576
-0.717421
-0.705053
-0.692474
-0.679690
-0.666703
-0.653518
-0.640138
-0.626566
-0.612808
-0.598866
-0.584746
-0.570450
-0.555983
-0.541350
-0.526555
-0.511601
-0.496493
-0.481236
-0.465834
-0.450292
-0.434613
-0.418804
-0.402867
-0.386809
-0.370633
-0.354345
-0.337949
-0.321450
-0.304853
-0.288163
-0.271384
-0.254523
-0.237583
-0.220570
-0.203489
-0.186345
-0.169143
-0.151889
-0.134587
-0.117242
-0.099860
-0.082447
-0.065006
-0.047545
-0.030067
-0.012578
0.004916
0.022410
0.039899
0.057378
0.074840
0.092282
0.109697
0.127080
0.144426
0.161729
0.178985
0.196187
0.213330
0.230410
0.247420
0.264356
0.281211
0.297982
0.314662
0.331247
0.347731
0.364109
0.380375
0.396525
0.412554
0.428456
0.444227
0.459860
0.475353
0.490698
0.505892
0.520930
0.535807
0.550517
0.565057
0.579421
0.593606
0.607605
0.621415
0.635032
0.648450
0.661666
0.674675
0.687472
0.700055
0.712417
0.724557
0.736468
0.748148
0.759593
0.770799
0.781761
0.792477
0.802943
0.813155
0.823110
0.832805
0.842236
0.851400
0.860295
0.868916
0.877262
0.885329
0.893114
0.900616
0.907831
0.914756
0.921391
0.927731
0.933776
0.939522
0.944969
0.950114
0.954955
0.959491
0.963720
0.967640
0.971251
0.974550
0.977538
0.980212
0.982572
0.984616
0.986345
0.987757
0.988853
0.989630
0.990090
0.990232
0.990055
0.989561
0.988748
0.987618
0.986170
0.984405
0.982324
0.979926
0.977214
0.974187
0.970847
0.967194
0.963231
0.958958
0.954376
0.949488
0.944294
0.938797
0.932998
0.926899
0.920502
0.913810
0.906824
0.899546
0.891980
0.884128
0.875992
0.867575
0.858880
0.849909
0.840667
0.831154
0.821376
0.811335
0.801034
0.790478
0.779668
0.768610
0.757306
0.745761
0.733977
0.721960
0.709713
0.697240
0.684545
0.671633
0.658507
0.645173
0.631633
0.617894
0.603959
0.589833
0.575520
0.561026
0.546354
0.531511
0.516500
0.501327
0.485996
0.470513
0.454882
0.439109
0.423198
0.407156
0.390986
0.374695
0.358287
0.341769
0.325144
0.308419
0.291598
0.274688
0.257694
0.240621
0.223474
0.206259
0.188982
0.171648
0.154262
0.136830
0.119358
0.101850
0.084313
0.066752
0.049173
0.031580
0.013981
-0.003621
-0.021220
-0.038809
-0.056384
-0.073939
-0.091468
-0.108967
-0.126430
-0.143851
-0.161225
-0.178547
-0.195811
-0.213013
-0.230147
-0.247207
-0.264189
-0.281087
-0.297896
-0.314612
-0.331229
-0.347741
-0.364145
-0.380436
-0.396607
-0.412655
-0.428575
-0.444362
-0.460010
-0.475517
-0.490877
-0.506085
-0.521137
-0.536028
-0.550755
-0.565313
-0.579697
-0.593903
-0.607928
-0.621767
-0.635416
-0.648871
-0.662128
-0.675184
-0.688034
-0.700675
-0.713104
-0.725316
-0.737308
-0.749077
-0.760619
-0.771932
-0.783011
-0.793854
-0.804457
-0.814819
-0.824935
-0.834802
-0.844419
-0.853782
-0.862889
-0.871737
-0.880323
-0.888646
-0.896703
-0.904491
-0.912009
-0.919255
-0.926225
-0.932920
-0.939336
-0.945472
-0.951326
-0.956897
-0.962183
-0.967183
-0.971895
-0.976318
-0.980450
-0.984292
-0.987841
-0.991097
-0.994059
-0.996726
-0.999098
-1.001173
-1.002952
-1.004433
-1.005617
-1.006503
-1.007092
-1.007382
-1.007374
-1.007068
-1.006464
-1.005562
-1.004363
-1.002867
-1.001074
-0.998985
-0.996601
-0.993923
-0.990950
-0.987685
-0.984127
-0.980279
-0.976141
-0.971714
-0.966999
-0.961999
-0.956714
-0.951147
-0.945297
-0.939169
-0.932762
-0.926079
-0.919121
-0.911892
-0.904392
-0.896625
-0.888591
-0.880295
-0.871737
-0.862920
-0.853847
-0.844521
-0.834943
-0.825118
-0.815047
-0.804734
-0.794181
-0.783391
-0.772369
-0.761115
-0.749635
-0.737931
-0.726007
-0.713866
-0.701511
-0.688946
-0.676175
-0.663201
-0.650028
-0.636660
-0.623101
-0.609354
-0.595424
-0.581314
-0.567029
-0.552573
-0.537950
-0.523164
-0.508220
-0.493121
-0.477873
-0.462479
-0.446945
-0.431274
-0.415472
-0.399542
-0.383491
-0.367321
-0.351039
-0.334648
-0.318155
-0.301562
-0.284877
-0.268102
-0.251244
-0.234308
-0.217298
-0.200219
-0.183077
-0.165877
-0.148623
-0.131322
-0.113978
-0.096596
-0.079182
-0.061740
-0.044277
-0.026798
-0.009307
0.008190
0.025687
0.043180
0.060662
0.078129
0.095576
0.112996
0.130384
0.147736
0.165046
0.182308
0.199518
0.216669
0.233757
0.250775
0.267720
0.284585
0.301366
0.318056
0.334652
0.351147
0.367536
0.383815
0.399977
0.416019
0.431934
0.447718
0.463366
0.478872
0.494233
0.509442
0.524495
0.539388
0.554115
0.568671
0.583053
0.597254
0.611272
0.625100
0.638735
0.652172
0.665407
0.678435
0.691253
0.703855
0.716239
0.728399
0.740331
0.752033
0.763499
0.774727
0.785712
0.796450
0.806939
0.817174
0.827153
0.836871
0.846326
0.855515
0.864433
0.873079
0.881450
0.889542
0.897353
0.904879
0.912120
0.919071
0.925732
0.932098
0.938169
0.943942
0.949416
0.954587
0.959455
0.964018
0.968274
0.972222
0.975860
0.979187
0.982201
0.984903
0.987290
0.989363
0.991119
0.992559
0.993682
0.994488
0.994975
0.995145
0.994996
0.994530
0.993745
0.992642
0.991222
0.989485
0.987431
0.985061
0.982376
0.979377
0.976064
0.972439
0.968503
0.964256
0.959702
0.954840
0.949673
0.944202
0.938430
0.932357
0.925986
0.919319
0.912359
0.905107
0.897567
0.889739
0.881628
0.873236
0.864565
0.855619
0.846400
0.836911
0.827157
0.817139
0.806861
0.796327
0.785540
0.774503
0.763221
0.751697
0.739935
0.727938
0.715712
0.703259
0.690584
0.677691
0.664584
0.651268
0.637748
0.624026
0.610109
0.596000
0.581704
0.567226
0.552571
0.537743
0.522748
0.507590
0.492273
0.476804
0.461187
0.445427
0.429530
0.413500
0.397342
0.381063
0.364666
0.348158
0.331544
0.314829
0.298018
0.281117
0.264131
0.247066
0.229927
0.212720
0.195449
0.178122
0.160742
0.143315
0.125848
0.108345
0.090813
0.073255
0.055679
0.038090
0.020492
0.002893
-0.014704
-0.032292
-0.049867
-0.067421
-0.084951
-0.102450
-0.119914
-0.137337
-0.154713
-0.172037
-0.189305
-0.206509
-0.223647
-0.240711
-0.257697
-0.274600
-0.291415
-0.308136
-0.324759
-0.341278
-0.357689
-0.373987
-0.390166
-0.406222
-0.422150
-0.437946
-0.453604
-0.469120
-0.484490
-0.499708
-0.514771
-0.529673
-0.544411
-0.558981
-0.573377
-0.587596
-0.601633
-0.615485
-0.629148
-0.642616
-0.655888
-0.668958
-0.681822
-0.694478
-0.706922
-0.719150
-0.731158
-0.742943
-0.754501
-0.765830
-0.776926
-0.787786
-0.798407
-0.808786
-0.818920
-0.828806
-0.838441
-0.847822
-0.856948
-0.865814
-0.874420
-0.882762
-0.890838
-0.898646
-0.906184
-0.913450
-0.920441
-0.927156
-0.933592
-0.939749
-0.945624
-0.951215
-0.956522
-0.961543
-0.966276
-0.970721
-0.974875
-0.978738
-0.982309
-0.985586
-0.988570
-0.991259
-0.993652
-0.995750
-0.997550
-0.999054
-1.000260
-1.001168
-1.001778
-1.002090
-1.002104
-1.001820
-1.001238
-1.000358
-0.999181
-0.997707
-0.995936
-0.993870
-0.991507
-0.988850
-0.985900
-0.982656
-0.979120
-0.975293
-0.971176
-0.966770
-0.962077
-0.957098
-0.951834
-0.946287
-0.940458
-0.934350
-0.927964
-0.921301
-0.914364
-0.907154
-0.899674
-0.891926
-0.883912
-0.875634
-0.867095
-0.858297
-0.849243
-0.839935
-0.830376
-0.820568
-0.810515
-0.800219
-0.789683
-0.778911
-0.767905
-0.756668
-0.745204
-0.733516
-0.721607
-0.709481
-0.697141
-0.684591
-0.671834
-0.658875
-0.645716
-0.632361
-0.618815
-0.605081
-0.591163
-0.577066
-0.562793
-0.548348
-0.533736
-0.518961
-0.504027
-0.488939
-0.473700
-0.458316
-0.442791
-0.427129
-0.411335
-0.395413
-0.379369
-0.363207
-0.346931
-0.330547
-0.314060
-0.297473
-0.280792
-0.264023
-0.247169
-0.230237
-0.213230
-0.196155
-0.179016
-0.161818
-0.144566
-0.127267
-0.109924
-0.092543
-0.075129
-0.057688
-0.040224
-0.022744
-0.005252
0.012247
0.029746
0.047241
0.064727
0.082197
0.099647
0.117072
0.134465
0.151822
0.169137
0.186405
0.203620
0.220778
0.237873
0.254899
0.271852
0.288725
0.305514
0.322214
0.338818
0.355323
0.371723
0.388012
0.404185
0.420238
0.436165
0.451961
0.467621
0.483141
0.498514
0.513737
0.528804
0.543711
0.558452
0.573023
0.587420
0.601637
0.615670
0.629515
0.643166
0.656620
0.669872
0.682918
0.695753
0.708374
0.720775
0.732954
0.744906
0.756626
0.768112
0.779359
0.790364
0.801123
0.811632
0.821888
0.831888
0.841627
0.851104
0.860314
0.869254
0.877922
0.886315
0.894429
0.902263
0.909812
0.917076
0.924050
0.930734
0.937124
0.943218
0.949015
0.954512
0.959708
0.964600
0.969187
0.973467
0.977439
0.981102
0.984453
0.987493
0.990219
0.992631
0.994728
0.996510
0.997974
0.999122
0.999953
1.000465
1.000660
1.000536
1.000095
0.999335
0.998257
0.996862
0.995150
0.993121
0.990775
0.988115
0.985140
0.981852
0.978252
0.974340
0.970118
0.965587
0.960750
0.955607
0.950160
0.944411
0.938362
0.932014
0.925371
0.918434
0.911205
0.903687
0.895883
0.887794
0.879424
0.870775
0.861850
0.852653
0.843186
0.833452
0.823455
0.813198
0.802684
0.791917
0.780901
0.769638
0.758134
0.746391
0.734413
0.722205
0.709770
0.697113
0.684238
0.671148
0.657849
0.644345
0.630640
0.616738
0.602645
0.588365
0.573902
0.559261
0.544448
0.529466
0.514321
0.499018
0.483561
0.467957
0.452209
0.436323
0.420304
0.404157
0.387888
0.371501
0.355003
0.338398
0.321691
0.304889
0.287996
0.271017
0.253959
0.236827
0.219625
0.202361
0.185038
0.167663
0.150241
0.132778
0.115279
0.097749
0.080195
0.062621
0.045033
0.027437
0.009838
-0.007758
-0.025346
-0.042921
-0.060476
-0.078007
-0.095509
-0.112974
-0.130400
-0.147779
-0.165107
-0.182378
-0.199587
-0.216729
-0.233798
-0.250790
-0.267699
-0.284520
-0.301248
-0.317878
-0.334405
-0.350824
-0.367130
-0.383318
-0.399383
-0.415321
-0.431127
-0.446795
-0.462322
-0.477703
-0.492933
-0.508008
-0.522922
-0.537673
-0.552256
-0.566665
-0.580898
-0.594949
-0.608815
-0.622492
-0.635976
-0.649263
-0.662348
-0.675229
-0.687902
-0.700362
-0.712606
-0.724631
-0.736434
-0.748010
-0.759357
-0.770472
-0.781350
-0.791990
-0.802388
-0.812541
-0.822446
-0.832100
-0.841502
-0.850648
-0.859535
-0.868161
-0.876524
-0.884621
-0.892450
-0.900010
-0.907296
-0.914309
-0.921046
-0.927504
-0.933683
-0.939580
-0.945194
-0.950524
-0.955567
-0.960323
-0.964791
-0.968968
-0.972854
-0.976448
-0.979749
-0.982756
-0.985468
-0.987885
-0.990006
-0.991830
-0.993357
-0.994586
-0.995518
-0.996152
-0.996488
-0.996526
-0.996265
-0.995707
-0.994851
-0.993698
-0.992247
-0.990500
-0.988457
-0.986118
-0.983484
-0.980557
-0.977336
-0.973824
-0.970020
-0.965926
-0.961543
-0.956873
-0.951917
-0.946676
-0.941151
-0.935345
-0.929259
-0.922895
-0.916254
-0.909338
-0.902151
-0.894692
-0.886966
-0.878973
-0.870716
-0.862198
-0.853420
-0.844387
-0.835099
-0.825560
-0.815772
-0.805738
-0.795462
-0.784945
-0.774192
-0.763204
-0.751986
-0.740540
-0.728870
-0.716979
-0.704870
-0.692547
-0.680014
-0.667274
-0.654330
-0.641187
-0.627849
-0.614318
-0.600599
-0.586696
-0.572613
-0.558354
-0.543923
-0.529325
-0.514563
-0.499642
-0.484566
-0.469339
-0.453967
-0.438453
-0.422802
-0.407019
-0.391108
-0.375074
-0.358921
-0.342655
-0.326279
-0.309800
-0.293222
-0.276549
-0.259787
-0.242940
-0.226014
-0.209014
-0.191944
-0.174810
-0.157617
-0.140370
-0.123075
-0.105735
-0.088358
-0.070947
-0.053508
-0.036047
-0.018568
-0.001077
0.016421
0.033920
0.051415
0.068900
0.086372
0.103823
0.121249
0.138645
0.156004
0.173322
0.190594
0.207813
0.224975
0.242074
0.259105
0.276063
0.292943
0.309738
0.326444
0.343056
0.359568
0.375976
0.392273
0.408455
0.424517
0.440454
0.456260
0.471930
0.487460
0.502845
0.518079
0.533158
0.548077
0.562831
0.577415
0.591825
0.606056
0.620103
0.633962
0.647629
0.661098
0.674365
0.687427
0.700278
0.712915
0.725333
0.737529
0.749498
0.761237
0.772740
0.784006
0.795029
0.805807
0.816335
0.826611
0.836630
0.846390
0.855886
0.865116
0.874078
0.882767
0.891180
0.899316
0.907171
0.914742
0.922028
0.929024
0.935730
0.942143
0.948260
0.954079
0.959599
0.964818
0.969733
0.974344
0.978647
0.982643
0.986329
0.989704
0.992768
0.995518
0.997954
1.000075
1.001881
1.003370
1.004542
1.005397
1.005933
1.006152
1.006053
1.005635
1.004900
1.003846
1.002475
1.000787
0.998782
0.996461
0.993824
0.990874
0.987609
0.984032
0.980144
0.975946
0.971438
0.966624
0.961504
0.956080
0.950354
0.944327
0.938002
0.931381
0.924466
0.917259
0.909763
0.901980
0.893912
0.885563
0.876935
0.868031
0.858854
0.849407
0.839693
0.829716
0.819478
0.808983
0.798235
0.787237
0.775992
0.764505
0.752780
0.740819
0.728628
0.716210
0.703569
0.690709
0.677635
0.664351
0.650862
0.637171
0.623284
0.609204
0.594937
0.580487
0.565859
0.551057
0.536087
0.520953
0.505661
0.490215
0.474621
0.458882
0.443006
0.426995
0.410857
0.394596
0.378217
0.361726
0.345127
0.328427
0.311630
0.294743
0.277769
0.260716
0.243587
0.226390
0.209128
0.191808
0.174436
0.157016
0.139554
0.122056
0.104527
0.086972
0.069398
0.051810
0.034213
0.016612
-0.000986
-0.018577
-0.036154
-0.053713
-0.071248
-0.088753
-0.106224
-0.123654
-0.141039
-0.158373
-0.175650
-0.192866
-0.210015
-0.227092
-0.244092
-0.261009
-0.277839
-0.294576
-0.311216
-0.327753
-0.344182
-0.360498
-0.376697
-0.392774
-0.408724
-0.424541
-0.440223
-0.455762
-0.471156
-0.486400
-0.501488
-0.516417
-0.531183
-0.545780
-0.560205
-0.574453
-0.588520
-0.602403
-0.616096
-0.629597
-0.642900
-0.656003
-0.668901
-0.681592
-0.694070
-0.706333
-0.718377
-0.730198
-0.741793
-0.753160
-0.764294
-0.775192
-0.785852
-0.796270
-0.806443
-0.816369
-0.826045
-0.835467
-0.844634
-0.853543
-0.862190
-0.870575
-0.878694
-0.886545
-0.894127
-0.901436
-0.908471
-0.915231
-0.921712
-0.927913
-0.933834
-0.939471
-0.944824
-0.949890
-0.954670
-0.959160
-0.963361
-0.967271
-0.970888
-0.974213
-0.977244
-0.979980
-0.982421
-0.984565
-0.986413
-0.987964
-0.989218
-0.990174
-0.990831
-0.991191
-0.991253
-0.991017
-0.990482
-0.989650
-0.988521
-0.987094
-0.985371
-0.983351
-0.981036
-0.978426
-0.975523
-0.972326
-0.968836
-0.965056
-0.960985
-0.956626
-0.951979
-0.947046
-0.941827
-0.936326
-0.930542
-0.924479
-0.918137
-0.911519
-0.904626
-0.897460
-0.890024
-0.882319
-0.874348
-0.866112
-0.857615
-0.848859
-0.839847
-0.830580
-0.821061
-0.811294
-0.801280
-0.791024
-0.780527
-0.769794
-0.758825
-0.747626
-0.736200
-0.724548
-0.712676
-0.700585
-0.688281
-0.675765
-0.663043
-0.650117
-0.636991
-0.623669
-0.610154
-0.596452
-0.582565
-0.568498
-0.554254
-0.539839
-0.525255
-0.510508
-0.495601
-0.480539
-0.465326
-0.449967
-0.434466
-0.418828
-0.403057
-0.387158
-0.371136
-0.354994
-0.338739
-0.322375
-0.305906
-0.289337
-0.272674
-0.255921
-0.239084
-0.222166
-0.205174
-0.188112
-0.170986
-0.153800
-0.136560
-0.119271
-0.101937
-0.084565
-0.067159
-0.049726
-0.032269
-0.014794
0.002693
0.020188
0.037684
0.055176
0.072660
0.090130
0.107580
0.125005
0.142400
0.159760
0.177078
0.194350
0.211571
0.228735
0.245836
0.262870
0.279830
0.296713
0.313512
0.330222
0.346839
0.363356
0.379769
0.396072
0.412260
0.428328
0.444272
0.460085
0.475763
0.491302
0.506695
0.521938
0.537026
0.551955
0.566719
0.581314
0.595734
0.609976
0.624035
0.637906
0.651585
0.665066
0.678347
0.691422
0.704287
0.716938
0.729371
0.741581
0.753565
0.765319
0.776839
0.788120
0.799160
0.809954
0.820499
0.830792
0.840828
0.850606
0.860120
0.869369
0.878349
0.887056
0.895489
0.903644
0.911518
0.919109
0.926414
0.933431
0.940157
0.946590
0.952728
0.958568
0.964109
0.969349
0.974286
0.978917
0.983242
0.987260
0.990968
0.994365
0.997450
1.000222
1.002680
1.004824
1.006651
1.008163
1.009357
1.010234
1.010793
1.011034
1.010957
1.010562
1.009849
1.008818
1.007469
1.005803
1.003820
1.001521
0.998907
0.995978
0.992735
0.989180
0.985314
0.981137
0.976651
0.971858
0.966760
0.961357
0.955651
0.949646
0.943341
0.936741
0.929846
0.922659
0.915183
0.907419
0.899371
0.891041
0.882432
0.873547
0.864388
0.854960
0.845264
0.835304
0.825084
0.814606
0.803875
0.792893
0.781665
0.770194
0.758484
0.746539
0.734363
0.721959
0.709333
0.696487
0.683427
0.670157
0.656680
0.643002
0.629127
0.615059
0.600804
0.586365
0.571748
0.556957
0.541997
0.526873
0.511590
0.496153
0.480567
0.464837
0.448968
0.432965
0.416834
0.400579
0.384207
0.367721
0.351128
0.334433
0.317640
0.300757
0.283787
0.266737
0.249611
0.232416
0.215157
0.197838
0.180467
0.163047
0.145586
0.128088
0.110558
0.093003
0.075427
0.057837
0.040237
0.022634
0.005033
-0.012562
-0.030143
-0.047706
-0.065246
-0.082757
-0.100233
-0.117669
-0.135060
-0.152401
-0.169685
-0.186909
-0.204066
-0.221151
-0.238160
-0.255087
-0.271926
-0.288673
-0.305323
-0.321871
-0.338312
-0.354640
-0.370851
-0.386940
-0.402902
-0.418733
-0.434428
-0.449981
-0.465389
-0.480647
-0.495751
-0.510695
-0.525476
-0.540089
-0.554530
-0.568795
-0.582879
-0.596778
-0.610489
-0.624008
-0.637329
-0.650451
-0.663368
-0.676077
-0.688575
-0.700857
-0.712921
-0.724762
-0.736378
-0.747765
-0.758920
-0.769839
-0.780520
-0.790960
-0.801155
-0.811103
-0.820801
-0.830246
-0.839436
-0.848367
-0.857038
-0.865446
-0.873589
-0.881464
-0.889069
-0.896402
-0.903462
-0.910245
-0.916751
-0.922977
-0.928922
-0.934584
-0.939962
-0.945054
-0.949858
-0.954374
-0.958601
-0.962536
-0.966179
-0.969530
-0.972586
-0.975348
-0.977815
-0.979985
-0.981860
-0.983437
-0.984716
-0.985698
-0.986382
-0.986768
-0.986856
-0.986646
-0.986138
-0.985332
-0.984229
-0.982828
-0.981131
-0.979138
-0.976849
-0.974265
-0.971387
-0.968216
-0.964753
-0.960998
-0.956954
-0.952620
-0.947998
-0.943091
-0.937898
-0.932421
-0.926663
-0.920625
-0.914308
-0.907714
-0.900846
-0.893704
-0.886292
-0.878612
-0.870664
-0.862453
-0.853980
-0.845247
-0.836258
-0.827014
-0.817518
-0.807774
-0.797783
-0.787549
-0.777074
-0.766362
-0.755416
-0.744238
-0.732832
-0.721202
-0.709350
-0.697280
-0.684995
-0.672500
-0.659797
-0.646890
-0.633783
-0.620480
-0.606984
-0.593299
-0.579430
-0.565381
-0.551154
-0.536755
-0.522188
-0.507457
-0.492566
-0.477520
-0.462322
-0.446978
-0.431492
-0.415867
-0.400110
-0.384225
-0.368215
-0.352087
-0.335844
-0.319491
-0.303034
-0.286476
-0.269824
-0.253081
-0.236254
-0.219346
-0.202363
-0.185310
-0.168192
-0.151014
-0.133781
-0.116499
-0.099173
-0.081807
-0.064407
-0.046979
-0.029527
-0.012057
0.005426
0.022917
0.040410
0.057899
0.075381
0.092848
0.110297
0.127721
0.145115
0.162474
0.179793
0.197065
0.214287
0.231452
0.248555
0.265591
0.282554
0.299440
0.316242
0.332956
0.349577
0.366099
0.382517
0.398825
0.415019
0.431094
0.447044
0.462865
0.478551
0.494097
0.509498
0.524750
0.539848
0.554786
0.569560
0.584165
0.598596
0.612849
0.626919
0.640802
0.654492
0.667986
0.681280
0.694368
0.707246
0.719911
0.732358
0.744582
0.756581
0.768350
0.779885
0.791182
0.802237
0.813048
0.823609
0.833918
0.843972
0.853766
0.863298
0.872564
0.881562
0.890288
0.898739
0.906912
0.914805
0.922415
0.929739
0.936775
0.943521
0.949973
0.956131
0.961991
0.967552
0.972812
0.977769
0.982421
0.986766
0.990804
0.994533
0.997951
1.001057
1.003850
1.006329
1.008493
1.010342
1.011874
1.013090
1.013988
1.014568
1.014830
1.014774
1.014400
1.013708
1.012698
1.011370
1.009725
1.007763
1.005484
1.002891
0.999982
0.996760
0.993226
0.989379
0.985223
0.980757
0.975984
0.970905
0.965521
0.959836
0.953849
0.947564
0.940982
0.934106
0.926938
0.919480
0.911734
0.903704
0.895392
0.886800
0.877933
0.868791
0.859379
0.849700
0.839756
0.829552
0.819090
0.808374
0.797408
0.786194
0.774738
0.763042
0.751111
0.738949
0.726559
0.713945
0.701113
0.688065
0.674807
0.661342
0.647675
0.633811
0.619754
0.605509
0.591080
0.576473
0.561691
0.546740
0.531625
0.516350
0.500921
0.485343
0.469620
0.453758
0.437761
0.421636
0.405387
0.389019
0.372538
0.355950
0.339258
0.322470
0.305590
0.288623
0.271575
0.254451
0.237258
0.220000
0.202682
0.185311
0.167892
0.150430
0.132931
0.115400
0.097843
0.080266
0.062673
0.045071
0.027464
0.009859
-0.007739
-0.025325
-0.042893
-0.060438
-0.077954
-0.095436
-0.112879
-0.130276
-0.147624
-0.164916
-0.182148
-0.199313
-0.216408
-0.233425
-0.250362
-0.267211
-0.283969
-0.300629
-0.317188
-0.333640
-0.349980
-0.366203
-0.382305
-0.398280
-0.414124
-0.429832
-0.445400
-0.460822
-0.476095
-0.491213
-0.506173
-0.520969
-0.535598
-0.550056
-0.564337
-0.578438
-0.592355
-0.606084
-0.619620
-0.632960
-0.646100
-0.659036
-0.671764
-0.684281
-0.696583
-0.708667
-0.720529
-0.732165
-0.743573
-0.754749
-0.765690
-0.776392
-0.786854
-0.797071
-0.807042
-0.816762
-0.826230
-0.835442
-0.844397
-0.853092
-0.861523
-0.869690
-0.877589
-0.885218
-0.892576
-0.899660
-0.906468
-0.912999
-0.919250
-0.925220
-0.930908
-0.936311
-0.941428
-0.946259
-0.950800
-0.955053
-0.959014
-0.962683
-0.966060
-0.969143
-0.971931
-0.974424
-0.976622
-0.978522
-0.980126
-0.981432
-0.982441
-0.983152
-0.983565
-0.983679
-0.983496
-0.983015
-0.982236
-0.981159
-0.979785
-0.978115
-0.976148
-0.973886
-0.971329
-0.968477
-0.965333
-0.961896
-0.958168
-0.954149
-0.949842
-0.945246
-0.940364
-0.935197
-0.929747
-0.924014
-0.918001
-0.911709
-0.905141
-0.898298
-0.891181
-0.883794
-0.876138
-0.868215
-0.860028
-0.851579
-0.842870
-0.833904
-0.824684
-0.815211
-0.805490
-0.795522
-0.785310
-0.774858
-0.764168
-0.753243
-0.742087
-0.730703
-0.719093
-0.707262
-0.695213
-0.682949
-0.670473
-0.657790
-0.644902
-0.631814
-0.618530
-0.605052
-0.591386
-0.577535
-0.563503
-0.549294
-0.534912
-0.520361
-0.505646
-0.490771
-0.475740
-0.460558
-0.445229
-0.429757
-0.414147
-0.398403
-0.382531
-0.366535
-0.350419
-0.334188
-0.317847
-0.301402
-0.284855
-0.268214
-0.251482
-0.234664
-0.217766
-0.200792
-0.183748
-0.166638
-0.149469
-0.132244
-0.114969
-0.097649
-0.080289
-0.062896
-0.045473
-0.028026
-0.010561
0.006918
0.024405
0.041894
0.059380
0.076859
0.094324
0.111771
0.129194
0.146587
0.163945
0.181264
0.198537
0.215759
0.232925
0.250029
0.267067
0.284033
0.300921
0.317727
0.334445
0.351069
0.367595
0.384018
0.400332
0.416532
0.432613
0.448569
0.464397
0.480090
0.495643
0.511053
0.526313
0.541419
0.556366
0.571150
0.585765
0.600206
0.614470
0.628551
0.642445
0.656148
0.669654
0.682960
0.696060
0.708952
0.721630
0.734091
0.746330
0.758343
0.770127
0.781677
0.792989
0.804060
0.814887
0.825464
0.835790
0.845861
0.855672
0.865222
0.874505
0.883521
0.892265
0.900734
0.908926
0.916838
0.924467
0.931811
0.938866
0.945631
0.952104
0.958281
0.964162
0.969743
0.975024
0.980001
0.984674
0.989041
0.993100
0.996849
1.000289
1.003416
1.006231
1.008731
1.010917
1.012788
1.014342
1.015579
1.016499
1.017101
1.017386
1.017352
1.017000
1.016329
1.015341
1.014035
1.012412
1.010472
1.008215
1.005643
1.002757
0.999556
0.996043
0.992218
0.988083
0.983639
0.978887
0.973829
0.968466
0.962801
0.956835
0.950571
0.944009
0.937153
0.930005
0.922566
0.914840
0.906830
0.898536
0.889964
0.881114
0.871991
0.862597
0.852936
0.843010
0.832823
0.822378
0.811679
0.800729
0.789532
0.778092
0.766412
0.754496
0.742348
0.729973
0.717374
0.704555
0.691521
0.678276
0.664824
0.651170
0.637318
0.623273
0.609039
0.594621
0.580025
0.565253
0.550312
0.535206
0.519941
0.504520
0.488950
0.473235
0.457380
0.441391
0.425272
0.409029
0.392667
0.376192
0.359608
0.342921
0.326137
0.309260
0.292296
0.275251
0.258130
0.240938
0.223681
0.206365
0.188994
0.171575
0.154113
0.136613
0.119081
0.101522
0.083942
0.066347
0.048742
0.031132
0.013523
-0.004080
-0.021670
-0.039243
-0.056794
-0.074316
-0.091805
-0.109254
-0.126660
-0.144015
-0.161316
-0.178556
-0.195730
-0.212834
-0.229862
-0.246808
-0.263668
-0.280437
-0.297109
-0.313680
-0.330144
-0.346497
-0.362733
-0.378848
-0.394837
-0.410696
-0.426418
-0.442001
-0.457439
-0.472727
-0.487861
-0.502837
-0.517651
-0.532297
-0.546772
-0.561071
-0.575190
-0.589125
-0.602873
-0.616428
-0.629787
-0.642947
-0.655902
-0.668651
-0.681188
-0.693511
-0.705616
-0.717499
-0.729157
-0.740586
-0.751784
-0.762747
-0.773472
-0.783956
-0.794197
-0.804190
-0.813934
-0.823425
-0.832661
-0.841640
-0.850358
-0.858814
-0.867005
-0.874929
-0.882583
-0.889965
-0.897074
-0.903908
-0.910463
-0.916740
-0.922736
