-0.006079
-0.004862
-0.003642
-0.002419
-0.001193
0.000033
0.001259
0.002485
0.003708
0.004928
0.006144
0.007355
0.008560
0.009758
0.010947
0.012128
0.013299
0.014459
0.015606
0.016741
0.017862
0.018968
0.020059
0.021133
0.022189
0.023227
0.024246
0.025244
0.026222
0.027178
0.028111
0.029021
0.029907
0.030768
0.031604
0.032413
0.033196
0.033951
0.034677
0.035375
0.036044
0.036682
0.037290
0.037868
0.038413
0.038927
0.039409
0.039857
0.040273
0.040656
0.041004
0.041319
0.041599
0.041845
0.042056
0.042233
0.042374
0.042480
0.042551
0.042587
0.042588
0.042553
0.042484
0.042379
0.042239
0.042064
0.041855
0.041611
0.041332
0.041020
0.040674
0.040294
0.039881
0.039435
0.038957
0.038447
0.037905
0.037332
0.036729
0.036095
0.035432
0.034740
0.034019
0.033270
0.032495
0.031692
0.030864
0.030010
0.029132
0.028231
0.027306
0.026359
0.025390
0.024401
0.023392
0.022364
0.021318
0.020254
0.019174
0.018079
0.016969
0.015845
0.014708
0.013559
0.012400
0.011230
0.010051
0.008864
0.007670
0.006470
0.005265
0.004055
0.002842
0.001627
0.000410
-0.000806
-0.002023
-0.003237
-0.004449
-0.005658
-0.006861
-0.008060
-0.009252
-0.010436
-0.011612
-0.012779
-0.013936
-0.015081
-0.016215
-0.017335
-0.018442
-0.019533
-0.020610
-0.021669
-0.022712
-0.023736
-0.024742
-0.025727
-0.026692
-0.027636
-0.028558
-0.029457
-0.030332
-0.031184
-0.032010
-0.032811
-0.033586
-0.034334
-0.035054
-0.035747
-0.036411
-0.037046
-0.037652
-0.038228
-0.038773
-0.039287
-0.039770
-0.040221
-0.040640
-0.041027
-0.041381
-0.041702
-0.041989
-0.042243
-0.042464
-0.042650
-0.042802
-0.042921
-0.043004
-0.043054
-0.043069
-0.043049
-0.042996
-0.042907
-0.042785
-0.042628
-0.042436
-0.042211
-0.041952
-0.041659
-0.041333
-0.040974
-0.040582
-0.040157
-0.039699
-0.039210
-0.038690
-0.038138
-0.037555
-0.036942
-0.036299
-0.035627
-0.034926
-0.034197
-0.033441
-0.032657
-0.031847
-0.031011
-0.030150
-0.029264
-0.028355
-0.027422
-0.026468
-0.025492
-0.024495
-0.023478
-0.022442
-0.021388
-0.020317
-0.019229
-0.018125
-0.017006
-0.015874
-0.014728
-0.013571
-0.012402
-0.011223
-0.010035
-0.008839
-0.007636
-0.006426
-0.005211
-0.003992
-0.002769
-0.001544
-0.000318
0.000908
0.002134
0.003357
0.004578
0.005796
0.007008
0.008215
0.009415
0.010607
0.011790
0.012964
0.014127
0.015278
0.016416
0.017541
0.018652
0.019746
0.020825
0.021886
0.022930
0.023954
0.024958
0.025942
0.026904
0.027843
0.028760
0.029653
0.030521
0.031364
0.032180
0.032970
0.033733
0.034468
0.035174
0.035850
0.036497
0.037114
0.037700
0.038254
0.038777
0.039268
0.039726
0.040151
0.040543
0.040901
0.041225
0.041515
0.041771
0.041992
0.042178
0.042329
0.042445
0.042526
0.042572
0.042582
0.042558
0.042498
0.042403
0.042273
0.042108
0.041908
0.041674
0.041405
0.041102
0.040766
0.040395
0.039992
0.039555
0.039086
0.038585
0.038052
0.037488
0.036893
0.036267
0.035612
0.034928
0.034215
0.033475
0.032706
0.031911
0.031090
0.030244
0.029373
0.028477
0.027559
0.026618
0.025656
0.024672
0.023669
0.022646
0.021605
0.020546
0.019470
0.018379
0.017273
0.016153
0.015019
0.013874
0.012717
0.011550
0.010374
0.009189
0.007997
0.006799
0.005595
0.004386
0.003174
0.001959
0.000743
-0.000474
-0.001691
-0.002906
-0.004119
-0.005328
-0.006534
-0.007734
-0.008928
-0.010114
-0.011293
-0.012463
-0.013622
-0.014771
-0.015908
-0.017032
-0.018143
-0.019239
-0.020320
-0.021385
-0.022432
-0.023462
-0.024473
-0.025464
-0.026435
-0.027385
-0.028313
-0.029219
-0.030101
-0.030959
-0.031793
-0.032601
-0.033384
-0.034139
-0.034868
-0.035569
-0.036241
-0.036884
-0.037499
-0.038083
-0.038637
-0.039160
-0.039652
-0.040112
-0.040540
-0.040936
-0.041300
-0.041630
-0.041927
-0.042191
-0.042421
-0.042617
-0.042779
-0.042907
-0.043001
-0.043060
-0.043085
-0.043075
-0.043031
-0.042953
-0.042840
-0.042693
-0.042511
-0.042296
-0.042046
-0.041763
-0.041447
-0.041097
-0.040714
-0.040298
-0.039850
-0.039370
-0.038859
-0.038316
-0.037742
-0.037137
-0.036503
-0.035839
-0.035147
-0.034426
-0.033677
-0.032901
-0.032098
-0.031270
-0.030416
-0.029537
-0.028634
-0.027709
-0.026760
-0.025790
-0.024799
-0.023788
-0.022758
-0.021709
-0.020642
-0.019559
-0.018459
-0.017345
-0.016216
-0.015075
-0.013920
-0.012755
-0.011579
-0.010394
-0.009200
-0.007998
-0.006790
-0.005577
-0.004359
-0.003137
-0.001913
-0.000687
0.000539
0.001765
0.002989
0.004211
0.005430
0.006643
0.007852
0.009054
0.010248
0.011434
0.012610
0.013776
0.014931
0.016073
0.017202
0.018316
0.019416
0.020499
0.021565
0.022613
0.023643
0.024653
0.025642
0.026611
0.027557
0.028480
0.029379
0.030255
0.031104
0.031929
0.032726
0.033497
0.034239
0.034953
0.035638
0.036294
0.036919
0.037514
0.038077
0.038609
0.039109
0.039576
0.040011
0.040412
0.040779
0.041113
0.041413
0.041678
0.041909
0.042105
0.042266
0.042392
0.042483
0.042539
0.042559
0.042544
0.042494
0.042409
0.042289
0.042134
0.041944
0.041719
0.041460
0.041167
0.040840
0.040479
0.040085
0.039657
0.039198
0.038705
0.038181
0.037626
0.037039
0.036423
0.035776
0.035100
0.034395
0.033662
0.032901
0.032114
0.031300
0.030461
0.029596
0.028708
0.027796
0.026861
0.025904
0.024927
0.023929
0.022911
0.021875
0.020821
0.019750
0.018663
0.017561
0.016444
0.015315
0.014173
0.013019
0.011855
0.010681
0.009498
0.008308
0.007111
0.005908
0.004701
0.003489
0.002275
0.001059
-0.000158
-0.001375
-0.002590
-0.003804
-0.005015
-0.006221
-0.007423
-0.008619
-0.009808
-0.010989
-0.012162
-0.013324
-0.014476
-0.015617
-0.016745
-0.017859
-0.018960
-0.020045
-0.021115
-0.022167
-0.023202
-0.024218
-0.025215
-0.026192
-0.027148
-0.028083
-0.028995
-0.029884
-0.030749
-0.031590
-0.032406
-0.033195
-0.033959
-0.034695
-0.035404
-0.036084
-0.036736
-0.037359
-0.037951
-0.038514
-0.039046
-0.039547
-0.040016
-0.040453
-0.040859
-0.041231
-0.041571
-0.041878
-0.042151
-0.042390
-0.042596
-0.042768
-0.042906
-0.043009
-0.043078
-0.043113
-0.043113
-0.043079
-0.043010
-0.042907
-0.042770
-0.042598
-0.042392
-0.042152
-0.041879
-0.041572
-0.041231
-0.040858
-0.040452
-0.040013
-0.039542
-0.039039
-0.038505
-0.037940
-0.037344
-0.036718
-0.036063
-0.035379
-0.034666
-0.033925
-0.033156
-0.032361
-0.031540
-0.030693
-0.029822
-0.028926
-0.028007
-0.027065
-0.026101
-0.025116
-0.024111
-0.023086
-0.022042
-0.020981
-0.019902
-0.018807
-0.017697
-0.016572
-0.015434
-0.014284
-0.013121
-0.011949
-0.010766
-0.009574
-0.008375
-0.007169
-0.005957
-0.004740
-0.003520
-0.002296
-0.001071
0.000155
0.001381
0.002606
0.003828
0.005047
0.006263
0.007472
0.008676
0.009873
0.011061
0.012240
0.013409
0.014566
0.015712
0.016845
0.017963
0.019067
0.020155
0.021226
0.022279
0.023314
0.024330
0.025325
0.026299
0.027252
0.028181
0.029088
0.029970
0.030827
0.031658
0.032463
0.033241
0.033992
0.034714
0.035408
0.036071
0.036705
0.037309
0.037881
0.038422
0.038931
0.039407
0.039851
0.040262
0.040639
0.040982
0.041291
0.041567
0.041807
0.042013
0.042184
0.042320
0.042421
0.042486
0.042517
0.042512
0.042472
0.042397
0.042287
0.042142
0.041961
0.041747
0.041497
0.041214
0.040896
0.040545
0.040160
0.039742
0.039291
0.038808
0.038293
0.037746
0.037168
0.036560
0.035922
0.035254
0.034557
0.033832
0.033079
0.032299
0.031492
0.030660
0.029803
0.028921
0.028015
0.027087
0.026136
0.025164
0.024172
0.023160
0.022129
0.021080
0.020013
0.018931
0.017833
0.016720
0.015594
0.014455
0.013304
0.012143
0.010971
0.009791
0.008603
0.007408
0.006206
0.005000
0.003789
0.002576
0.001360
0.000143
-0.001074
-0.002290
-0.003505
-0.004717
-0.005925
-0.007128
-0.008326
-0.009517
-0.010700
-0.011875
-0.013041
-0.014196
-0.015340
-0.016472
-0.017591
-0.018695
-0.019785
-0.020859
-0.021916
-0.022957
-0.023978
-0.024981
-0.025964
-0.026926
-0.027867
-0.028785
-0.029681
-0.030553
-0.031401
-0.032224
-0.033021
-0.033792
-0.034536
-0.035252
-0.035941
-0.036601
-0.037232
-0.037833
-0.038404
-0.038945
-0.039455
-0.039933
-0.040380
-0.040794
-0.041176
-0.041525
-0.041841
-0.042124
-0.042373
-0.042588
-0.042770
-0.042917
-0.043030
-0.043109
-0.043154
-0.043164
-0.043139
-0.043080
-0.042987
-0.042859
-0.042697
-0.042501
-0.042271
-0.042007
-0.041709
-0.041378
-0.041014
-0.040617
-0.040188
-0.039726
-0.039232
-0.038707
-0.038150
-0.037563
-0.036946
-0.036299
-0.035623
-0.034918
-0.034185
-0.033424
-0.032637
-0.031823
-0.030983
-0.030119
-0.029230
-0.028317
-0.027382
-0.026424
-0.025445
-0.024446
-0.023426
-0.022388
-0.021331
-0.020257
-0.019167
-0.018061
-0.016941
-0.015806
-0.014659
-0.013500
-0.012330
-0.011150
-0.009961
-0.008764
-0.007560
-0.006350
-0.005135
-0.003915
-0.002692
-0.001468
-0.000242
0.000984
0.002209
0.003433
0.004653
0.005869
0.007081
0.008286
0.009485
0.010675
0.011857
0.013029
0.014190
0.015339
0.016475
0.017598
0.018706
0.019798
0.020874
0.021932
0.022972
0.023993
0.024994
0.025975
0.026933
0.027869
0.028782
0.029671
0.030535
0.031374
0.032187
0.032973
0.033731
0.034461
0.035163
0.035835
0.036477
0.037089
0.037670
0.038220
0.038738
0.039224
0.039677
0.040097
0.040483
0.040836
0.041155
0.041440
0.041691
0.041906
0.042087
0.042233
0.042344
0.042419
0.042460
0.042465
0.042435
0.042370
0.042269
0.042134
0.041964
0.041759
0.041519
0.041245
0.040937
0.040595
0.040220
0.039811
0.039369
0.038895
0.038389
0.037852
0.037283
0.036683
0.036053
0.035393
0.034705
0.033987
0.033242
0.032470
0.031671
0.030846
0.029995
0.029120
0.028221
0.027299
0.026355
0.025389
0.024402
0.023395
0.022370
0.021325
0.020264
0.019186
0.018092
0.016983
0.015861
0.014725
0.013578
0.012419
0.011251
0.010073
0.008887
0.007693
0.006493
0.005288
0.004079
0.002866
0.001651
0.000434
-0.000783
-0.002000
-0.003215
-0.004428
-0.005637
-0.006842
-0.008041
-0.009235
-0.010421
-0.011598
-0.012767
-0.013925
-0.015072
-0.016208
-0.017330
-0.018439
-0.019533
-0.020612
-0.021674
-0.022719
-0.023746
-0.024755
-0.025743
-0.026711
-0.027658
-0.028583
-0.029486
-0.030365
-0.031219
-0.032049
-0.032854
-0.033633
-0.034384
-0.035109
-0.035806
-0.036474
-0.037113
-0.037723
-0.038303
-0.038852
-0.039371
-0.039858
-0.040314
-0.040737
-0.041129
-0.041487
-0.041813
-0.042105
-0.042364
-0.042589
-0.042780
-0.042937
-0.043060
-0.043149
-0.043203
-0.043223
-0.043208
-0.043159
-0.043076
-0.042958
-0.042805
-0.042619
-0.042399
-0.042144
-0.041856
-0.041535
-0.041180
-0.040792
-0.040372
-0.039919
-0.039435
-0.038918
-0.038371
-0.037792
-0.037184
-0.036545
-0.035877
-0.035181
-0.034455
-0.033703
-0.032923
-0.032116
-0.031284
-0.030426
-0.029544
-0.028639
-0.027710
-0.026758
-0.025785
-0.024791
-0.023777
-0.022744
-0.021693
-0.020624
-0.019538
-0.018437
-0.017320
-0.016190
-0.015046
-0.013891
-0.012724
-0.011547
-0.010360
-0.009165
-0.007963
-0.006754
-0.005540
-0.004322
-0.003100
-0.001876
-0.000650
0.000576
0.001801
0.003025
0.004246
0.005464
0.006677
0.007884
0.009084
0.010277
0.011462
0.012636
0.013800
0.014953
0.016093
0.017219
0.018332
0.019428
0.020509
0.021572
0.022618
0.023644
0.024651
0.025637
0.026602
0.027544
0.028464
0.029360
0.030231
0.031077
0.031897
0.032690
0.033457
0.034195
0.034904
0.035585
0.036236
0.036856
0.037446
0.038005
0.038532
0.039027
0.039489
0.039918
0.040314
0.040677
0.041005
0.041300
0.041560
0.041785
0.041976
0.042131
0.042252
0.042338
0.042388
0.042403
0.042383
0.042327
0.042237
0.042111
0.041951
0.041756
0.041526
0.041261
0.040963
0.040631
0.040264
0.039865
0.039433
0.038968
0.038471
0.037942
0.037381
0.036790
0.036169
0.035518
0.034837
0.034128
0.033390
0.032626
0.031834
0.031016
0.030173
0.029304
0.028412
0.027496
0.026558
0.025598
0.024617
0.023616
0.022596
0.021557
0.020500
0.019426
0.018337
0.017232
0.016114
0.014982
0.013838
0.012682
0.011516
0.010341
0.009157
0.007965
0.006767
0.005564
0.004355
0.003143
0.001929
0.000712
-0.000505
-0.001722
-0.002938
-0.004151
-0.005362
-0.006568
-0.007769
-0.008964
-0.010152
-0.011332
-0.012503
-0.013665
-0.014815
-0.015954
-0.017080
-0.018193
-0.019291
-0.020375
-0.021442
-0.022492
-0.023524
-0.024538
-0.025532
-0.026506
-0.027459
-0.028390
-0.029299
-0.030185
-0.031047
-0.031884
-0.032696
-0.033482
-0.034241
-0.034974
-0.035679
-0.036355
-0.037003
-0.037621
-0.038209
-0.038768
-0.039295
-0.039791
-0.040256
-0.040689
-0.041089
-0.041457
-0.041792
-0.042094
-0.042363
-0.042597
-0.042798
-0.042965
-0.043098
-0.043196
-0.043260
-0.043290
-0.043285
-0.043246
-0.043173
-0.043065
-0.042922
-0.042746
-0.042535
-0.042290
-0.042012
-0.041700
-0.041355
-0.040977
-0.040565
-0.040122
-0.039646
-0.039139
-0.038601
-0.038031
-0.037431
-0.036801
-0.036141
-0.035453
-0.034736
-0.033991
-0.033219
-0.032420
-0.031595
-0.030744
-0.029869
-0.028970
-0.028048
-0.027103
-0.026136
-0.025148
-0.024140
-0.023112
-0.022066
-0.021001
-0.019920
-0.018823
-0.017711
-0.016585
-0.015445
-0.014292
-0.013128
-0.011954
-0.010770
-0.009577
-0.008377
-0.007170
-0.005958
-0.004740
-0.003519
-0.002296
-0.001070
0.000156
0.001382
0.002606
0.003828
0.005047
0.006261
0.007470
0.008673
0.009868
0.011055
0.012233
0.013400
0.014556
0.015699
0.016830
0.017946
0.019048
0.020133
0.021201
0.022252
0.023284
0.024297
0.025289
0.026260
0.027209
0.028135
0.029037
0.029916
0.030769
0.031596
0.032397
0.033171
0.033918
0.034635
0.035324
0.035984
0.036613
0.037211
0.037779
0.038315
0.038819
0.039290
0.039729
0.040135
0.040507
0.040845
0.041149
0.041419
0.041654
0.041854
0.042020
0.042150
0.042246
0.042306
0.042331
0.042321
0.042276
0.042195
0.042079
0.041929
0.041743
0.041523
0.041268
0.040980
0.040657
0.040300
0.039910
0.039487
0.039031
0.038543
0.038023
0.037472
0.036889
0.036276
0.035633
0.034961
0.034260
0.033530
0.032773
0.031989
0.031178
0.030342
0.029481
0.028595
0.027686
0.026754
0.025800
0.024825
0.023830
0.022815
0.021781
0.020729
0.019660
0.018575
0.017475
0.016360
0.015232
0.014091
0.012939
0.011775
0.010603
0.009421
0.008232
0.007035
0.005833
0.004626
0.003415
0.002201
0.000985
-0.000232
-0.001449
-0.002665
-0.003880
-0.005091
-0.006298
-0.007501
-0.008698
-0.009888
-0.011071
-0.012244
-0.013408
-0.014562
-0.015704
-0.016834
-0.017951
-0.019054
-0.020141
-0.021213
-0.022268
-0.023305
-0.024324
-0.025324
-0.026304
-0.027263
-0.028201
-0.029116
-0.030008
-0.030877
-0.031721
-0.032540
-0.033334
-0.034101
-0.034841
-0.035554
-0.036238
-0.036894
-0.037521
-0.038118
-0.038685
-0.039221
-0.039726
-0.040200
-0.040642
-0.041052
-0.041429
-0.041773
-0.042084
-0.042362
-0.042607
-0.042817
-0.042994
-0.043136
-0.043245
-0.043319
-0.043358
-0.043363
-0.043334
-0.043270
-0.043172
-0.043039
-0.042872
-0.042671
-0.042436
-0.042167
-0.041865
-0.041529
-0.041160
-0.040759
-0.040324
-0.039858
-0.039360
-0.038830
-0.038269
-0.037678
-0.037056
-0.036405
-0.035725
-0.035016
-0.034279
-0.033514
-0.032723
-0.031905
-0.031062
-0.030194
-0.029302
-0.028386
-0.027447
-0.026486
-0.025504
-0.024502
-0.023480
-0.022439
-0.021380
-0.020303
-0.019211
-0.018103
-0.016980
-0.015844
-0.014695
-0.013534
-0.012363
-0.011182
-0.009991
-0.008793
-0.007588
-0.006377
-0.005161
-0.003941
-0.002718
-0.001493
-0.000267
0.000959
0.002184
0.003407
0.004626
0.005842
0.007053
0.008257
0.009455
0.010644
0.011824
0.012994
0.014154
0.015301
0.016435
0.017556
0.018662
0.019751
0.020825
0.021881
0.022918
0.023936
0.024934
0.025911
0.026866
0.027799
0.028708
0.029594
0.030454
0.031289
0.032098
0.032880
0.033634
0.034360
0.035057
0.035725
0.036362
0.036970
0.037546
0.038091
0.038604
0.039085
0.039533
0.039948
0.040330
0.040678
0.040991
0.041271
0.041516
0.041726
0.041902
0.042042
0.042148
0.042218
0.042253
0.042253
0.042218
0.042147
0.042041
0.041901
0.041725
0.041515
0.041270
0.040991
0.040678
0.040331
0.039950
0.039536
0.039090
0.038611
0.038100
0.037558
0.036984
0.036380
0.035745
0.035081
0.034388
0.033667
0.032917
0.032141
0.031338
0.030508
0.029654
0.028776
0.027873
0.026948
0.026000
0.025031
0.024041
0.023031
0.022003
0.020956
0.019892
0.018811
0.017715
0.016604
0.015480
0.014343
0.013193
0.012033
0.010863
0.009684
0.008497
0.007302
0.006102
0.004896
0.003686
0.002473
0.001257
0.000040
-0.001177
-0.002394
-0.003608
-0.004821
-0.006029
-0.007233
-0.008432
-0.009624
-0.010809
-0.011985
-0.013152
-0.014309
-0.015455
-0.016588
-0.017709
-0.018815
-0.019907
-0.020983
-0.022043
-0.023086
-0.024110
-0.025115
-0.026101
-0.027066
-0.028010
-0.028932
-0.029831
-0.030706
-0.031557
-0.032384
-0.033184
-0.033959
-0.034707
-0.035427
-0.036120
-0.036784
-0.037419
-0.038024
-0.038600
-0.039145
-0.039659
-0.040142
-0.040593
-0.041011
-0.041398
-0.041752
-0.042072
-0.042360
-0.042614
-0.042834
-0.043020
-0.043172
-0.043290
-0.043374
-0.043423
-0.043438
-0.043418
-0.043364
-0.043275
-0.043152
-0.042995
-0.042804
-0.042579
-0.042319
-0.042026
-0.041700
-0.041341
-0.040948
-0.040523
-0.040066
-0.039576
-0.039055
-0.038503
-0.037921
-0.037308
-0.036665
-0.035992
-0.035292
-0.034562
-0.033806
-0.033022
-0.032212
-0.031376
-0.030514
-0.029629
-0.028719
-0.027787
-0.026833
-0.025856
-0.024860
-0.023843
-0.022807
-0.021753
-0.020681
-0.019593
-0.018490
-0.017371
-0.016239
-0.015093
-0.013936
-0.012767
-0.011589
-0.010401
-0.009205
-0.008002
-0.006792
-0.005578
-0.004358
-0.003136
-0.001912
-0.000686
0.000540
0.001765
0.002989
0.004210
0.005427
0.006639
0.007845
0.009045
0.010236
0.011419
0.012592
0.013755
0.014906
0.016044
0.017168
0.018278
0.019373
0.020451
0.021512
0.022554
0.023578
0.024582
0.025565
0.026526
0.027466
0.028382
0.029274
0.030141
0.030984
0.031800
0.032589
0.033351
0.034085
0.034791
0.035467
0.036114
0.036730
0.037315
0.037869
0.038391
0.038881
0.039339
0.039763
0.040154
0.040512
0.040835
0.041125
0.041380
0.041600
0.041786
0.041936
0.042052
0.042132
0.042177
0.042187
0.042162
0.042101
0.042006
0.041875
0.041709
0.041509
0.041274
0.041005
0.040701
0.040364
0.039993
0.039589
0.039152
0.038682
0.038180
0.037647
0.037082
0.036486
0.035861
0.035205
0.034520
0.033807
0.033065
0.032297
0.031501
0.030679
0.029832
0.028961
0.028065
0.027146
0.026205
0.025241
0.024257
0.023253
0.022230
0.021188
0.020129
0.019053
0.017961
0.016855
0.015734
0.014600
0.013455
0.012297
0.011130
0.009953
0.008768
0.007576
0.006377
0.005172
0.003963
0.002751
0.001536
0.000319
-0.000898
-0.002115
-0.003330
-0.004544
-0.005753
-0.006959
-0.008159
-0.009353
-0.010540
-0.011719
-0.012889
-0.014049
-0.015198
-0.016335
-0.017459
-0.018570
-0.019666
-0.020747
-0.021812
-0.022860
-0.023889
-0.024900
-0.025892
-0.026863
-0.027813
-0.028741
-0.029646
-0.030529
-0.031387
-0.032220
-0.033028
-0.033811
-0.034566
-0.035295
-0.035995
-0.036667
-0.037311
-0.037925
-0.038509
-0.039062
-0.039585
-0.040077
-0.040537
-0.040965
-0.041361
-0.041724
-0.042054
-0.042351
-0.042614
-0.042844
-0.043040
-0.043202
-0.043329
-0.043423
-0.043482
-0.043506
-0.043496
-0.043452
-0.043373
-0.043260
-0.043112
-0.042931
-0.042715
-0.042465
-0.042182
-0.041865
-0.041515
-0.041131
-0.040715
-0.040267
-0.039787
-0.039275
-0.038731
-0.038157
-0.037553
-0.036918
-0.036254
-0.035561
-0.034840
-0.034091
-0.033314
-0.032512
-0.031683
-0.030829
-0.029950
-0.029047
-0.028121
-0.027173
-0.026203
-0.025212
-0.024200
-0.023170
-0.022121
-0.021054
-0.019970
-0.018871
-0.017757
-0.016628
-0.015486
-0.014332
-0.013167
-0.011991
-0.010805
-0.009612
-0.008410
-0.007202
-0.005989
-0.004771
-0.003550
-0.002326
-0.001100
0.000126
0.001352
0.002576
0.003797
0.005015
0.006229
0.007437
0.008639
0.009833
0.011018
0.012194
0.013360
0.014514
0.015656
0.016784
0.017898
0.018997
0.020080
0.021146
0.022194
0.023223
0.024232
0.025221
0.026189
0.027135
0.028057
0.028956
0.029831
0.030681
0.031504
0.032301
0.033071
0.033813
0.034527
0.035211
0.035866
0.036491
0.037085
0.037648
0.038179
0.038678
0.039145
0.039579
0.039980
0.040347
0.040680
0.040979
0.041244
0.041474
0.041669
0.041830
0.041955
0.042046
0.042101
0.042121
0.042105
0.042055
0.041969
0.041848
0.041693
0.041502
0.041277
0.041018
0.040724
0.040396
0.040035
0.039640
0.039212
0.038751
0.038259
0.037734
0.037178
0.036591
0.035974
0.035327
0.034650
0.033945
0.033212
0.032451
0.031663
0.030848
0.030008
0.029144
0.028255
0.027342
0.026407
0.025450
0.024472
0.023474
0.022456
0.021419
0.020365
0.019294
0.018206
0.017104
0.015987
0.014857
0.013715
0.012561
0.011396
0.010222
0.009039
0.007849
0.006652
0.005449
0.004241
0.003029
0.001815
0.000599
-0.000618
-0.001835
-0.003051
-0.004265
-0.005476
-0.006683
-0.007885
-0.009081
-0.010270
-0.011451
-0.012623
-0.013786
-0.014938
-0.016079
-0.017207
-0.018321
-0.019422
-0.020507
-0.021576
-0.022629
-0.023664
-0.024680
-0.025677
-0.026654
-0.027610
-0.028544
-0.029456
-0.030345
-0.031210
-0.032051
-0.032866
-0.033656
-0.034419
-0.035155
-0.035863
-0.036544
-0.037195
-0.037818
-0.038410
-0.038972
-0.039504
-0.040005
-0.040474
-0.040911
-0.041316
-0.041688
-0.042027
-0.042334
-0.042607
-0.042846
-0.043051
-0.043223
-0.043360
-0.043463
-0.043532
-0.043566
-0.043566
-0.043531
-0.043462
-0.043359
-0.043221
-0.043049
-0.042843
-0.042603
-0.042329
-0.042021
-0.041680
-0.041306
-0.040900
-0.040461
-0.039989
-0.039486
-0.038952
-0.038386
-0.037790
-0.037164
-0.036508
-0.035823
-0.035110
-0.034369
-0.033600
-0.032805
-0.031983
-0.031136
-0.030264
-0.029368
-0.028448
-0.027506
-0.026542
-0.025557
-0.024551
-0.023526
-0.022482
-0.021420
-0.020342
-0.019246
-0.018136
-0.017011
-0.015873
-0.014722
-0.013560
-0.012387
-0.011204
-0.010013
-0.008813
-0.007607
-0.006395
-0.005178
-0.003958
-0.002734
-0.001509
-0.000283
0.000943
0.002168
0.003390
0.004609
0.005824
0.007034
0.008238
0.009434
0.010622
0.011801
0.012970
0.014127
0.015273
0.016405
0.017523
0.018627
0.019714
0.020785
0.021838
0.022873
0.023888
0.024883
0.025857
0.026808
0.027738
0.028644
0.029525
0.030382
0.031213
0.032018
0.032795
0.033545
0.034267
0.034960
0.035623
0.036257
0.036860
0.037431
0.037972
0.038480
0.038956
0.039399
0.039809
0.040186
0.040529
0.040837
0.041112
0.041352
0.041557
0.041728
0.041863
0.041963
0.042028
0.042058
0.042053
0.042012
0.041937
0.041826
0.041680
0.041499
0.041284
0.041034
0.040750
0.040432
0.040080
0.039695
0.039276
0.038825
0.038341
0.037826
0.037279
0.036700
0.036092
0.035453
0.034785
0.034087
0.033362
0.032608
0.031828
0.031021
0.030188
0.029331
0.028448
0.027543
0.026614
0.025663
0.024691
0.023698
0.022686
0.021654
0.020605
0.019538
0.018456
0.017357
0.016245
0.015118
0.013979
0.012828
0.011667
0.010495
0.009315
0.008126
0.006931
0.005730
0.004523
0.003313
0.002099
0.000883
-0.000334
-0.001551
-0.002767
-0.003982
-0.005193
-0.006401
-0.007605
-0.008802
-0.009993
-0.011177
-0.012352
-0.013517
-0.014672
-0.015816
-0.016948
-0.018066
-0.019171
-0.020260
-0.021334
-0.022391
-0.023431
-0.024453
-0.025455
-0.026438
-0.027400
-0.028340
-0.029259
-0.030154
-0.031026
-0.031873
-0.032696
-0.033493
-0.034263
-0.035007
-0.035724
-0.036412
-0.037072
-0.037702
-0.038303
-0.038874
-0.039414
-0.039924
-0.040401
-0.040848
-0.041262
-0.041643
-0.041992
-0.042308
-0.042590
-0.042839
-0.043054
-0.043235
-0.043382
-0.043495
-0.043573
-0.043617
-0.043627
-0.043602
-0.043542
-0.043449
-0.043321
-0.043158
-0.042962
-0.042731
-0.042467
-0.042169
-0.041838
-0.041473
-0.041076
-0.040646
-0.040183
-0.039689
-0.039164
-0.038607
-0.038019
-0.037402
-0.036755
-0.036078
-0.035373
-0.034639
-0.033878
-0.033091
-0.032276
-0.031436
-0.030572
-0.029682
-0.028769
-0.027834
-0.026876
-0.025896
-0.024897
-0.023877
-0.022838
-0.021781
-0.020707
-0.019617
-0.018511
-0.017390
-0.016255
-0.015108
-0.013949
-0.012779
-0.011599
-0.010410
-0.009212
-0.008008
-0.006798
-0.005582
-0.004362
-0.003140
-0.001915
-0.000689
0.000537
0.001763
0.002986
0.004206
0.005423
0.006634
0.007839
0.009038
0.010229
0.011410
0.012582
0.013743
0.014892
0.016028
0.017151
0.018259
0.019351
0.020427
0.021485
0.022525
0.023546
0.024547
0.025527
0.026485
0.027421
0.028334
0.029222
0.030086
0.030925
0.031737
0.032523
0.033281
0.034011
0.034712
0.035384
0.036026
0.036638
0.037218
0.037768
0.038285
0.038771
0.039223
0.039643
0.040029
0.040382
0.040700
0.040985
0.041235
0.041450
0.041630
0.041776
0.041886
0.041961
0.042001
0.042006
0.041976
0.041910
0.041809
0.041673
0.041503
0.041297
0.041057
0.040783
0.040474
0.040132
0.039756
0.039347
0.038905
0.038430
0.037924
0.037386
0.036816
0.036216
0.035586
0.034926
0.034237
0.033519
0.032774
0.032001
0.031202
0.030376
0.029525
0.028650
0.027751
0.026829
0.025884
0.024918
0.023931
0.022924
0.021898
0.020853
0.019792
0.018713
0.017619
0.016511
0.015388
0.014253
0.013105
0.011946
0.010778
0.009600
0.008414
0.007220
0.006020
0.004815
0.003606
0.002393
0.001178
-0.000039
-0.001256
-0.002472
-0.003688
-0.004900
-0.006109
-0.007314
-0.008513
-0.009706
-0.010892
-0.012069
-0.013237
-0.014395
-0.015542
-0.016678
-0.017800
-0.018908
-0.020002
-0.021080
-0.022142
-0.023187
-0.024214
-0.025222
-0.026210
-0.027178
-0.028124
-0.029049
-0.029951
-0.030829
-0.031683
-0.032513
-0.033317
-0.034095
-0.034847
-0.035571
-0.036267
-0.036935
-0.037573
-0.038183
-0.038762
-0.039311
-0.039829
-0.040316
-0.040771
-0.041194
-0.041585
-0.041943
-0.042268
-0.042559
-0.042818
-0.043042
-0.043233
-0.043389
-0.043512
-0.043600
-0.043654
-0.043673
-0.043658
-0.043608
-0.043524
-0.043405
-0.043253
-0.043066
-0.042845
-0.042590
-0.042301
-0.041979
-0.041624
-0.041236
-0.040815
-0.040362
-0.039877
-0.039360
-0.038812
-0.038233
-0.037624
-0.036985
-0.036316
-0.035619
-0.034894
-0.034140
-0.033360
-0.032553
-0.031720
-0.030863
-0.029980
-0.029074
-0.028144
-0.027193
-0.026219
-0.025225
-0.024211
-0.023177
-0.022126
-0.021056
-0.019970
-0.018868
-0.017752
-0.016621
-0.015477
-0.014321
-0.013154
-0.011976
-0.010790
-0.009595
-0.008392
-0.007183
-0.005969
-0.004750
-0.003528
-0.002304
-0.001078
0.000148
0.001374
0.002598
0.003819
0.005037
0.006250
0.007457
0.008658
0.009851
0.011035
0.012210
0.013374
0.014526
0.015666
0.016793
0.017905
0.019002
0.020082
0.021146
0.022191
0.023218
0.024224
0.025210
0.026175
0.027117
0.028037
0.028932
0.029804
0.030649
0.031469
0.032263
0.033029
0.033767
0.034476
0.035156
0.035807
0.036428
0.037017
0.037576
0.038102
0.038597
0.039059
0.039488
0.039884
0.040246
0.040574
0.040868
0.041128
0.041353
0.041544
0.041699
0.041819
0.041905
0.041955
0.041969
0.041949
0.041893
0.041803
0.041677
0.041516
0.041320
0.041090
0.040826
0.040527
0.040194
0.039828
0.039428
0.038995
0.038530
0.038033
0.037504
0.036943
0.036352
0.035730
0.035078
0.034398
0.033688
0.032951
0.032185
0.031394
0.030575
0.029732
0.028864
0.027971
0.027055
0.026117
0.025157
0.024176
0.023174
0.022154
0.021115
0.020058
0.018984
0.017894
0.016790
0.015671
0.014539
0.013395
0.012240
0.011074
0.009898
0.008714
0.007523
0.006325
0.005121
0.003913
0.002701
0.001487
0.000270
-0.000947
-0.002164
-0.003379
-0.004592
-0.005803
-0.007009
-0.008210
-0.009404
-0.010592
-0.011772
-0.012943
-0.014104
-0.015254
-0.016393
-0.017518
-0.018631
-0.019729
-0.020812
-0.021878
-0.022928
-0.023960
-0.024973
-0.025967
-0.026941
-0.027893
-0.028824
-0.029732
-0.030617
-0.031479
-0.032315
-0.033127
-0.033912
-0.034671
-0.035403
-0.036107
-0.036783
-0.037430
-0.038048
-0.038635
-0.039193
-0.039720
-0.040215
-0.040680
-0.041112
-0.041511
-0.041879
-0.042213
-0.042514
-0.042782
-0.043016
-0.043216
-0.043382
-0.043514
-0.043612
-0.043675
-0.043704
-0.043699
-0.043659
-0.043585
-0.043476
-0.043333
-0.043155
-0.042944
-0.042699
-0.042420
-0.042107
-0.041761
-0.041382
-0.040970
-0.040526
-0.040050
-0.039542
-0.039003
-0.038433
-0.037832
-0.037201
-0.036541
-0.035852
-0.035134
-0.034389
-0.033616
-0.032816
-0.031991
-0.031140
-0.030264
-0.029364
-0.028441
-0.027496
-0.026528
-0.025540
-0.024531
-0.023503
-0.022456
-0.021392
-0.020310
-0.019213
-0.018100
-0.016973
-0.015833
-0.014680
-0.013516
-0.012341
-0.011157
-0.009964
-0.008763
-0.007556
-0.006343
-0.005126
-0.003905
-0.002681
-0.001455
-0.000229
0.000997
0.002222
0.003444
0.004663
0.005877
0.007086
0.008289
0.009484
0.010671
0.011849
0.013016
0.014172
0.015316
0.016447
0.017563
0.018664
0.019749
0.020818
0.021868
0.022900
0.023913
0.024905
0.025876
0.026824
0.027751
0.028653
0.029531
0.030384
0.031212
0.032013
0.032786
0.033532
0.034250
0.034939
0.035598
0.036227
0.036825
0.037393
0.037928
0.038432
0.038903
0.039342
0.039747
0.040119
0.040457
0.040761
0.041030
0.041265
0.041466
0.041631
0.041761
0.041857
0.041917
0.041941
0.041931
0.041885
0.041805
0.041689
0.041538
0.041352
0.041132
0.040877
0.040588
0.040265
0.039909
0.039518
0.039095
0.038639
0.038151
0.037631
0.037079
0.036497
0.035884
0.035241
0.034568
0.033867
0.033138
0.032380
0.031596
0.030786
0.029949
0.029088
0.028203
0.027293
0.026362
0.025408
0.024433
0.023437
0.022422
0.021388
0.020336
0.019268
0.018183
0.017082
0.015968
0.014840
0.013699
0.012547
0.011384
0.010211
0.009030
0.007841
0.006645
0.005443
0.004236
0.003025
0.001811
0.000595
-0.000622
-0.001838
-0.003054
-0.004268
-0.005479
-0.006687
-0.007889
-0.009085
-0.010275
-0.011457
-0.012631
-0.013795
-0.014948
-0.016090
-0.017219
-0.018336
-0.019438
-0.020525
-0.021596
-0.022651
-0.023688
-0.024706
-0.025706
-0.026685
-0.027644
-0.028581
-0.029496
-0.030387
-0.031256
-0.032099
-0.032918
-0.033711
-0.034477
-0.035217
-0.035929
-0.036613
-0.037268
-0.037894
-0.038491
-0.039057
-0.039593
-0.040097
-0.040570
-0.041012
-0.041421
-0.041797
-0.042141
-0.042452
-0.042729
-0.042973
-0.043183
-0.043358
-0.043500
-0.043608
-0.043681
-0.043720
-0.043724
-0.043694
-0.043629
-0.043531
-0.043397
-0.043230
-0.043028
-0.042792
-0.042523
-0.042220
-0.041883
-0.041514
-0.041111
-0.040676
-0.040209
-0.039710
-0.039179
-0.038618
-0.038026
-0.037404
-0.036752
-0.036071
-0.035361
-0.034623
-0.033858
-0.033066
-0.032248
-0.031404
-0.030535
-0.029642
-0.028726
-0.027786
-0.026825
-0.025842
-0.024839
-0.023817
-0.022775
-0.021715
-0.020638
-0.019545
-0.018437
-0.017314
-0.016177
-0.015028
-0.013867
-0.012695
-0.011513
-0.010322
-0.009124
-0.007918
-0.006707
-0.005490
-0.004270
-0.003047
-0.001821
-0.000595
0.000631
0.001856
0.003079
0.004299
0.005515
0.006726
0.007930
0.009128
0.010317
0.011498
0.012668
0.013827
0.014975
0.016109
0.017230
0.018335
0.019425
0.020499
0.021554
0.022592
0.023610
0.024608
0.025585
0.026540
0.027472
0.028382
0.029267
0.030127
0.030962
0.031770
0.032552
0.033306
0.034032
0.034729
0.035396
0.036034
0.036641
0.037217
0.037762
0.038275
0.038755
0.039203
0.039618
0.039999
0.040347
0.040660
0.040940
0.041185
0.041395
0.041570
0.041710
0.041816
0.041886
0.041921
0.041920
0.041885
0.041814
0.041708
0.041567
0.041391
0.041181
0.040936
0.040656
0.040343
0.039996
0.039615
0.039201
0.038755
0.038276
0.037765
0.037222
0.036648
0.036044
0.035409
0.034745
0.034052
0.033330
0.032581
0.031805
0.031001
0.030172
0.029318
0.028440
0.027537
0.026612
0.025664
0.024695
0.023705
0.022696
0.021667
0.020620
0.019556
0.018476
0.017380
0.016269
0.015145
0.014008
0.012859
0.011699
0.010529
0.009350
0.008163
0.006969
0.005768
0.004563
0.003353
0.002140
0.000925
-0.000292
-0.001509
-0.002725
-0.003939
-0.005151
-0.006360
-0.007563
-0.008762
-0.009953
-0.011138
-0.012314
-0.013480
-0.014637
-0.015782
-0.016915
-0.018035
-0.019141
-0.020233
-0.021308
-0.022368
-0.023410
-0.024434
-0.025439
-0.026424
-0.027388
-0.028332
-0.029253
-0.030151
-0.031026
-0.031877
-0.032703
-0.033503
-0.034277
-0.035024
-0.035744
-0.036436
-0.037100
-0.037734
-0.038339
-0.038914
-0.039458
-0.039971
-0.040453
-0.040904
-0.041322
-0.041708
-0.042061
-0.042381
-0.042668
-0.042921
-0.043140
-0.043326
-0.043477
-0.043595
-0.043678
-0.043726
-0.043740
-0.043720
-0.043665
-0.043576
-0.043452
-0.043295
-0.043103
-0.042876
-0.042617
-0.042323
-0.041996
-0.041636
-0.041243
-0.040817
-0.040359
-0.039869
-0.039347
-0.038794
-0.038211
-0.037597
-0.036954
-0.036281
-0.035579
-0.034849
-0.034092
-0.033308
-0.032497
-0.031660
-0.030798
-0.029912
-0.029002
-0.028069
-0.027114
-0.026137
-0.025140
-0.024123
-0.023086
-0.022032
-0.020959
-0.019871
-0.018767
-0.017648
-0.016515
-0.015369
-0.014211
-0.013042
-0.011863
-0.010675
-0.009478
-0.008275
-0.007065
-0.005850
-0.004630
-0.003407
-0.002183
-0.000956
0.000270
0.001495
0.002719
0.003940
0.005157
0.006370
0.007576
0.008776
0.009968
0.011151
0.012324
0.013487
0.014638
0.015776
0.016901
0.018011
0.019105
0.020184
0.021244
0.022287
0.023311
0.024315
0.025298
0.026259
0.027198
0.028114
0.029006
0.029874
0.030716
0.031532
0.032322
0.033083
0.033817
0.034523
0.035199
0.035845
0.036461
0.037046
0.037600
0.038122
0.038612
0.039069
0.039493
0.039884
0.040241
0.040565
0.040854
0.041108
0.041328
0.041514
0.041664
0.041779
0.041859
0.041904
0.041914
0.041888
0.041828
0.041732
0.041601
0.041435
0.041234
0.040999
0.040730
0.040426
0.040088
0.039717
0.039313
0.038875
0.038405
0.037903
0.037370
0.036805
0.036209
0.035583
0.034927
0.034242
0.033529
0.032787
0.032018
0.031223
0.030401
0.029554
0.028682
0.027786
0.026867
0.025926
0.024963
0.023979
0.022975
0.021952
0.020910
0.019851
0.018775
0.017684
0.016577
0.015457
0.014323
0.013177
0.012020
0.010853
0.009677
0.008492
0.007300
0.006101
0.004897
0.003688
0.002476
0.001261
0.000045
-0.001172
-0.002388
-0.003604
-0.004816
-0.006026
-0.007231
-0.008431
-0.009624
-0.010811
-0.011989
-0.013159
-0.014318
-0.015466
-0.016603
-0.017727
-0.018837
-0.019933
-0.021013
-0.022077
-0.023124
-0.024153
-0.025163
-0.026154
-0.027125
-0.028074
-0.029001
-0.029906
-0.030788
-0.031645
-0.032478
-0.033286
-0.034067
-0.034822
-0.035550
-0.036250
-0.036921
-0.037564
-0.038177
-0.038761
-0.039314
-0.039836
-0.040327
-0.040786
-0.041213
-0.041608
-0.041971
-0.042300
-0.042596
-0.042859
-0.043088
-0.043283
-0.043444
-0.043571
-0.043664
-0.043722
-0.043746
-0.043735
-0.043690
-0.043610
-0.043496
-0.043348
-0.043166
-0.042949
-0.042699
-0.042415
-0.042097
-0.041746
-0.041363
-0.040946
-0.040497
-0.040016
-0.039503
-0.038959
-0.038384
-0.037779
-0.037144
-0.036480
-0.035786
-0.035064
-0.034315
-0.033538
-0.032734
-0.031905
-0.031050
-0.030171
-0.029268
-0.028341
-0.027392
-0.026422
-0.025430
-0.024418
-0.023387
-0.022338
-0.021271
-0.020187
-0.019087
-0.017972
-0.016843
-0.015701
-0.014546
-0.013381
-0.012204
-0.011019
-0.009824
-0.008623
-0.007415
-0.006201
-0.004983
-0.003761
-0.002537
-0.001311
-0.000085
0.001141
0.002366
0.003587
0.004806
0.006020
0.007228
0.008430
0.009624
0.010809
0.011986
0.013151
0.014306
0.015447
0.016576
0.017690
0.018789
0.019872
0.020938
0.021986
0.023015
0.024025
0.025014
0.025981
0.026927
0.027850
0.028749
0.029623
0.030473
0.031296
0.032093
0.032863
0.033605
0.034319
0.035003
0.035658
0.036283
0.036877
0.037439
0.037971
0.038470
0.038936
0.039370
0.039770
0.040137
0.040470
0.040769
0.041034
0.041264
0.041459
0.041619
0.041745
0.041835
0.041890
0.041910
0.041894
0.041843
0.041758
0.041637
0.041481
0.041290
0.041065
0.040805
0.040511
0.040183
0.039821
0.039427
0.038999
0.038538
0.038045
0.037520
0.036964
0.036377
0.035760
0.035112
0.034436
0.033730
0.032997
0.032236
0.031448
0.030633
0.029793
0.028928
0.028039
0.027127
0.026192
0.025235
0.024257
0.023258
0.022240
0.021204
0.020150
0.019078
0.017991
0.016889
0.015772
0.014642
0.013500
0.012346
0.011182
0.010008
0.008825
0.007635
0.006438
0.005235
0.004027
0.002816
0.001602
0.000386
-0.000831
-0.002047
-0.003263
-0.004476
-0.005687
-0.006893
-0.008095
-0.009290
-0.010479
-0.011660
-0.012832
-0.013994
-0.015146
-0.016286
-0.017413
-0.018527
-0.019627
-0.020712
-0.021781
-0.022833
-0.023867
-0.024882
-0.025879
-0.026855
-0.027810
-0.028744
-0.029655
-0.030544
-0.031408
-0.032248
-0.033063
-0.033851
-0.034614
-0.035349
-0.036057
-0.036737
-0.037387
-0.038009
-0.038601
-0.039162
-0.039693
-0.040193
-0.040661
-0.041098
-0.041502
-0.041873
-0.042212
-0.042517
-0.042789
-0.043028
-0.043233
-0.043403
-0.043540
-0.043642
-0.043710
-0.043744
-0.043743
-0.043707
-0.043638
-0.043533
-0.043395
-0.043222
-0.043015
-0.042774
-0.042500
-0.042191
-0.041850
-0.041475
-0.041068
-0.040628
-0.040156
-0.039652
-0.039117
-0.038551
-0.037954
-0.037328
-0.036671
-0.035986
-0.035272
-0.034530
-0.033761
-0.032965
-0.032143
-0.031295
-0.030423
-0.029526
-0.028606
-0.027664
-0.026699
-0.025713
-0.024707
-0.023682
-0.022637
-0.021575
-0.020496
-0.019400
-0.018290
-0.017165
-0.016026
-0.014875
-0.013712
-0.012539
-0.011356
-0.010164
-0.008964
-0.007758
-0.006546
-0.005329
-0.004108
-0.002884
-0.001659
-0.000432
0.000794
0.002018
0.003241
0.004461
0.005676
0.006886
0.008089
0.009286
0.010474
0.011653
0.012822
0.013979
0.015125
0.016257
0.017375
0.018479
0.019566
0.020637
0.021690
0.022725
0.023740
0.024735
0.025709
0.026661
0.027590
0.028496
0.029377
0.030234
0.031065
0.031870
0.032647
0.033397
0.034119
0.034812
0.035475
0.036108
0.036711
0.037283
0.037823
0.038331
0.038807
0.039250
0.039660
0.040036
0.040379
0.040688
0.040962
0.041202
0.041407
0.041577
0.041712
0.041813
0.041878
0.041907
0.041902
0.041861
0.041785
0.041674
0.041528
0.041348
0.041132
0.040882
0.040598
0.040279
0.039927
0.039542
0.039123
0.038672
0.038188
0.037672
0.037125
0.036547
0.035938
0.035299
0.034631
0.033934
0.033208
0.032455
0.031674
0.030867
0.030034
0.029177
0.028294
0.027388
0.026460
0.025509
0.024537
0.023544
0.022532
0.021500
0.020451
0.019385
0.018302
0.017204
0.016091
0.014965
0.013826
0.012675
0.011514
0.010342
0.009162
0.007974
0.006779
0.005578
0.004371
0.003161
0.001948
0.000732
-0.000485
-0.001701
-0.002917
-0.004131
-0.005343
-0.006551
-0.007754
-0.008951
-0.010142
-0.011325
-0.012499
-0.013664
-0.014819
-0.015962
-0.017093
-0.018212
-0.019316
-0.020405
-0.021478
-0.022535
-0.023574
-0.024595
-0.025597
-0.026579
-0.027540
-0.028480
-0.029398
-0.030293
-0.031164
-0.032011
-0.032833
-0.033629
-0.034399
-0.035142
-0.035858
-0.036546
-0.037205
-0.037835
-0.038435
-0.039005
-0.039545
-0.040053
-0.040531
-0.040976
-0.041389
-0.041770
-0.042118
-0.042433
-0.042715
-0.042963
-0.043177
-0.043357
-0.043504
-0.043616
-0.043693
-0.043737
-0.043746
-0.043720
-0.043660
-0.043565
-0.043437
-0.043273
-0.043076
-0.042845
-0.042580
-0.042281
-0.041949
-0.041584
-0.041186
-0.040755
-0.040292
-0.039797
-0.039271
-0.038714
-0.038126
-0.037507
-0.036859
-0.036182
-0.035476
-0.034742
-0.033981
-0.033192
-0.032378
-0.031537
-0.030672
-0.029782
-0.028869
-0.027932
-0.026974
-0.025994
-0.024994
-0.023974
-0.022935
-0.021877
-0.020803
-0.019712
-0.018605
-0.017484
-0.016349
-0.015202
-0.014042
-0.012872
-0.011691
-0.010502
-0.009305
-0.008100
-0.006889
-0.005674
-0.004454
-0.003231
-0.002006
-0.000780
0.000447
0.001672
0.002895
0.004116
0.005332
0.006544
0.007749
0.008948
0.010138
0.011320
0.012492
0.013653
0.014802
0.015938
0.017060
0.018168
0.019260
0.020336
0.021394
0.022434
0.023454
0.024455
0.025435
0.026393
0.027329
0.028242
0.029130
0.029994
0.030832
0.031644
0.032429
0.033187
0.033917
0.034618
0.035290
0.035931
0.036543
0.037123
0.037672
0.038190
0.038675
0.039127
0.039546
0.039932
0.040284
0.040603
0.040887
0.041136
0.041351
0.041531
0.041676
0.041787
0.041861
0.041901
0.041906
0.041875
0.041809
0.041708
0.041572
0.041401
0.041195
0.040955
0.040680
0.040371
0.040029
0.039652
0.039243
0.038801
0.038326
0.037819
0.037281
0.036712
0.036111
0.035481
0.034821
0.034131
0.033414
0.032668
0.031895
0.031096
0.030270
0.029419
0.028544
0.027645
0.026722
0.025777
0.024811
0.023824
0.022817
0.021791
0.020747
0.019685
0.018607
0.017513
0.016405
0.015282
0.014147
0.012999
0.011841
0.010672
0.009494
0.008308
0.007115
0.005916
0.004711
0.003501
0.002289
0.001074
-0.000142
-0.001359
-0.002576
-0.003790
-0.005003
-0.006211
-0.007416
-0.008615
-0.009807
-0.010993
-0.012170
-0.013337
-0.014495
-0.015642
-0.016776
-0.017898
-0.019006
-0.020100
-0.021178
-0.022239
-0.023283
-0.024310
-0.025317
