0.024987
0.028112
0.030947
0.033472
0.035668
0.037525
0.039039
0.040208
0.041039
0.041538
0.041716
0.041589
0.041170
0.040477
0.039526
0.038337
0.036927
0.035313
0.033513
0.031544
0.029424
0.027166
0.024788
0.022303
0.019726
0.017069
0.014347
0.011570
0.008751
0.005900
0.003029
0.000148
-0.002734
-0.005607
-0.008462
-0.011290
-0.014082
-0.016831
-0.019528
-0.022166
-0.024736
-0.027231
-0.029643
-0.031966
-0.034191
-0.036312
-0.038322
-0.040213
-0.041978
-0.043611
-0.045104
-0.046449
-0.047641
-0.048672
-0.049535
-0.050222
-0.050727
-0.051044
-0.051165
-0.051083
-0.050792
-0.050287
-0.049560
-0.048608
-0.047424
-0.046006
-0.044350
-0.042453
-0.040317
-0.037941
-0.035328
-0.032485
-0.029419
-0.026141
-0.022665
-0.019010
-0.015197
-0.011252
-0.007206
-0.003093
0.001050
0.005182
0.009262
0.013245
0.017088
0.020751
0.024195
0.027385
0.030293
0.032894
0.035170
0.037109
0.038706
0.039958
0.040869
0.041447
0.041701
0.041646
0.041296
0.040667
0.039777
0.038643
0.037284
0.035718
0.033961
0.032031
0.029946
0.027720
0.025369
0.022909
0.020352
0.017714
0.015006
0.012241
0.009431
0.006587
0.003720
0.000840
-0.002043
-0.004919
-0.007779
-0.010614
-0.013416
-0.016176
-0.018886
-0.021539
-0.024126
-0.026639
-0.029072
-0.031417
-0.033667
-0.035814
-0.037851
-0.039771
-0.041567
-0.043233
-0.044760
-0.046141
-0.047371
-0.048441
-0.049345
-0.050075
-0.050625
-0.050987
-0.051156
-0.051123
-0.050883
-0.050430
-0.049757
-0.048860
-0.047732
-0.046371
-0.044772
-0.042934
-0.040855
-0.038536
-0.035981
-0.033192
-0.030179
-0.026951
-0.023521
-0.019907
-0.016130
-0.012215
-0.008190
-0.004090
0.000049
0.004188
0.008284
0.012294
0.016175
0.019885
0.023385
0.026639
0.029617
0.032294
0.034649
0.036671
0.038350
0.039685
0.040678
0.041335
0.041666
0.041684
0.041403
0.040840
0.040011
0.038935
0.037628
0.036110
0.034398
0.032508
0.030458
0.028265
0.025943
0.023507
0.020973
0.018353
0.015660
0.012908
0.010108
0.007271
0.004408
0.001531
-0.001352
-0.004231
-0.007095
-0.009938
-0.012748
-0.015519
-0.018242
-0.020910
-0.023513
-0.026045
-0.028498
-0.030865
-0.033138
-0.035310
-0.037375
-0.039324
-0.041151
-0.042848
-0.044409
-0.045826
-0.047093
-0.048202
-0.049147
-0.049919
-0.050513
-0.050922
-0.051137
-0.051154
-0.050965
-0.050563
-0.049944
-0.049101
-0.048029
-0.046724
-0.045183
-0.043403
-0.041382
-0.039121
-0.036622
-0.033889
-0.030929
-0.027752
-0.024369
-0.020798
-0.017058
-0.013173
-0.009172
-0.005087
-0.000954
0.003189
0.007299
0.011334
0.015250
0.019004
0.022558
0.025875
0.028922
0.031673
0.034107
0.036210
0.037972
0.039390
0.040464
0.041201
0.041610
0.041702
0.041492
0.040995
0.040229
0.039210
0.037957
0.036489
0.034821
0.032973
0.030960
0.028800
0.026507
0.024098
0.021586
0.018985
0.016309
0.013570
0.010780
0.007951
0.005094
0.002219
-0.000664
-0.003544
-0.006413
-0.009262
-0.012081
-0.014862
-0.017598
-0.020279
-0.022898
-0.025448
-0.027921
-0.030309
-0.032606
-0.034803
-0.036894
-0.038872
-0.040728
-0.042458
-0.044052
-0.045505
-0.046808
-0.047956
-0.048941
-0.049756
-0.050393
-0.050847
-0.051110
-0.051175
-0.051036
-0.050686
-0.050120
-0.049331
-0.048315
-0.047066
-0.045582
-0.043859
-0.041896
-0.039693
-0.037251
-0.034574
-0.031668
-0.028542
-0.025207
-0.021680
-0.017978
-0.014126
-0.010150
-0.006082
-0.001957
0.002187
0.006309
0.010366
0.014314
0.018112
0.021717
0.025094
0.028208
0.031033
0.033545
0.035728
0.037573
0.039073
0.040230
0.041048
0.041534
0.041701
0.041562
0.041133
0.040430
0.039470
0.038272
0.036853
0.035232
0.033426
0.031451
0.029325
0.027062
0.024680
0.022191
0.019610
0.016951
0.014226
0.011447
0.008627
0.005775
0.002904
0.000022
-0.002860
-0.005732
-0.008587
-0.011414
-0.014205
-0.016952
-0.019647
-0.022282
-0.024849
-0.027342
-0.029751
-0.032070
-0.034292
-0.036409
-0.038415
-0.040301
-0.042062
-0.043689
-0.045177
-0.046517
-0.047703
-0.048727
-0.049584
-0.050265
-0.050763
-0.051072
-0.051186
-0.051096
-0.050798
-0.050284
-0.049550
-0.048588
-0.047396
-0.045969
-0.044304
-0.042399
-0.040253
-0.037869
-0.035248
-0.032396
-0.029322
-0.026036
-0.022553
-0.018892
-0.015073
-0.011125
-0.007076
-0.002961
0.001183
0.005314
0.009390
0.013368
0.017206
0.020861
0.024296
0.027476
0.030372
0.032961
0.035225
0.037152
0.038735
0.039974
0.040872
0.041438
0.041680
0.041613
0.041252
0.040613
0.039714
0.038571
0.037204
0.035630
0.033866
0.031931
0.029839
0.027608
0.025253
0.022789
0.020229
0.017587
0.014877
0.012110
0.009299
0.006453
0.003586
0.000705
-0.002177
-0.005053
-0.007912
-0.010747
-0.013547
-0.016306
-0.019014
-0.021665
-0.024249
-0.026760
-0.029190
-0.031531
-0.033777
-0.035920
-0.037953
-0.039869
-0.041661
-0.043321
-0.044843
-0.046219
-0.047443
-0.048507
-0.049404
-0.050128
-0.050671
-0.051027
-0.051188
-0.051148
-0.050900
-0.050439
-0.049758
-0.048852
-0.047716
-0.046346
-0.044738
-0.042891
-0.040803
-0.038476
-0.035911
-0.033114
-0.030093
-0.026857
-0.023420
-0.019799
-0.016017
-0.012097
-0.008069
-0.003966
0.000174
0.004311
0.008405
0.012411
0.016286
0.019989
0.023480
0.026724
0.029691
0.032356
0.034699
0.036707
0.038374
0.039695
0.040675
0.041320
0.041639
0.041645
0.041353
0.040780
0.039941
0.038855
0.037541
0.036015
0.034295
0.032399
0.030344
0.028145
0.025818
0.023379
0.020841
0.018217
0.015523
0.012768
0.009966
0.007128
0.004265
0.001387
-0.001496
-0.004375
-0.007239
-0.010080
-0.012890
-0.015659
-0.018380
-0.021045
-0.023646
-0.026175
-0.028625
-0.030989
-0.033259
-0.035427
-0.037487
-0.039432
-0.041254
-0.042947
-0.044503
-0.045915
-0.047176
-0.048279
-0.049217
-0.049983
-0.050571
-0.050972
-0.051180
-0.051189
-0.050993
-0.050583
-0.049956
-0.049104
-0.048024
-0.046711
-0.045161
-0.043371
-0.041342
-0.039072
-0.036564
-0.033823
-0.030855
-0.027670
-0.024280
-0.020702
-0.016956
-0.013067
-0.009062
-0.004975
-0.000840
0.003302
0.007410
0.011440
0.015351
0.019099
0.022644
0.025951
0.028987
0.031727
0.034149
0.036239
0.037988
0.039393
0.040455
0.041180
0.041576
0.041656
0.041435
0.040928
0.040151
0.039124
0.037863
0.036386
0.034711
0.032856
0.030838
0.028672
0.026375
0.023961
0.021445
0.018841
0.016163
0.013421
0.010630
0.007799
0.004941
0.002066
-0.000817
-0.003698
-0.006566
-0.009413
-0.012231
-0.015011
-0.017745
-0.020424
-0.023041
-0.025589
-0.028058
-0.030443
-0.032736
-0.034930
-0.037017
-0.038990
-0.040842
-0.042567
-0.044156
-0.045604
-0.046902
-0.048044
-0.049022
-0.049831
-0.050462
-0.050908
-0.051164
-0.051222
-0.051075
-0.050717
-0.050143
-0.049346
-0.048321
-0.047065
-0.045572
-0.043840
-0.041869
-0.039657
-0.037206
-0.034521
-0.031606
-0.028472
-0.025130
-0.021596
-0.017889
-0.014032
-0.010052
-0.005981
-0.001855
0.002289
0.006409
0.010462
0.014406
0.018197
0.021794
0.025162
0.028266
0.031079
0.033579
0.035750
0.037582
0.039070
0.040214
0.041019
0.041493
0.041648
0.041498
0.041058
0.040345
0.039376
0.038169
0.036743
0.035114
0.033301
0.031321
0.029189
0.026922
0.024535
0.022042
0.019458
0.016796
0.014069
0.011288
0.008466
0.005614
0.002741
-0.000141
-0.003022
-0.005894
-0.008748
-0.011574
-0.014364
-0.017109
-0.019802
-0.022435
-0.025000
-0.027489
-0.029895
-0.032211
-0.034429
-0.036542
-0.038543
-0.040426
-0.042181
-0.043804
-0.045286
-0.046621
-0.047801
-0.048820
-0.049670
-0.050344
-0.050836
-0.051138
-0.051244
-0.051147
-0.050841
-0.050319
-0.049576
-0.048607
-0.047406
-0.045971
-0.044297
-0.042383
-0.040229
-0.037835
-0.035206
-0.032346
-0.029264
-0.025971
-0.022481
-0.018814
-0.014990
-0.011037
-0.006986
-0.002869
0.001274
0.005404
0.009477
0.013451
0.017283
0.020930
0.024356
0.027526
0.030412
0.032989
0.035240
0.037154
0.038725
0.039951
0.040837
0.041390
0.041621
0.041543
0.041171
0.040522
0.039613
0.038462
0.037087
0.035505
0.033735
0.031793
0.029696
0.027460
0.025100
0.022632
0.020069
0.017424
0.014711
0.011943
0.009130
0.006283
0.003415
0.000534
-0.002349
-0.005224
-0.008083
-0.010916
-0.013715
-0.016472
-0.019178
-0.021826
-0.024408
-0.026916
-0.029343
-0.031682
-0.033924
-0.036063
-0.038092
-0.040003
-0.041790
-0.043446
-0.044962
-0.046333
-0.047551
-0.048609
-0.049500
-0.050218
-0.050754
-0.051103
-0.051256
-0.051209
-0.050954
-0.050484
-0.049795
-0.048881
-0.047736
-0.046358
-0.044741
-0.042885
-0.040789
-0.038453
-0.035880
-0.033075
-0.030045
-0.026802
-0.023358
-0.019731
-0.015943
-0.012019
-0.007988
-0.003883
0.000257
0.004394
0.008485
0.012486
0.016356
0.020051
0.023534
0.026768
0.029725
0.032378
0.034709
0.036705
0.038358
0.039667
0.040634
0.041266
0.041573
0.041568
0.041266
0.040682
0.039834
0.038739
0.037416
0.035883
0.034156
0.032254
0.030193
0.027989
0.025658
0.023214
0.020672
0.018046
0.015349
0.012593
0.009789
0.006950
0.004086
0.001207
-0.001676
-0.004554
-0.007418
-0.010258
-0.013066
-0.015834
-0.018553
-0.021216
-0.023815
-0.026341
-0.028788
-0.031149
-0.033415
-0.035579
-0.037636
-0.039576
-0.041394
-0.043081
-0.044632
-0.046038
-0.047294
-0.048391
-0.049323
-0.050083
-0.050664
-0.051058
-0.051259
-0.051261
-0.051057
-0.050639
-0.050004
-0.049144
-0.048055
-0.046733
-0.045175
-0.043376
-0.041338
-0.039060
-0.036543
-0.033794
-0.030817
-0.027624
-0.024227
-0.020643
-0.016892
-0.012998
-0.008990
-0.004900
-0.000764
0.003377
0.007483
0.011510
0.015415
0.019156
0.022693
0.025991
0.029016
0.031744
0.034154
0.036232
0.037968
0.039360
0.040409
0.041121
0.041505
0.041574
0.041342
0.040824
0.040038
0.039001
0.037732
0.036247
0.034566
0.032704
0.030680
0.028509
0.026207
0.023789
0.021270
0.018663
0.015981
0.013238
0.010445
0.007613
0.004754
0.001878
-0.001005
-0.003885
-0.006753
-0.009600
-0.012417
-0.015195
-0.017927
-0.020604
-0.023219
-0.025763
-0.028230
-0.030612
-0.032901
-0.035091
-0.037174
-0.039143
-0.040991
-0.042710
-0.044295
-0.045737
-0.047029
-0.048165
-0.049138
-0.049940
-0.050564
-0.051004
-0.051253
-0.051303
-0.051149
-0.050783
-0.050201
-0.049396
-0.048363
-0.047098
-0.045596
-0.043856
-0.041876
-0.039655
-0.037196
-0.034502
-0.031580
-0.028438
-0.025089
-0.021548
-0.017835
-0.013973
-0.009990
-0.005917
-0.001789
0.002355
0.006473
0.010523
0.014462
0.018246
0.021836
0.025194
0.028288
0.031090
0.033578
0.035737
0.037556
0.039031
0.040162
0.040955
0.041417
0.041561
0.041399
0.040949
0.040226
0.039248
0.038033
0.036598
0.034963
0.033143
0.031156
0.029019
0.026747
0.024356
0.021859
0.019272
0.016608
0.013878
0.011096
0.008272
0.005419
0.002546
-0.000336
-0.003218
-0.006090
-0.008942
-0.011767
-0.014555
-0.017299
-0.019990
-0.022620
-0.025183
-0.027669
-0.030072
-0.032384
-0.034599
-0.036708
-0.038705
-0.040583
-0.042334
-0.043951
-0.045428
-0.046757
-0.047932
-0.048944
-0.049788
-0.050456
-0.050941
-0.051236
-0.051335
-0.051230
-0.050916
-0.050387
-0.049636
-0.048658
-0.047449
-0.046005
-0.044322
-0.042400
-0.040237
-0.037835
-0.035197
-0.032329
-0.029239
-0.025939
-0.022443
-0.018769
-0.014941
-0.010984
-0.006929
-0.002811
0.001333
0.005461
0.009531
0.013500
0.017326
0.020966
0.024383
0.027543
0.030417
0.032983
0.035222
0.037123
0.038681
0.039895
0.040768
0.041309
0.041528
0.041439
0.041057
0.040397
0.039479
0.038319
0.036936
0.035347
0.033570
0.031622
0.029519
0.027279
0.024915
0.022442
0.019876
0.017229
0.014513
0.011743
0.008928
0.006081
0.003212
0.000331
-0.002552
-0.005427
-0.008285
-0.011117
-0.013915
-0.016670
-0.019374
-0.022020
-0.024599
-0.027105
-0.029528
-0.031863
-0.034102
-0.036237
-0.038262
-0.040169
-0.041951
-0.043601
-0.045112
-0.046478
-0.047690
-0.048742
-0.049627
-0.050338
-0.050867
-0.051209
-0.051355
-0.051300
-0.051037
-0.050560
-0.049863
-0.048940
-0.047787
-0.046400
-0.044775
-0.042910
-0.040805
-0.038460
-0.035879
-0.033066
-0.030028
-0.026777
-0.023327
-0.019694
-0.015900
-0.011972
-0.007937
-0.003831
0.000310
0.004445
0.008534
0.012531
0.016395
0.020083
0.023557
0.026782
0.029727
0.032369
0.034687
0.036671
0.038311
0.039608
0.040562
0.041182
0.041477
0.041461
0.041148
0.040554
0.039696
0.038593
0.037261
0.035720
0.033987
0.032078
0.030011
0.027802
0.025467
0.023019
0.020474
0.017845
0.015145
0.012387
0.009582
0.006741
0.003876
0.000997
-0.001886
-0.004764
-0.007626
-0.010466
-0.013273
-0.016039
-0.018756
-0.021417
-0.024013
-0.026536
-0.028980
-0.031337
-0.033600
-0.035760
-0.037812
-0.039748
-0.041561
-0.043244
-0.044789
-0.046190
-0.047440
-0.048531
-0.049457
-0.050210
-0.050784
-0.051171
-0.051365
-0.051359
-0.051147
-0.050722
-0.050078
-0.049210
-0.048113
-0.046782
-0.045215
-0.043408
-0.041360
-0.039073
-0.036548
-0.033790
-0.030806
-0.027605
-0.024201
-0.020611
-0.016854
-0.012955
-0.008943
-0.004851
-0.000715
0.003425
0.007529
0.011552
0.015452
0.019186
0.022715
0.026002
0.029018
0.031734
0.034132
0.036197
0.037920
0.039299
0.040336
0.041035
0.041408
0.041465
0.041222
0.040694
0.039898
0.038852
0.037574
0.036082
0.034393
0.032525
0.030495
0.028319
0.026012
0.023590
0.021067
0.018457
0.015773
0.013028
0.010233
0.007400
0.004540
0.001663
-0.001220
-0.004100
-0.006967
-0.009813
-0.012628
-0.015405
-0.018135
-0.020810
-0.023422
-0.025964
-0.028428
-0.030806
-0.033092
-0.035278
-0.037357
-0.039321
-0.041164
-0.042879
-0.044458
-0.045895
-0.047181
-0.048311
-0.049278
-0.050073
-0.050691
-0.051124
-0.051365
-0.051408
-0.051246
-0.050872
-0.050282
-0.049468
-0.048427
-0.047153
-0.045642
-0.043893
-0.041904
-0.039674
-0.037206
-0.034504
-0.031573
-0.028424
-0.025067
-0.021520
-0.017801
-0.013934
-0.009947
-0.005871
-0.001742
0.002401
0.006518
0.010564
0.014498
0.018275
0.021857
0.025206
0.028289
0.031079
0.033556
0.035702
0.037508
0.038970
0.040088
0.040868
0.041319
0.041451
0.041278
0.040817
0.040084
0.039097
0.037873
0.036431
0.034788
0.032962
0.030969
0.028826
0.026550
0.024154
0.021654
0.019064
0.016397
0.013665
0.010881
0.008056
0.005202
0.002328
-0.000554
-0.003436
-0.006307
-0.009159
-0.011982
-0.014769
-0.017511
-0.020200
-0.022828
-0.025387
-0.027871
-0.030270
-0.032579
-0.034790
-0.036895
-0.038888
-0.040761
-0.042507
-0.044119
-0.045591
-0.046914
-0.048083
-0.049089
-0.049926
-0.050587
-0.051065
-0.051353
-0.051445
-0.051333
-0.051011
-0.050473
-0.049714
-0.048728
-0.047510
-0.046057
-0.044366
-0.042434
-0.040262
-0.037852
-0.035205
-0.032329
-0.029231
-0.025923
-0.022420
-0.018741
-0.014907
-0.010946
-0.006889
-0.002769
0.001375
0.005501
0.009569
0.013533
0.017352
0.020985
0.024393
0.027543
0.030406
0.032959
0.035186
0.037075
0.038620
0.039821
0.040682
0.041210
0.041418
0.041317
0.040924
0.040255
0.039327
0.038159
0.036767
0.035171
0.033387
0.031433
0.029325
0.027079
0.024711
0.022235
0.019665
0.017015
0.014298
0.011525
0.008709
0.005861
0.002991
0.000110
-0.002773
-0.005647
-0.008504
-0.011335
-0.014132
-0.016885
-0.019588
-0.022231
-0.024808
-0.027310
-0.029730
-0.032062
-0.034297
-0.036428
-0.038448
-0.040351
-0.042128
-0.043773
-0.045279
-0.046639
-0.047845
-0.048891
-0.049770
-0.050474
-0.050996
-0.051331
-0.051470
-0.051407
-0.051136
-0.050651
-0.049946
-0.049014
-0.047853
-0.046457
-0.044823
-0.042949
-0.040835
-0.038482
-0.035891
-0.033070
-0.030024
-0.026766
-0.023308
-0.019669
-0.015870
-0.011937
-0.007900
-0.003792
0.000350
0.004484
0.008570
0.012563
0.016421
0.020102
0.023567
0.026782
0.029716
0.032346
0.034652
0.036623
0.038251
0.039534
0.040476
0.041084
0.041367
0.041339
0.041015
0.040411
0.039544
0.038431
0.037092
0.035543
0.033803
0.031888
0.029816
0.027601
0.025261
0.022810
0.020261
0.017629
0.014927
0.012167
0.009360
0.006518
0.003653
0.000773
-0.002110
-0.004987
-0.007849
-0.010687
-0.013493
-0.016257
-0.018973
-0.021631
-0.024224
-0.026745
-0.029186
-0.031539
-0.033798
-0.035955
-0.038002
-0.039934
-0.041742
-0.043419
-0.044959
-0.046355
-0.047599
-0.048684
-0.049603
-0.050350
-0.050917
-0.051297
-0.051484
-0.051470
-0.051250
-0.050817
-0.050164
-0.049288
-0.048182
-0.046843
-0.045266
-0.043450
-0.041394
-0.039098
-0.036564
-0.033798
-0.030805
-0.027597
-0.024185
-0.020588
-0.016825
-0.012922
-0.008907
-0.004813
-0.000676
0.003464
0.007566
0.011585
0.015479
0.019206
0.022727
0.026005
0.029009
0.031714
0.034099
0.036151
0.037862
0.039228
0.040252
0.040939
0.041299
0.041345
0.041090
0.040552
0.039746
0.038691
0.037405
0.035905
0.034209
0.032335
0.030299
0.028117
0.025806
0.023380
0.020853
0.018240
0.015554
0.012806
0.010009
0.007175
0.004314
0.001437
-0.001446
-0.004325
-0.007192
-0.010036
-0.012850
-0.015626
-0.018353
-0.021026
-0.023636
-0.026175
-0.028635
-0.031010
-0.033293
-0.035474
-0.037549
-0.039509
-0.041347
-0.043057
-0.044631
-0.046061
-0.047342
-0.048466
-0.049426
-0.050215
-0.050826
-0.051251
-0.051485
-0.051520
-0.051350
-0.050969
-0.050370
-0.049548
-0.048497
-0.047214
-0.045695
-0.043937
-0.041938
-0.039700
-0.037223
-0.034512
-0.031573
-0.028415
-0.025051
-0.021497
-0.017772
-0.013900
-0.009909
-0.005830
-0.001700
0.002443
0.006557
0.010600
0.014528
0.018299
0.021873
0.025212
0.028285
0.031063
0.033527
0.035661
0.037454
0.038903
0.040008
0.040776
0.041213
0.041334
0.041150
0.040678
0.039936
0.038939
0.037707
0.036256
0.034606
0.032773
0.030775
0.028627
0.026345
0.023945
0.021442
0.018848
0.016178
0.013444
0.010658
0.007832
0.004977
0.002103
-0.000780
-0.003661
-0.006531
-0.009382
-0.012205
-0.014990
-0.017730
-0.020416
-0.023042
-0.025599
-0.028079
-0.030475
-0.032780
-0.034987
-0.037088
-0.039076
-0.040945
-0.042686
-0.044293
-0.045759
-0.047076
-0.048239
-0.049239
-0.050069
-0.050724
-0.051194
-0.051475
-0.051559
-0.051439
-0.051109
-0.050563
-0.049795
-0.048800
-0.047573
-0.046111
-0.044410
-0.042470
-0.040289
-0.037869
-0.035214
-0.032329
-0.029223
-0.025908
-0.022397
-0.018712
-0.014873
-0.010908
-0.006847
-0.002726
0.001418
0.005543
0.009607
0.013567
0.017379
0.021004
0.024403
0.027542
0.030394
0.032935
0.035149
0.037025
0.038557
0.039745
0.040593
0.041109
0.041305
0.041193
0.040789
0.040110
0.039173
0.037996
0.036596
0.034993
0.033202
0.031242
0.029128
0.026878
0.024505
0.022025
0.019452
0.016799
0.014080
0.011305
0.008488
0.005638
0.002768
-0.000114
-0.002996
-0.005870
-0.008726
-0.011556
-0.014351
-0.017103
-0.019803
-0.022444
-0.025018
-0.027517
-0.029934
-0.032262
-0.034493
-0.036620
-0.038636
-0.040534
-0.042306
-0.043946
-0.045447
-0.046801
-0.048001
-0.049041
-0.049913
-0.050610
-0.051126
-0.051453
-0.051584
-0.051514
-0.051235
-0.050741
-0.050027
-0.049087
-0.047917
-0.046512
-0.044869
-0.042986
-0.040863
-0.038500
-0.035901
-0.033071
-0.030017
-0.026751
-0.023286
-0.019641
-0.015836
-0.011899
-0.007858
-0.003748
0.000394
0.004527
0.008610
0.012599
0.016451
0.020124
0.023580
0.026785
0.029708
0.032326
0.034620
0.036578
0.038193
0.039463
0.040393
0.040988
0.041259
0.041220
0.040885
0.040270
0.039394
0.038272
0.036925
0.035369
0.033621
0.031701
0.029622
0.027403
0.025059
0.022603
0.020051
0.017417
0.014712
0.011949
0.009141
0.006299
0.003432
0.000553
-0.002330
-0.005207
-0.008069
-0.010906
-0.013710
-0.016472
-0.019186
-0.021842
-0.024432
-0.026950
-0.029388
-0.031738
-0.033993
-0.036145
-0.038189
-0.040116
-0.041919
-0.043591
-0.045126
-0.046516
-0.047754
-0.048833
-0.049746
-0.050485
-0.051045
-0.051418
-0.051597
-0.051576
-0.051348
-0.050907
-0.050246
-0.049361
-0.048246
-0.046898
-0.045312
-0.043487
-0.041422
-0.039117
-0.036574
-0.033799
-0.030798
-0.027581
-0.024163
-0.020559
-0.016790
-0.012882
-0.008863
-0.004767
-0.000629
0.003510
0.007609
0.011625
0.015513
0.019233
0.022745
0.026013
0.029007
0.031700
0.034073
0.036112
0.037810
0.039163
0.040174
0.040848
0.041196
0.041230
0.040965
0.040416
0.039601
0.038537
0.037242
0.035734
0.034031
0.032151
0.030109
0.027922
0.025606
0.023176
0.020646
0.018030
0.015341
0.012592
0.009793
0.006958
0.004096
0.001219
-0.001664
-0.004543
-0.007409
-0.010253
-0.013065
-0.015839
-0.018565
-0.021235
-0.023842
-0.026378
-0.028836
-0.031207
-0.033486
-0.035664
-0.037734
-0.039689
-0.041523
-0.043227
-0.044796
-0.046221
-0.047496
-0.048614
-0.049567
-0.050349
-0.050953
-0.051372
-0.051598
-0.051626
-0.051448
-0.051058
-0.050450
-0.049620
-0.048561
-0.047269
-0.045740
-0.043973
-0.041965
-0.039717
-0.037232
-0.034512
-0.031564
-0.028398
-0.025027
-0.021466
-0.017735
-0.013858
-0.009862
-0.005781
-0.001650
0.002493
0.006605
0.010645
0.014568
0.018332
0.021897
0.025227
0.028289
0.031056
0.033508
0.035628
0.037408
0.038844
0.039937
0.040691
0.041117
0.041225
0.041031
0.040548
0.039795
0.038790
0.037549
0.036091
0.034433
0.032593
0.030589
0.028436
0.026149
0.023745
0.021238
0.018642
0.015969
0.013233
0.010445
0.007618
0.004762
0.001887
-0.000995
-0.003876
-0.006746
-0.009596
-0.012417
-0.015201
-0.017939
-0.020623
-0.023246
-0.025800
-0.028277
-0.030670
-0.032971
-0.035174
-0.037271
-0.039255
-0.041118
-0.042854
-0.044456
-0.045916
-0.047228
-0.048384
-0.049378
-0.050202
-0.050849
-0.051313
-0.051586
-0.051662
-0.051534
-0.051195
-0.050641
-0.049864
-0.048861
-0.047625
-0.046154
-0.044444
-0.042494
-0.040304
-0.037875
-0.035211
-0.032318
-0.029203
-0.025880
-0.022363
-0.018671
-0.014827
-0.010857
-0.006794
-0.002671
0.001473
0.005596
0.009657
0.013612
0.017418
0.021035
0.024424
0.027553
0.030394
0.032923
0.035124
0.036987
0.038506
0.039681
0.040516
0.041020
0.041204
0.041080
0.040666
0.039977
0.039030
0.037844
0.036437
0.034826
0.033029
0.031062
0.028943
0.026688
0.024311
0.021827
0.019251
0.016595
0.013873
0.011097
0.008278
0.005428
0.002557
-0.000325
-0.003207
-0.006080
-0.008936
-0.011764
-0.014558
-0.017308
-0.020006
-0.022644
-0.025215
-0.027712
-0.030125
-0.032450
-0.034677
-0.036800
-0.038811
-0.040704
-0.042472
-0.044106
-0.045601
-0.046950
-0.048144
-0.049177
-0.050043
-0.050733
-0.051241
-0.051561
-0.051685
-0.051607
-0.051320
-0.050818
-0.050095
-0.049146
-0.047967
-0.046553
-0.044901
-0.043009
-0.040877
-0.038505
-0.035897
-0.033058
-0.029996
-0.026722
-0.023250
-0.019598
-0.015788
-0.011846
-0.007802
-0.003690
0.000452
0.004584
0.008664
0.012649
0.016495
0.020160
0.023608
0.026802
0.029715
0.032321
0.034602
0.036547
0.038149
0.039406
0.040323
0.040906
0.041165
0.041115
0.040769
0.040144
0.039258
0.038128
0.036772
0.035209
0.033455
0.031528
0.029444
0.027220
0.024871
0.022412
0.019856
0.017219
0.014512
0.011747
0.008938
0.006094
0.003227
0.000347
-0.002536
-0.005412
-0.008273
-0.011109
-0.013911
-0.016672
-0.019383
-0.022037
-0.024625
-0.027140
-0.029574
-0.031921
-0.034172
-0.036320
-0.038359
-0.040282
-0.042080
-0.043747
-0.045277
-0.046661
-0.047893
-0.048965
-0.049872
-0.050605
-0.051158
-0.051524
-0.051695
-0.051666
-0.051430
-0.050980
-0.050311
-0.049417
-0.048294
-0.046936
-0.045342
-0.043508
-0.041433
-0.039119
-0.036567
-0.033783
-0.030774
-0.027550
-0.024124
-0.020513
-0.016739
-0.012826
-0.008804
-0.004705
-0.000566
0.003572
0.007669
0.011680
0.015563
0.019276
0.022779
0.026038
0.029020
0.031702
0.034063
0.036089
0.037774
0.039114
0.040112
0.040775
0.041111
0.041134
0.040857
0.040298
0.039473
0.038400
0.037097
0.035582
0.033872
0.031985
0.029938
0.027746
0.025426
0.022992
0.020458
0.017839
0.015148
0.012396
0.009596
0.006760
0.003898
0.001020
-0.001863
-0.004742
-0.007607
-0.010450
-0.013261
-0.016033
-0.018757
-0.021425
-0.024029
-0.026562
-0.029017
-0.031385
-0.033660
-0.035834
-0.037900
-0.039851
-0.041679
-0.043379
-0.044942
-0.046361
-0.047631
-0.048742
-0.049689
-0.050465
-0.051062
-0.051473
-0.051692
-0.051712
-0.051526
-0.051128
-0.050512
-0.049673
-0.048605
-0.047304
-0.045767
-0.043990
-0.041974
-0.039717
-0.037222
-0.034493
-0.031537
-0.028363
-0.024984
-0.021416
-0.017679
-0.013797
-0.009798
-0.005715
-0.001582
0.002560
0.006671
0.010707
0.014625
0.018382
0.021939
0.025259
0.028311
0.031067
0.033506
0.035614
0.037381
0.038804
0.039884
0.040626
0.041040
0.041137
0.040931
0.040438
0.039676
0.038661
0.037412
0.035946
0.034281
0.032435
0.030425
0.028266
0.025975
0.023567
0.021057
0.018457
0.015782
0.013044
0.010254
0.007426
0.004569
0.001694
-0.001189
-0.004069
-0.006939
-0.009787
-0.012607
-0.015389
-0.018125
-0.020807
-0.023428
-0.025979
-0.028453
-0.030843
-0.033140
-0.035339
-0.037432
-0.039411
-0.041270
-0.043001
-0.044597
-0.046052
-0.047358
-0.048508
-0.049496
-0.050313
-0.050954
-0.051410
-0.051676
-0.051744
-0.051608
-0.051262
-0.050699
-0.049914
-0.048902
-0.047657
-0.046177
-0.044458
-0.042499
-0.040300
-0.037862
-0.035189
-0.032287
-0.029165
-0.025834
-0.022309
-0.018611
-0.014761
-0.010788
-0.006721
-0.002597
0.001547
0.005669
0.009727
0.013677
0.017477
0.021086
0.024466
0.027585
0.030414
0.032931
0.035120
0.036970
0.038476
0.039638
0.040460
0.040952
0.041124
0.040990
0.040564
0.039865
0.038909
0.037715
0.036300
0.034681
0.032877
0.030905
0.028781
0.026520
0.024139
0.021652
0.019073
0.016414
0.013690
0.010912
0.008092
0.005241
0.002369
-0.000512
-0.003394
-0.006267
-0.009122
-0.011949
-0.014741
-0.017489
-0.020185
-0.022821
-0.025389
-0.027882
-0.030293
-0.032613
-0.034837
-0.036955
-0.038963
-0.040851
-0.042613
-0.044243
-0.045732
-0.047075
-0.048263
-0.049290
-0.050149
-0.050833
-0.051334
-0.051646
-0.051763
-0.051677
-0.051382
-0.050872
-0.050140
-0.049183
-0.047995
-0.046572
-0.044911
-0.043010
-0.040868
-0.038488
-0.035871
-0.033024
-0.029953
-0.026671
-0.023192
-0.019534
-0.015718
-0.011772
-0.007725
-0.003611
0.000531
0.004662
0.008740
0.012720
0.016560
0.020218
0.023657
0.026841
0.029743
0.032337
0.034606
0.036538
0.038127
0.039372
0.040276
0.040847
0.041094
0.041032
0.040676
0.040041
0.039146
0.038007
0.036643
0.035072
0.033312
0.031378
0.029289
0.027060
0.024707
0.022244
0.019685
0.017045
0.014336
0.011570
0.008759
0.005914
0.003046
0.000166
-0.002717
-0.005592
-0.008452
-0.011287
-0.014088
-0.016847
-0.019556
-0.022207
-0.024793
-0.027305
-0.029736
-0.032079
-0.034326
-0.036471
-0.038505
-0.040423
-0.042216
-0.043879
-0.045402
-0.046781
-0.048007
-0.049074
-0.049974
-0.050700
-0.051246
-0.051604
-0.051769
-0.051732
-0.051488
-0.051030
-0.050352
-0.049450
-0.048318
-0.046952
-0.045348
-0.043505
-0.041422
-0.039098
-0.036538
-0.033746
-0.030728
-0.027496
-0.024063
-0.020446
-0.016666
-0.012748
-0.008722
-0.004621
-0.000482
0.003656
0.007750
0.011757
0.015635
0.019341
0.022836
0.026084
0.029056
0.031726
0.034075
0.036089
0.037761
0.039089
0.040074
0.040724
0.041049
0.041060
0.040773
0.040204
0.039369
0.038288
0.036977
0.035454
0.033737
0.031844
0.029791
0.027594
0.025269
0.022831
0.020295
0.017673
0.014979
0.012225
0.009424
0.006587
0.003724
0.000846
-0.002037
-0.004916
-0.007780
-0.010622
-0.013432
-0.016202
-0.018923
-0.021589
-0.024191
-0.026721
-0.029173
-0.031537
-0.033808
-0.035978
-0.038040
-0.039986
-0.041810
-0.043505
-0.045062
-0.046477
-0.047740
-0.048845
-0.049786
-0.050555
-0.051145
-0.051549
-0.051761
-0.051773
-0.051579
-0.051173
-0.050549
-0.049701
-0.048625
-0.047315
-0.045769
-0.043984
-0.041958
-0.039692
-0.037189
-0.034451
-0.031487
-0.028305
-0.024919
-0.021344
-0.017602
-0.013715
-0.009712
-0.005626
-0.001492
0.002650
0.006759
0.010791
0.014704
0.018454
0.022003
0.025314
0.028355
0.031100
0.033528
0.035623
0.037378
0.038788
0.039856
0.040586
0.040987
0.041073
0.040856
0.040353
0.039581
0.038557
0.037300
0.035826
0.034155
0.032302
0.030286
0.028123
0.025827
0.023415
0.020901
0.018298
0.015621
0.012880
0.010090
0.007260
0.004402
0.001527
-0.001356
-0.004236
-0.007105
-0.009952
-0.012771
-0.015551
-0.018285
-0.020965
-0.023583
-0.026131
-0.028602
-0.030988
-0.033283
-0.035478
-0.037566
-0.039541
-0.041395
-0.043121
-0.044712
-0.046162
-0.047462
-0.048606
-0.049587
-0.050398
-0.051031
-0.051481
-0.051739
-0.051800
-0.051656
-0.051302
-0.050731
-0.049938
-0.048917
-0.047663
-0.046174
-0.044447
-0.042479
-0.040271
-0.037824
-0.035142
-0.032232
-0.029101
-0.025763
-0.022232
-0.018527
-0.014673
-0.010695
-0.006626
-0.002500
0.001644
0.005764
0.009819
0.013764
0.017558
0.021159
0.024530
0.027639
0.030457
0.032962
0.035139
0.036976
0.038469
0.039619
0.040429
0.040909
0.041069
0.040924
0.040489
0.039780
0.038815
0.037612
0.036189
0.034563
0.032753
0.030775
0.028645
0.026380
0.023995
0.021504
0.018921
0.016261
0.013534
0.010755
0.007933
0.005081
0.002209
-0.000672
-0.003554
-0.006426
-0.009280
-0.012106
-0.014896
-0.017642
-0.020336
-0.022970
-0.025535
-0.028025
-0.030433
-0.032750
-0.034969
-0.037084
-0.039087
-0.040970
-0.042728
-0.044352
-0.045836
-0.047173
-0.048356
-0.049377
-0.050229
-0.050906
-0.051400
-0.051705
-0.051814
-0.051720
-0.051417
-0.050899
-0.050160
-0.049194
-0.047997
-0.046565
-0.044895
-0.042985
-0.040835
-0.038445
-0.035820
-0.032964
-0.029885
-0.026595
-0.023109
-0.019445
-0.015624
-0.011673
-0.007623
-0.003507
0.000636
0.004766
0.008841
0.012816
0.016650
0.020301
0.023731
0.026906
0.029796
0.032379
0.034635
0.036555
0.038131
0.039364
0.040255
0.040813
0.041050
0.040976
0.040609
0.039965
0.039060
0.037913
0.036541
0.034963
0.033195
0.031256
0.029162
0.026928
0.024570
0.022103
0.019542
0.016899
0.014187
0.011419
0.008607
0.005761
0.002893
0.000013
-0.002870
-0.005745
-0.008604
-0.011438
-0.014237
-0.016995
-0.019702
-0.022350
-0.024933
-0.027442
-0.029870
-0.032209
-0.034453
-0.036593
-0.038624
-0.040537
-0.042325
-0.043982
-0.045501
-0.046874
-0.048094
-0.049155
-0.050048
-0.050768
-0.051307
-0.051658
-0.051815
-0.051771
-0.051519
-0.051053
-0.050367
-0.049456
-0.048316
-0.046941
-0.045328
-0.043476
-0.041384
-0.039052
-0.036483
-0.033682
-0.030656
-0.027416
-0.023976
-0.020353
-0.016567
-0.012645
-0.008616
-0.004513
-0.000373
0.003764
0.007856
0.011860
0.015732
0.019431
0.022917
0.026156
0.029118
0.031776
0.034113
0.036115
0.037774
0.039089
0.040062
0.040700
0.041013
0.041013
0.040715
0.040136
0.039292
0.038202
0.036882
0.035352
0.033629
0.031729
0.029671
0.027469
0.025140
0.022698
0.020158
0.017533
0.014837
0.012082
0.009279
0.006440
0.003577
0.000698
-0.002185
-0.005062
-0.007926
-0.010766
-0.013575
-0.016343
-0.019063
-0.021726
-0.024326
-0.026853
-0.029301
-0.031662
-0.033930
-0.036096
-0.038153
-0.040095
-0.041914
-0.043603
-0.045156
-0.046564
-0.047822
-0.048922
-0.049856
-0.050618
-0.051201
-0.051598
-0.051803
-0.051807
-0.051606
-0.051192
-0.050560
-0.049704
-0.048619
-0.047300
-0.045745
-0.043951
-0.041916
-0.039642
-0.037130
-0.034384
-0.031412
-0.028222
-0.024829
-0.021247
-0.017499
-0.013607
-0.009601
-0.005512
-0.001378
0.002764
0.006871
0.010899
0.014807
0.018551
0.022092
0.025394
0.028425
0.031158
0.033574
0.035657
0.037399
0.038797
0.039852
0.040570
0.040959
0.041033
0.040806
0.040293
0.039511
0.038479
0.037213
0.035732
0.034053
0.032194
0.030173
0.028004
0.025704
0.023288
0.020770
0.018165
0.015485
0.012742
0.009950
0.007119
0.004261
0.001385
-0.001498
-0.004378
-0.007245
-0.010092
-0.012909
-0.015688
-0.018420
-0.021098
-0.023713
-0.026258
-0.028726
-0.031109
-0.033399
-0.035590
-0.037675
-0.039645
-0.041494
-0.043215
-0.044801
-0.046245
-0.047540
-0.048678
-0.049652
-0.050457
-0.051084
-0.051526
-0.051777
-0.051830
-0.051679
-0.051317
-0.050738
-0.049936
-0.048906
-0.047644
-0.046146
-0.044410
-0.042433
-0.040216
-0.037761
-0.035071
-0.032152
-0.029014
-0.025668
-0.022130
-0.018420
-0.014560
-0.010578
-0.006506
-0.002379
0.001765
0.005884
0.009935
0.013876
0.017663
0.021256
0.024619
0.027717
0.030524
0.033018
0.035182
0.037007
0.038487
0.039624
0.040422
0.040890
0.041039
0.040883
0.040437
0.039718
0.038744
0.037533
0.036102
0.034469
0.032652
0.030668
0.028533
0.026264
0.023874
0.021380
0.018794
0.016131
0.013402
0.010621
0.007798
0.004945
0.002073
-0.000809
-0.003690
-0.006562
-0.009414
-0.012239
-0.015028
-0.017772
-0.020463
-0.023094
-0.025657
-0.028144
-0.030548
-0.032862
-0.035077
-0.037188
-0.039186
-0.041065
-0.042818
-0.044437
-0.045915
-0.047246
-0.048423
-0.049437
-0.050283
-0.050953
-0.051441
-0.051739
-0.051840
-0.051739
-0.051428
-0.050901
-0.050153
-0.049179
-0.047973
-0.046532
-0.044853
-0.042934
-0.040775
-0.038377
-0.035743
-0.032878
-0.029792
-0.026495
-0.023001
-0.019331
-0.015504
-0.011549
-0.007496
-0.003379
0.000765
0.004893
0.008965
0.012936
0.016764
0.020408
0.023829
0.026993
0.029873
0.032443
0.034688
0.036595
0.038159
0.039378
0.040257
0.040803
0.041028
0.040944
0.040566
0.039911
0.038997
0.037841
0.036462
0.034876
0.033102
0.031157
0.029057
0.026818
0.024456
0.021986
0.019421
0.016775
0.014061
0.011291
0.008478
0.005631
0.002762
-0.000118
-0.003001
-0.005875
-0.008733
-0.011566
-0.014364
-0.017119
-0.019824
-0.022470
-0.025050
-0.027556
-0.029981
-0.032317
-0.034556
-0.036693
-0.038719
-0.040627
-0.042411
-0.044063
-0.045576
-0.046943
-0.048157
-0.049212
-0.050099
-0.050812
-0.051344
-0.051688
-0.051837
-0.051785
-0.051525
-0.051051
-0.050357
-0.049438
-0.048288
-0.046904
-0.045283
-0.043422
-0.041321
-0.038980
-0.036402
-0.033592
-0.030558
-0.027311
-0.023863
-0.020233
-0.016442
-0.012516
-0.008483
-0.004378
-0.000237
0.003899
0.007989
0.011988
0.015854
0.019546
0.023024
0.026253
0.029203
0.031850
0.034175
0.036164
0.037811
0.039113
0.040073
0.040699
0.040999
0.040988
0.040680
0.040090
0.039237
0.038138
0.036810
0.035273
0.033543
0.031637
0.029573
0.027366
0.025032
0.022587
0.020043
0.017416
0.014717
0.011960
0.009156
0.006316
0.003452
0.000573
-0.002310
-0.005187
-0.008050
-0.010889
-0.013696
-0.016463
-0.019180
-0.021842
-0.024438
-0.026963
-0.029407
-0.031765
-0.034029
-0.036191
-0.038244
-0.040181
-0.041996
-0.043680
-0.045227
-0.046630
-0.047882
-0.048975
-0.049903
-0.050659
-0.051235
-0.051625
-0.051822
-0.051819
-0.051610
-0.051188
-0.050547
-0.049682
-0.048589
-0.047262
-0.045698
-0.043895
-0.041851
-0.039568
-0.037047
-0.034293
-0.031312
-0.028115
-0.024714
-0.021126
-0.017372
-0.013475
-0.009465
-0.005374
-0.001239
0.002902
0.007007
0.011032
0.014934
0.018672
0.022205
0.025497
0.028517
0.031239
0.033642
0.035713
0.037443
0.038828
0.039870
0.040575
0.040953
0.041016
0.040778
0.040254
0.039463
0.038421
0.037147
0.035658
0.033973
0.032108
0.030080
0.027907
0.025602
0.023182
0.020661
0.018053
0.015370
0.012626
0.009832
0.006999
0.004140
0.001264
-0.001618
-0.004498
-0.007365
-0.010211
-0.013026
-0.015803
-0.018534
-0.021209
-0.023822
-0.026364
-0.028829
-0.031208
-0.033495
-0.035682
-0.037762
-0.039728
-0.041572
-0.043289
-0.044869
-0.046308
-0.047596
-0.048728
-0.049697
-0.050494
-0.051114
-0.051550
-0.051794
-0.051839
-0.051680
-0.051310
-0.050723
-0.049912
-0.048874
-0.047603
-0.046097
-0.044351
-0.042366
-0.040140
-0.037676
-0.034977
-0.032050
-0.028904
-0.025550
-0.022006
-0.018290
-0.014425
-0.010439
-0.006365
-0.002236
0.001907
0.006025
0.010073
0.014009
0.017789
0.021375
0.024728
0.027816
0.030612
0.033093
0.035245
0.037057
0.038525
0.039649
0.040435
0.040891
0.041028
0.040860
0.040404
0.039675
0.038692
0.037472
0.036034
0.034394
0.032570
0.030580
0.028440
0.026166
0.023772
0.021274
0.018685
0.016019
0.013289
0.010506
0.007682
0.004828
0.001955
-0.000927
-0.003808
-0.006679
-0.009531
-0.012354
-0.015141
-0.017883
-0.020573
-0.023201
-0.025761
-0.028245
-0.030646
-0.032955
-0.035167
-0.037273
-0.039267
-0.041141
-0.042889
-0.044503
-0.045976
-0.047301
-0.048472
-0.049480
-0.050319
-0.050983
-0.051463
-0.051754
-0.051848
-0.051738
-0.051419
-0.050884
-0.050128
-0.049145
-0.047931
-0.046481
-0.044793
-0.042865
-0.040697
-0.038290
-0.035647
-0.032774
-0.029680
-0.026375
-0.022875
-0.019198
-0.015366
-0.011407
-0.007351
-0.003232
0.000912
0.005039
0.009108
0.013075
0.016896
0.020532
0.023944
0.027099
0.029967
0.032526
0.034758
0.036652
0.038203
0.039410
0.040276
0.040810
0.041023
0.040927
0.040539
0.039874
0.038951
0.037786
0.036398
0.034805
0.033024
0.031073
0.028967
0.026724
0.024357
0.021883
0.019315
0.016666
0.013950
0.011179
0.008364
0.005516
0.002647
-0.000234
-0.003116
-0.005990
-0.008847
-0.011679
-0.014475
-0.017229
-0.019931
-0.022575
-0.025152
-0.027655
-0.030077
-0.032409
-0.034645
-0.036777
-0.038798
-0.040702
-0.042481
-0.044128
-0.045635
-0.046997
-0.048205
-0.049253
-0.050133
-0.050840
-0.051365
-0.051701
-0.051843
-0.051783
-0.051515
-0.051033
-0.050330
-0.049402
-0.048244
-0.046851
-0.045220
-0.043350
-0.041240
-0.038890
-0.036303
-0.033485
-0.030443
-0.027187
-0.023733
-0.020096
-0.016300
-0.012369
-0.008333
-0.004226
-0.000084
0.004051
0.008137
0.012132
0.015993
0.019677
0.023146
0.026365
0.029305
0.031940
0.034252
0.036228
0.037862
0.039151
0.040099
0.040712
0.041000
0.040978
0.040658
0.040059
0.039196
0.038088
0.036752
0.035207
0.033469
0.031558
0.029488
0.027276
0.024938
0.022488
0.019941
0.017311
0.014610
0.011851
0.009045
0.006204
0.003339
0.000460
-0.002423
-0.005300
-0.008162
-0.011000
-0.013805
-0.016570
-0.019286
-0.021945
-0.024539
-0.027060
-0.029502
-0.031856
-0.034116
-0.036274
-0.038322
-0.040255
-0.042065
-0.043744
-0.045285
-0.046683
-0.047928
-0.049016
-0.049937
-0.050686
-0.051255
-0.051638
-0.051827
-0.051816
-0.051599
-0.051169
-0.050520
-0.049647
-0.048544
-0.047208
-0.045635
-0.043823
-0.041770
-0.039478
-0.036948
-0.034185
-0.031196
-0.027991
-0.024583
-0.020988
-0.017228
-0.013327
-0.009313
-0.005220
-0.001083
0.003057
0.007159
0.011180
0.015077
0.018807
0.022331
0.025614
0.028623
0.031333
0.033725
0.035783
0.037499
0.038871
0.039901
0.040594
0.040959
0.041010
0.040761
0.040227
0.039426
0.038376
0.037093
0.035597
0.033904
0.032033
0.029999
0.027820
0.025511
0.023087
0.020562
0.017951
0.015266
0.012519
0.009724
0.006890
0.004030
0.001154
-0.001729
-0.004608
-0.007475
-0.010319
-0.013134
-0.015909
-0.018637
-0.021310
-0.023921
-0.026460
-0.028922
-0.031298
-0.033581
-0.035764
-0.037840
-0.039801
-0.041641
-0.043352
-0.044927
-0.046360
-0.047643
-0.048769
-0.049731
-0.050522
-0.051135
-0.051563
-0.051799
-0.051837
-0.051670
-0.051292
-0.050696
-0.049877
-0.048830
-0.047551
-0.046035
-0.044281
-0.042286
-0.040051
-0.037578
-0.034871
-0.031935
-0.028781
-0.025420
-0.021869
-0.018147
-0.014277
-0.010287
-0.006210
-0.002081
0.002063
0.006178
0.010223
0.014153
0.017927
0.021505
0.024848
0.027926
0.030710
0.033180
0.035319
0.037118
0.038573
0.039684
0.040457
0.040901
0.041026
0.040848
0.040381
0.039642
0.038650
0.037421
0.035975
0.034328
0.032498
0.030502
0.028356
0.026077
0.023679
0.021178
0.018586
0.015917
0.013184
0.010399
0.007574
0.004719
0.001846
-0.001036
-0.003917
-0.006787
-0.009638
-0.012460
-0.015246
-0.017986
-0.020673
-0.023299
-0.025857
-0.028338
-0.030735
-0.033041
-0.035249
-0.037351
-0.039340
-0.041210
-0.042952
-0.044561
-0.046029
-0.047348
-0.048513
-0.049515
-0.050347
-0.051004
-0.051477
-0.051760
-0.051847
-0.051730
-0.051402
-0.050859
-0.050095
-0.049103
-0.047880
-0.046421
-0.044724
-0.042787
-0.040610
-0.038194
-0.035542
-0.032661
-0.029558
-0.026246
-0.022739
-0.019056
-0.015219
-0.011256
-0.007196
-0.003076
0.001068
0.005194
0.009259
0.013221
0.017037
0.020665
0.024068
0.027212
0.030069
0.032615
0.034835
0.036717
0.038254
0.039448
0.040302
0.040823
0.041024
0.040917
0.040518
0.039843
0.038910
0.037737
0.036341
0.034740
0.032953
0.030995
0.028884
0.026636
0.024265
0.021787
0.019216
0.016564
0.013846
0.011072
0.008256
0.005407
0.002537
-0.000344
-0.003226
-0.006100
-0.008956
-0.011786
-0.014581
-0.017333
-0.020033
-0.022675
-0.025249
-0.027749
-0.030167
-0.032496
-0.034728
-0.036856
-0.038873
-0.040772
-0.042546
-0.044188
-0.045690
-0.047046
-0.048248
-0.049290
-0.050164
-0.050863
-0.051381
-0.051711
-0.051845
-0.051777
-0.051501
-0.051010
-0.050299
-0.049363
-0.048195
-0.046794
-0.045154
-0.043275
-0.041155
-0.038796
-0.036201
-0.033374
-0.030324
-0.027061
-0.023599
-0.019956
-0.016154
-0.012218
-0.008179
-0.004070
0.000072
0.004206
0.008290
0.012280
0.016135
0.019812
0.023272
0.026481
0.029409
0.032032
0.034332
0.036295
0.037916
0.039192
0.040126
0.040727
0.041004
0.040969
0.040639
0.040029
0.039156
0.038039
0.036695
0.035142
0.033398
0.031480
0.029404
0.027187
0.024845
0.022391
0.019841
0.017207
0.014504
0.011743
0.008935
0.006093
0.003228
0.000349
-0.002534
-0.005411
-0.008272
-0.011109
-0.013913
-0.016676
-0.019390
-0.022046
-0.024638
-0.027156
-0.029595
-0.031946
-0.034202
-0.036355
-0.038400
-0.040328
-0.042133
