-0.044605
-0.044562
-0.044514
-0.044461
-0.044403
-0.044339
-0.044270
-0.044196
-0.044117
-0.044033
-0.043944
-0.043849
-0.043750
-0.043645
-0.043535
-0.043421
-0.043301
-0.043176
-0.043046
-0.042911
-0.042771
-0.042626
-0.042476
-0.042321
-0.042161
-0.041996
-0.041826
-0.041651
-0.041472
-0.041288
-0.041098
-0.040904
-0.040706
-0.040502
-0.040294
-0.040081
-0.039864
-0.039642
-0.039415
-0.039183
-0.038948
-0.038707
-0.038462
-0.038213
-0.037959
-0.037701
-0.037438
-0.037171
-0.036900
-0.036625
-0.036345
-0.036061
-0.035773
-0.035481
-0.035185
-0.034885
-0.034581
-0.034272
-0.033960
-0.033644
-0.033325
-0.033001
-0.032674
-0.032343
-0.032008
-0.031670
-0.031328
-0.030982
-0.030633
-0.030281
-0.029925
-0.029566
-0.029204
-0.028838
-0.028469
-0.028097
-0.027721
-0.027343
-0.026962
-0.026577
-0.026190
-0.025800
-0.025407
-0.025011
-0.024612
-0.024211
-0.023807
-0.023400
-0.022991
-0.022580
-0.022166
-0.021749
-0.021330
-0.020909
-0.020486
-0.020060
-0.019632
-0.019203
-0.018771
-0.018337
-0.017901
-0.017463
-0.017024
-0.016582
-0.016139
-0.015694
-0.015248
-0.014800
-0.014350
-0.013899
-0.013446
-0.012992
-0.012537
-0.012081
-0.011623
-0.011164
-0.010703
-0.010242
-0.009780
-0.009317
-0.008852
-0.008387
-0.007921
-0.007454
-0.006987
-0.006518
-0.006049
-0.005580
-0.005110
-0.004639
-0.004168
-0.003697
-0.003225
-0.002753
-0.002280
-0.001808
-0.001335
-0.000862
-0.000389
0.000084
0.000557
0.001030
0.001503
0.001976
0.002448
0.002921
0.003393
0.003864
0.004336
0.004807
0.005277
0.005747
0.006217
0.006686
0.007154
0.007621
0.008088
0.008554
0.009020
0.009484
0.009948
0.010411
0.010872
0.011333
0.011793
0.012252
0.012709
0.013166
0.013621
0.014075
0.014528
0.014980
0.015430
0.015879
0.016326
0.016772
0.017216
0.017659
0.018101
0.018541
0.018979
0.019416
0.019851
0.020284
0.020715
0.021145
0.021573
0.021999
0.022423
0.022845
0.023266
0.023684
0.024100
0.024515
0.024927
0.025337
0.025745
0.026151
0.026555
0.026957
0.027356
0.027753
0.028148
0.028540
0.028931
0.029318
0.029704
0.030087
0.030467
0.030846
0.031221
0.031594
0.031965
0.032333
0.032698
0.033061
0.033421
0.033779
0.034134
0.034486
0.034835
0.035182
0.035526
0.035867
0.036206
0.036541
0.036874
0.037204
0.037531
0.037855
0.038176
0.038494
0.038810
0.039122
0.039431
0.039738
0.040041
0.040341
0.040639
0.040933
0.041224
0.041512
0.041797
0.042078
0.042357
0.042632
0.042904
0.043173
0.043439
0.043702
0.043961
0.044217
0.044470
0.044720
0.044966
0.045209
0.045449
0.045685
0.045918
0.046148
0.046374
0.046597
0.046817
0.047033
0.047246
0.047455
0.047661
0.047864
0.048063
0.048259
0.048451
0.048640
0.048825
0.049007
0.049185
0.049360
0.049532
0.049700
0.049864
0.050025
0.050182
0.050336
0.050486
0.050633
0.050776
0.050916
0.051052
0.051185
0.051314
0.051439
0.051561
0.051679
0.051794
0.051905
0.052012
0.052116
0.052217
0.052313
0.052406
0.052496
0.052582
0.052664
0.052743
0.052818
0.052889
0.052957
0.053021
0.053082
0.053139
0.053192
0.053242
0.053288
0.053330
0.053369
0.053405
0.053436
0.053464
0.053489
0.053509
0.053527
0.053540
0.053550
0.053556
0.053559
0.053558
0.053554
0.053546
0.053534
0.053519
0.053500
0.053477
0.053451
0.053422
0.053389
0.053352
0.053311
0.053268
0.053220
0.053169
0.053114
0.053056
0.052995
0.052929
0.052861
0.052788
0.052712
0.052633
0.052550
0.052464
0.052374
0.052281
0.052184
0.052084
0.051980
0.051873
0.051762
0.051648
0.051530
0.051409
0.051285
0.051157
0.051026
0.050891
0.050753
0.050612
0.050467
0.050319
0.050167
0.050012
0.049854
0.049693
0.049528
0.049360
0.049188
0.049013
0.048835
0.048654
0.048470
0.048282
0.048091
0.047897
0.047699
0.047499
0.047295
0.047088
0.046878
0.046664
0.046448
0.046228
0.046006
0.045780
0.045551
0.045319
0.045084
0.044846
0.044605
0.044361
0.044114
0.043864
0.043611
0.043355
0.043097
0.042835
0.042570
0.042303
0.042032
0.041759
0.041483
0.041204
0.040922
0.040637
0.040350
0.040060
0.039767
0.039471
0.039173
0.038872
0.038568
0.038262
0.037953
0.037641
0.037327
0.037010
0.036690
0.036369
0.036044
0.035717
0.035388
0.035056
0.034721
0.034385
0.034045
0.033704
0.033360
0.033014
0.032665
0.032314
0.031961
0.031605
0.031248
0.030888
0.030526
0.030161
0.029795
0.029426
0.029056
0.028683
0.028308
0.027931
0.027552
0.027171
0.026789
0.026404
0.026017
0.025629
0.025238
0.024846
0.024452
0.024056
0.023659
0.023259
0.022858
0.022456
0.022051
0.021645
0.021238
0.020829
0.020418
0.020006
0.019592
0.019177
0.018760
0.018342
0.017923
0.017502
0.017080
0.016657
0.016232
0.015806
0.015379
0.014951
0.014521
0.014091
0.013659
0.013227
0.012793
0.012358
0.011923
0.011486
0.011049
0.010611
0.010171
0.009732
0.009291
0.008849
0.008407
0.007965
0.007521
0.007077
0.006633
0.006188
0.005742
0.005296
0.004849
0.004403
0.003955
0.003508
0.003060
0.002612
0.002164
0.001715
0.001267
0.000818
0.000369
-0.000080
-0.000529
-0.000977
-0.001426
-0.001875
-0.002323
-0.002771
-0.003219
-0.003667
-0.004115
-0.004562
-0.005008
-0.005455
-0.005901
-0.006346
-0.006791
-0.007235
-0.007679
-0.008122
-0.008564
-0.009005
-0.009446
-0.009886
-0.010325
-0.010763
-0.011200
-0.011637
-0.012072
-0.012506
-0.012939
-0.013371
-0.013802
-0.014231
-0.014659
-0.015086
-0.015512
-0.015936
-0.016359
-0.016780
-0.017200
-0.017618
-0.018034
-0.018449
-0.018862
-0.019274
-0.019683
-0.020091
-0.020497
-0.020901
-0.021304
-0.021704
-0.022102
-0.022498
-0.022892
-0.023284
-0.023673
-0.024060
-0.024445
-0.024828
-0.025208
-0.025586
-0.025962
-0.026335
-0.026705
-0.027073
-0.027438
-0.027800
-0.028160
-0.028517
-0.028871
-0.029223
-0.029571
-0.029917
-0.030259
-0.030599
-0.030935
-0.031269
-0.031599
-0.031926
-0.032250
-0.032570
-0.032888
-0.033202
-0.033512
-0.033820
-0.034123
-0.034423
-0.034720
-0.035013
-0.035303
-0.035589
-0.035871
-0.036149
-0.036424
-0.036695
-0.036962
-0.037225
-0.037484
-0.037739
-0.037990
-0.038238
-0.038481
-0.038720
-0.038955
-0.039186
-0.039412
-0.039635
-0.039853
-0.040067
-0.040276
-0.040481
-0.040682
-0.040878
-0.041070
-0.041258
-0.041441
-0.041619
-0.041793
-0.041962
-0.042127
-0.042287
-0.042442
-0.042593
-0.042739
-0.042880
-0.043016
-0.043148
-0.043275
-0.043397
-0.043514
-0.043626
-0.043734
-0.043836
-0.043934
-0.044026
-0.044114
-0.044196
-0.044274
-0.044347
-0.044414
-0.044477
-0.044534
-0.044587
-0.044634
-0.044676
-0.044713
-0.044745
-0.044772
-0.044794
-0.044811
-0.044822
-0.044828
-0.044830
-0.044826
-0.044816
-0.044802
-0.044782
-0.044758
-0.044728
-0.044693
-0.044653
-0.044607
-0.044557
-0.044501
-0.044440
-0.044374
-0.044303
-0.044226
-0.044145
-0.044058
-0.043966
-0.043870
-0.043768
-0.043660
-0.043548
-0.043431
-0.043309
-0.043181
-0.043049
-0.042911
-0.042769
-0.042622
-0.042469
-0.042312
-0.042150
-0.041982
-0.041810
-0.041633
-0.041452
-0.041265
-0.041074
-0.040877
-0.040676
-0.040471
-0.040260
-0.040045
-0.039826
-0.039601
-0.039372
-0.039139
-0.038901
-0.038658
-0.038411
-0.038160
-0.037904
-0.037644
-0.037379
-0.037110
-0.036837
-0.036560
-0.036278
-0.035992
-0.035702
-0.035408
-0.035110
-0.034808
-0.034502
-0.034192
-0.033879
-0.033561
-0.033239
-0.032914
-0.032585
-0.032252
-0.031916
-0.031576
-0.031232
-0.030885
-0.030535
-0.030181
-0.029824
-0.029463
-0.029099
-0.028732
-0.028361
-0.027988
-0.027611
-0.027231
-0.026849
-0.026463
-0.026074
-0.025683
-0.025289
-0.024892
-0.024492
-0.024089
-0.023684
-0.023277
-0.022866
-0.022454
-0.022039
-0.021621
-0.021201
-0.020779
-0.020355
-0.019928
-0.019500
-0.019069
-0.018636
-0.018202
-0.017765
-0.017327
-0.016886
-0.016444
-0.016000
-0.015555
-0.015108
-0.014659
-0.014209
-0.013757
-0.013304
-0.012850
-0.012394
-0.011937
-0.011479
-0.011019
-0.010559
-0.010097
-0.009634
-0.009171
-0.008706
-0.008241
-0.007774
-0.007307
-0.006840
-0.006371
-0.005902
-0.005433
-0.004962
-0.004492
-0.004021
-0.003549
-0.003077
-0.002605
-0.002133
-0.001660
-0.001188
-0.000715
-0.000242
0.000231
0.000704
0.001176
0.001649
0.002122
0.002594
0.003066
0.003537
0.004009
0.004480
0.004950
0.005420
0.005890
0.006359
0.006827
0.007295
0.007762
0.008228
0.008694
0.009159
0.009623
0.010086
0.010548
0.011009
0.011469
0.011928
0.012386
0.012843
0.013298
0.013753
0.014206
0.014658
0.015109
0.015558
0.016006
0.016452
0.016897
0.017341
0.017783
0.018223
0.018662
0.019100
0.019535
0.019969
0.020401
0.020831
0.021260
0.021687
0.022112
0.022535
0.022956
0.023375
0.023792
0.024207
0.024620
0.025031
0.025440
0.025847
0.026252
0.026654
0.027054
0.027452
0.027848
0.028242
0.028633
0.029021
0.029408
0.029792
0.030173
0.030553
0.030929
0.031303
0.031675
0.032044
0.032411
0.032774
0.033136
0.033494
0.033850
0.034204
0.034554
0.034902
0.035247
0.035590
0.035929
0.036266
0.036600
0.036931
0.037259
0.037584
0.037907
0.038226
0.038543
0.038856
0.039167
0.039475
0.039779
0.040081
0.040379
0.040675
0.040967
0.041256
0.041542
0.041825
0.042105
0.042382
0.042656
0.042926
0.043193
0.043457
0.043718
0.043975
0.044229
0.044480
0.044728
0.044973
0.045214
0.045451
0.045686
0.045917
0.046145
0.046369
0.046590
0.046808
0.047022
0.047233
0.047441
0.047645
0.047845
0.048042
0.048236
0.048426
0.048613
0.048797
0.048977
0.049153
0.049326
0.049495
0.049661
0.049824
0.049982
0.050138
0.050290
0.050438
0.050583
0.050724
0.050861
0.050996
0.051126
0.051253
0.051376
0.051496
0.051612
0.051725
0.051834
0.051940
0.052041
0.052140
0.052234
0.052325
0.052413
0.052497
0.052577
0.052654
0.052727
0.052796
0.052862
0.052924
0.052982
0.053037
0.053089
0.053136
0.053181
0.053221
0.053258
0.053291
0.053321
0.053347
0.053369
0.053388
0.053403
0.053414
0.053422
0.053427
0.053427
0.053425
0.053418
0.053408
0.053394
0.053377
0.053356
0.053332
0.053304
0.053272
0.053237
0.053198
0.053156
0.053110
0.053060
0.053007
0.052951
0.052891
0.052827
0.052760
0.052689
0.052615
0.052537
0.052456
0.052371
0.052283
0.052191
0.052096
0.051997
0.051895
0.051789
0.051680
0.051567
0.051451
0.051332
0.051209
0.051082
0.050953
0.050820
0.050683
0.050543
0.050400
0.050253
0.050103
0.049950
0.049793
0.049633
0.049470
0.049303
0.049133
0.048960
0.048783
0.048603
0.048420
0.048234
0.048044
0.047852
0.047656
0.047456
0.047254
0.047048
0.046840
0.046628
0.046413
0.046195
0.045973
0.045749
0.045522
0.045291
0.045058
0.044821
0.044581
0.044339
0.044093
0.043844
0.043593
0.043338
0.043080
0.042820
0.042557
0.042290
0.042021
0.041749
0.041474
0.041196
0.040916
0.040632
0.040346
0.040057
0.039766
0.039471
0.039174
0.038874
0.038572
0.038266
0.037959
0.037648
0.037335
0.037019
0.036701
0.036380
0.036057
0.035731
0.035403
0.035072
0.034739
0.034403
0.034065
0.033724
0.033381
0.033036
0.032688
0.032338
0.031986
0.031632
0.031275
0.030916
0.030555
0.030191
0.029826
0.029458
0.029089
0.028717
0.028343
0.027967
0.027589
0.027209
0.026827
0.026443
0.026057
0.025669
0.025280
0.024888
0.024495
0.024100
0.023703
0.023305
0.022904
0.022502
0.022099
0.021693
0.021286
0.020878
0.020468
0.020056
0.019643
0.019228
0.018812
0.018395
0.017976
0.017556
0.017134
0.016711
0.016287
0.015862
0.015435
0.015007
0.014579
0.014148
0.013717
0.013285
0.012852
0.012417
0.011982
0.011546
0.011109
0.010671
0.010232
0.009792
0.009352
0.008911
0.008469
0.008026
0.007583
0.007139
0.006695
0.006250
0.005804
0.005358
0.004912
0.004465
0.004018
0.003570
0.003123
0.002675
0.002226
0.001778
0.001329
0.000880
0.000431
-0.000018
-0.000467
-0.000916
-0.001365
-0.001813
-0.002262
-0.002710
-0.003159
-0.003607
-0.004054
-0.004502
-0.004949
-0.005396
-0.005842
-0.006288
-0.006733
-0.007177
-0.007621
-0.008065
-0.008508
-0.008950
-0.009391
-0.009831
-0.010271
-0.010710
-0.011148
-0.011584
-0.012020
-0.012455
-0.012889
-0.013321
-0.013753
-0.014183
-0.014612
-0.015040
-0.015466
-0.015891
-0.016315
-0.016737
-0.017157
-0.017576
-0.017994
-0.018410
-0.018824
-0.019236
-0.019647
-0.020056
-0.020463
-0.020868
-0.021271
-0.021673
-0.022072
-0.022469
-0.022864
-0.023257
-0.023648
-0.024037
-0.024423
-0.024807
-0.025188
-0.025568
-0.025944
-0.026319
-0.026690
-0.027059
-0.027426
-0.027790
-0.028151
-0.028510
-0.028865
-0.029218
-0.029568
-0.029915
-0.030259
-0.030600
-0.030939
-0.031274
-0.031605
-0.031934
-0.032260
-0.032582
-0.032901
-0.033217
-0.033529
-0.033838
-0.034144
-0.034446
-0.034744
-0.035039
-0.035330
-0.035618
-0.035902
-0.036182
-0.036459
-0.036732
-0.037001
-0.037266
-0.037527
-0.037784
-0.038038
-0.038287
-0.038532
-0.038773
-0.039010
-0.039243
-0.039472
-0.039696
-0.039917
-0.040133
-0.040344
-0.040552
-0.040755
-0.040953
-0.041147
-0.041337
-0.041522
-0.041703
-0.041879
-0.042050
-0.042217
-0.042380
-0.042537
-0.042690
-0.042839
-0.042982
-0.043121
-0.043255
-0.043384
-0.043508
-0.043628
-0.043743
-0.043852
-0.043957
-0.044057
-0.044152
-0.044242
-0.044327
-0.044407
-0.044483
-0.044553
-0.044618
-0.044678
-0.044732
-0.044782
-0.044827
-0.044867
-0.044901
-0.044930
-0.044955
-0.044974
-0.044988
-0.044997
-0.045000
-0.044999
-0.044992
-0.044980
-0.044963
-0.044941
-0.044914
-0.044881
-0.044844
-0.044801
-0.044753
-0.044699
-0.044641
-0.044577
-0.044509
-0.044435
-0.044356
-0.044272
-0.044182
-0.044088
-0.043988
-0.043884
-0.043774
-0.043659
-0.043539
-0.043415
-0.043285
-0.043150
-0.043010
-0.042865
-0.042715
-0.042560
-0.042400
-0.042235
-0.042065
-0.041891
-0.041711
-0.041527
-0.041338
-0.041144
-0.040946
-0.040742
-0.040534
-0.040321
-0.040104
-0.039882
-0.039655
-0.039424
-0.039188
-0.038948
-0.038703
-0.038454
-0.038200
-0.037942
-0.037680
-0.037413
-0.037142
-0.036867
-0.036587
-0.036303
-0.036016
-0.035724
-0.035428
-0.035128
-0.034824
-0.034516
-0.034204
-0.033888
-0.033568
-0.033245
-0.032918
-0.032587
-0.032252
-0.031914
-0.031573
-0.031227
-0.030879
-0.030527
-0.030171
-0.029812
-0.029450
-0.029084
-0.028716
-0.028344
-0.027969
-0.027590
-0.027209
-0.026825
-0.026438
-0.026048
-0.025655
-0.025260
-0.024861
-0.024460
-0.024057
-0.023650
-0.023242
-0.022830
-0.022417
-0.022000
-0.021582
-0.021161
-0.020738
-0.020313
-0.019885
-0.019456
-0.019024
-0.018591
-0.018155
-0.017718
-0.017278
-0.016837
-0.016395
-0.015950
-0.015504
-0.015056
-0.014607
-0.014156
-0.013704
-0.013250
-0.012795
-0.012339
-0.011882
-0.011423
-0.010963
-0.010502
-0.010040
-0.009577
-0.009114
-0.008649
-0.008183
-0.007717
-0.007250
-0.006782
-0.006313
-0.005844
-0.005374
-0.004904
-0.004434
-0.003962
-0.003491
-0.003019
-0.002547
-0.002075
-0.001603
-0.001130
-0.000658
-0.000185
0.000288
0.000760
0.001233
0.001705
0.002177
0.002649
0.003121
0.003592
0.004063
0.004533
0.005003
0.005473
0.005942
0.006410
0.006878
0.007345
0.007812
0.008277
0.008742
0.009206
0.009669
0.010132
0.010593
0.011053
0.011513
0.011971
0.012428
0.012884
0.013339
0.013792
0.014245
0.014696
0.015145
0.015594
0.016041
0.016486
0.016930
0.017373
0.017814
0.018253
0.018691
0.019127
0.019561
0.019994
0.020425
0.020854
0.021282
0.021707
0.022131
0.022553
0.022973
0.023391
0.023806
0.024220
0.024632
0.025042
0.025449
0.025855
0.026258
0.026659
0.027058
0.027455
0.027849
0.028241
0.028631
0.029018
0.029403
0.029785
0.030165
0.030543
0.030918
0.031291
0.031661
0.032028
0.032393
0.032756
0.033115
0.033472
0.033827
0.034178
0.034527
0.034874
0.035217
0.035558
0.035896
0.036231
0.036563
0.036892
0.037219
0.037543
0.037863
0.038181
0.038496
0.038808
0.039116
0.039422
0.039725
0.040025
0.040322
0.040615
0.040906
0.041193
0.041478
0.041759
0.042037
0.042312
0.042583
0.042852
0.043117
0.043379
0.043638
0.043894
0.044146
0.044395
0.044641
0.044884
0.045123
0.045359
0.045591
0.045821
0.046046
0.046269
0.046488
0.046704
0.046916
0.047125
0.047331
0.047533
0.047731
0.047927
0.048119
0.048307
0.048492
0.048673
0.048851
0.049026
0.049196
0.049364
0.049528
0.049688
0.049845
0.049999
0.050148
0.050295
0.050437
0.050577
0.050712
0.050844
0.050973
0.051098
0.051219
0.051337
0.051451
0.051562
0.051669
0.051772
0.051872
0.051969
0.052061
0.052150
0.052236
0.052318
0.052396
0.052470
0.052541
0.052609
0.052673
0.052733
0.052789
0.052842
0.052892
0.052937
0.052979
0.053018
0.053053
0.053084
0.053112
0.053136
0.053156
0.053173
0.053186
0.053196
0.053202
0.053204
0.053203
0.053198
0.053189
0.053177
0.053162
0.053142
0.053120
0.053093
0.053063
0.053030
0.052992
0.052952
0.052908
0.052860
0.052808
0.052753
0.052695
0.052633
0.052567
0.052498
0.052426
0.052349
0.052270
0.052187
0.052100
0.052010
0.051916
0.051819
0.051718
0.051614
0.051507
0.051396
0.051281
0.051163
0.051042
0.050917
0.050789
0.050658
0.050523
0.050385
0.050243
0.050098
0.049949
0.049797
0.049642
0.049484
0.049322
0.049157
0.048989
0.048817
0.048642
0.048464
0.048282
0.048097
0.047909
0.047718
0.047524
0.047326
0.047125
0.046921
0.046714
0.046504
0.046290
0.046073
0.045854
0.045631
0.045405
0.045176
0.044944
0.044709
0.044470
0.044229
0.043985
0.043738
0.043488
0.043234
0.042978
0.042719
0.042457
0.042192
0.041925
0.041654
0.041381
0.041104
0.040825
0.040543
0.040258
0.039971
0.039680
0.039387
0.039092
0.038793
0.038492
0.038188
0.037881
0.037572
0.037261
0.036946
0.036629
0.036310
0.035988
0.035663
0.035336
0.035006
0.034674
0.034340
0.034003
0.033664
0.033322
0.032978
0.032632
0.032283
0.031932
0.031579
0.031223
0.030865
0.030505
0.030143
0.029779
0.029412
0.029043
0.028673
0.028300
0.027925
0.027548
0.027169
0.026788
0.026405
0.026021
0.025634
0.025245
0.024855
0.024463
0.024069
0.023673
0.023275
0.022876
0.022475
0.022072
0.021667
0.021261
0.020854
0.020445
0.020034
0.019622
0.019208
0.018793
0.018376
0.017958
0.017538
0.017118
0.016696
0.016272
0.015848
0.015422
0.014995
0.014566
0.014137
0.013706
0.013275
0.012842
0.012409
0.011974
0.011538
0.011102
0.010664
0.010226
0.009787
0.009347
0.008906
0.008465
0.008023
0.007580
0.007137
0.006693
0.006248
0.005803
0.005357
0.004911
0.004465
0.004018
0.003571
0.003123
0.002675
0.002227
0.001779
0.001331
0.000882
0.000433
-0.000015
-0.000464
-0.000913
-0.001362
-0.001811
-0.002259
-0.002708
-0.003156
-0.003604
-0.004052
-0.004499
-0.004946
-0.005393
-0.005839
-0.006285
-0.006730
-0.007175
-0.007619
-0.008063
-0.008506
-0.008948
-0.009390
-0.009830
-0.010270
-0.010709
-0.011147
-0.011585
-0.012021
-0.012456
-0.012890
-0.013323
-0.013755
-0.014186
-0.014615
-0.015043
-0.015470
-0.015896
-0.016320
-0.016743
-0.017164
-0.017584
-0.018002
-0.018418
-0.018833
-0.019246
-0.019658
-0.020067
-0.020475
-0.020881
-0.021285
-0.021687
-0.022088
-0.022486
-0.022882
-0.023276
-0.023667
-0.024057
-0.024444
-0.024829
-0.025212
-0.025592
-0.025970
-0.026345
-0.026718
-0.027089
-0.027456
-0.027822
-0.028184
-0.028544
-0.028901
-0.029255
-0.029606
-0.029955
-0.030300
-0.030643
-0.030982
-0.031319
-0.031652
-0.031982
-0.032309
-0.032633
-0.032954
-0.033271
-0.033585
-0.033896
-0.034203
-0.034507
-0.034807
-0.035103
-0.035396
-0.035686
-0.035972
-0.036254
-0.036532
-0.036807
-0.037078
-0.037345
-0.037608
-0.037867
-0.038122
-0.038373
-0.038620
-0.038864
-0.039103
-0.039338
-0.039568
-0.039795
-0.040017
-0.040235
-0.040449
-0.040659
-0.040864
-0.041064
-0.041261
-0.041453
-0.041640
-0.041823
-0.042001
-0.042175
-0.042344
-0.042509
-0.042669
-0.042824
-0.042974
-0.043120
-0.043261
-0.043398
-0.043529
-0.043656
-0.043778
-0.043895
-0.044007
-0.044114
-0.044217
-0.044314
-0.044407
-0.044494
-0.044577
-0.044654
-0.044727
-0.044794
-0.044857
-0.044914
-0.044966
-0.045013
-0.045056
-0.045093
-0.045124
-0.045151
-0.045173
-0.045189
-0.045201
-0.045207
-0.045208
-0.045204
-0.045194
-0.045180
-0.045160
-0.045135
-0.045105
-0.045070
-0.045030
-0.044984
-0.044934
-0.044878
-0.044817
-0.044750
-0.044679
-0.044602
-0.044521
-0.044434
-0.044342
-0.044245
-0.044143
-0.044035
-0.043923
-0.043806
-0.043683
-0.043556
-0.043423
-0.043285
-0.043143
-0.042995
-0.042843
-0.042685
-0.042523
-0.042355
-0.042183
-0.042006
-0.041824
-0.041637
-0.041445
-0.041249
-0.041048
-0.040842
-0.040631
-0.040416
-0.040196
-0.039972
-0.039742
-0.039509
-0.039271
-0.039028
-0.038781
-0.038529
-0.038273
-0.038013
-0.037748
-0.037479
-0.037205
-0.036928
-0.036646
-0.036360
-0.036070
-0.035776
-0.035478
-0.035175
-0.034869
-0.034559
-0.034245
-0.033927
-0.033605
-0.033280
-0.032951
-0.032618
-0.032281
-0.031941
-0.031598
-0.031250
-0.030900
-0.030546
-0.030188
-0.029827
-0.029463
-0.029096
-0.028725
-0.028352
-0.027975
-0.027595
-0.027212
-0.026826
-0.026438
-0.026046
-0.025652
-0.025255
-0.024855
-0.024452
-0.024047
-0.023639
-0.023229
-0.022816
-0.022401
-0.021983
-0.021563
-0.021141
-0.020717
-0.020290
-0.019862
-0.019431
-0.018998
-0.018563
-0.018127
-0.017688
-0.017248
-0.016806
-0.016362
-0.015916
-0.015469
-0.015021
-0.014570
-0.014119
-0.013666
-0.013211
-0.012755
-0.012298
-0.011840
-0.011381
-0.010920
-0.010459
-0.009996
-0.009532
-0.009068
-0.008602
-0.008136
-0.007669
-0.007202
-0.006733
-0.006264
-0.005795
-0.005325
-0.004854
-0.004383
-0.003912
-0.003440
-0.002968
-0.002496
-0.002023
-0.001551
-0.001078
-0.000605
-0.000133
0.000340
0.000813
0.001285
0.001758
0.002230
0.002702
0.003173
0.003644
0.004115
0.004586
0.005055
0.005525
0.005994
0.006462
0.006929
0.007396
0.007862
0.008328
0.008792
0.009256
0.009719
0.010181
0.010642
0.011101
0.011560
0.012018
0.012475
0.012930
0.013384
0.013837
0.014289
0.014739
0.015189
0.015636
0.016082
0.016527
0.016970
0.017412
0.017852
0.018291
0.018728
0.019163
0.019597
0.020029
0.020459
0.020887
0.021314
0.021738
0.022161
0.022582
0.023001
0.023417
0.023832
0.024245
0.024656
0.025064
0.025471
0.025875
0.026277
0.026677
0.027075
0.027471
0.027864
0.028254
0.028643
0.029029
0.029413
0.029794
0.030173
0.030549
0.030923
0.031294
0.031663
0.032029
0.032393
0.032754
0.033112
0.033467
0.033820
0.034171
0.034518
0.034863
0.035205
0.035544
0.035881
0.036214
0.036545
0.036873
0.037198
0.037520
0.037839
0.038155
0.038468
0.038779
0.039086
0.039390
0.039691
0.039989
0.040284
0.040576
0.040865
0.041151
0.041434
0.041713
0.041990
0.042263
0.042533
0.042800
0.043063
0.043324
0.043581
0.043835
0.044085
0.044333
0.044577
0.044817
0.045055
0.045289
0.045520
0.045747
0.045971
0.046192
0.046409
0.046623
0.046834
0.047041
0.047245
0.047445
0.047642
0.047835
0.048025
0.048211
0.048394
0.048574
0.048750
0.048923
0.049092
0.049257
0.049419
0.049578
0.049733
0.049884
0.050032
0.050177
0.050317
0.050455
0.050588
0.050719
0.050845
0.050968
0.051088
0.051204
0.051316
0.051425
0.051530
0.051631
0.051729
0.051823
0.051914
0.052001
0.052085
0.052165
0.052241
0.052314
0.052383
0.052448
0.052510
0.052568
0.052623
0.052674
0.052721
0.052765
0.052805
0.052842
0.052875
0.052904
0.052930
0.052952
0.052970
0.052985
0.052996
0.053004
0.053008
0.053008
0.053005
0.052998
0.052988
0.052974
0.052956
0.052935
0.052911
0.052882
0.052850
0.052815
0.052776
0.052733
0.052687
0.052637
0.052584
0.052527
0.052467
0.052403
0.052335
0.052264
0.052190
0.052112
0.052030
0.051945
0.051857
0.051765
0.051669
0.051570
0.051468
0.051362
0.051253
0.051140
0.051024
0.050904
0.050781
0.050654
0.050524
0.050391
0.050254
0.050114
0.049971
0.049824
0.049673
0.049520
0.049363
0.049203
0.049039
0.048872
0.048702
0.048529
0.048352
0.048172
0.047989
0.047802
0.047613
0.047420
0.047224
0.047024
0.046822
0.046616
0.046407
0.046195
0.045980
0.045762
0.045540
0.045316
0.045088
0.044858
0.044624
0.044387
0.044147
0.043905
0.043659
0.043410
0.043158
0.042904
0.042646
0.042385
0.042122
0.041856
0.041586
0.041314
0.041039
0.040761
0.040481
0.040197
0.039911
0.039622
0.039330
0.039036
0.038739
0.038439
0.038136
0.037831
0.037523
0.037213
0.036900
0.036584
0.036266
0.035945
0.035622
0.035296
0.034967
0.034637
0.034303
0.033968
0.033630
0.033289
0.032946
0.032601
0.032253
0.031903
0.031551
0.031197
0.030840
0.030481
0.030120
0.029757
0.029391
0.029024
0.028654
0.028282
0.027909
0.027533
0.027155
0.026775
0.026393
0.026009
0.025624
0.025236
0.024847
0.024455
0.024062
0.023667
0.023270
0.022872
0.022472
0.022070
0.021666
0.021261
0.020854
0.020446
0.020036
0.019625
0.019212
0.018797
0.018381
0.017964
0.017546
0.017126
0.016704
0.016281
0.015858
0.015432
0.015006
0.014578
0.014150
0.013720
0.013289
0.012857
0.012424
0.011990
0.011555
0.011119
0.010682
0.010244
0.009806
0.009366
0.008926
0.008485
0.008043
0.007601
0.007158
0.006715
0.006270
0.005826
0.005381
0.004935
0.004489
0.004042
0.003595
0.003148
0.002701
0.002253
0.001805
0.001357
0.000908
0.000460
0.000011
-0.000438
-0.000886
-0.001335
-0.001783
-0.002232
-0.002680
-0.003128
-0.003576
-0.004024
-0.004471
-0.004918
-0.005365
-0.005811
-0.006257
-0.006703
-0.007148
-0.007592
-0.008036
-0.008479
-0.008921
-0.009363
-0.009804
-0.010244
-0.010683
-0.011121
-0.011559
-0.011995
-0.012431
-0.012865
-0.013299
-0.013731
-0.014162
-0.014592
-0.015020
-0.015448
-0.015874
-0.016298
-0.016721
-0.017143
-0.017563
-0.017982
-0.018399
-0.018815
-0.019228
-0.019640
-0.020051
-0.020459
-0.020866
-0.021271
-0.021674
-0.022074
-0.022473
-0.022870
-0.023265
-0.023657
-0.024048
-0.024436
-0.024822
-0.025205
-0.025587
-0.025966
-0.026342
-0.026716
-0.027087
-0.027456
-0.027822
-0.028186
-0.028547
-0.028905
-0.029260
-0.029612
-0.029962
-0.030309
-0.030652
-0.030993
-0.031331
-0.031666
-0.031997
-0.032326
-0.032651
-0.032973
-0.033291
-0.033607
-0.033919
-0.034227
-0.034533
-0.034834
-0.035132
-0.035427
-0.035718
-0.036005
-0.036289
-0.036569
-0.036845
-0.037118
-0.037386
-0.037651
-0.037912
-0.038169
-0.038422
-0.038671
-0.038916
-0.039157
-0.039393
-0.039626
-0.039854
-0.040079
-0.040299
-0.040514
-0.040726
-0.040933
-0.041135
-0.041334
-0.041528
-0.041717
-0.041902
-0.042082
-0.042258
-0.042429
-0.042596
-0.042758
-0.042915
-0.043068
-0.043216
-0.043359
-0.043498
-0.043632
-0.043761
-0.043885
-0.044004
-0.044118
-0.044228
-0.044333
-0.044432
-0.044527
-0.044617
-0.044702
-0.044781
-0.044856
-0.044926
-0.044991
-0.045051
-0.045105
-0.045155
-0.045199
-0.045239
-0.045273
-0.045302
-0.045326
-0.045345
-0.045359
-0.045367
-0.045371
-0.045369
-0.045362
-0.045350
-0.045333
-0.045311
-0.045283
-0.045250
-0.045212
-0.045169
-0.045121
-0.045067
-0.045009
-0.044945
-0.044876
-0.044802
-0.044723
-0.044638
-0.044549
-0.044454
-0.044354
-0.044250
-0.044140
-0.044025
-0.043905
-0.043779
-0.043649
-0.043514
-0.043374
-0.043229
-0.043078
-0.042923
-0.042763
-0.042598
-0.042428
-0.042253
-0.042074
-0.041889
-0.041700
-0.041506
-0.041307
-0.041103
-0.040895
-0.040682
-0.040464
-0.040242
-0.040015
-0.039784
-0.039547
-0.039307
-0.039062
-0.038812
-0.038558
-0.038300
-0.038037
-0.037770
-0.037499
-0.037224
-0.036944
-0.036660
-0.036372
-0.036079
-0.035783
-0.035483
-0.035179
-0.034870
-0.034558
-0.034242
-0.033922
-0.033599
-0.033271
-0.032940
-0.032605
-0.032267
-0.031925
-0.031579
-0.031230
-0.030878
-0.030522
-0.030163
-0.029800
-0.029434
-0.029065
-0.028693
-0.028318
-0.027939
-0.027558
-0.027173
-0.026786
-0.026396
-0.026002
-0.025606
-0.025208
-0.024806
-0.024402
-0.023996
-0.023587
-0.023175
-0.022761
-0.022344
-0.021926
-0.021504
-0.021081
-0.020655
-0.020228
-0.019798
-0.019366
-0.018932
-0.018496
-0.018058
-0.017619
-0.017177
-0.016734
-0.016289
-0.015843
-0.015395
-0.014945
-0.014494
-0.014041
-0.013588
-0.013132
-0.012676
-0.012218
-0.011759
-0.011299
-0.010837
-0.010375
-0.009912
-0.009448
-0.008982
-0.008516
-0.008050
-0.007582
-0.007114
-0.006645
-0.006176
-0.005706
-0.005235
-0.004764
-0.004293
-0.003821
-0.003349
-0.002877
-0.002404
-0.001931
-0.001459
-0.000986
-0.000513
-0.000040
0.000433
0.000906
0.001379
0.001851
0.002323
0.002795
0.003267
0.003738
0.004209
0.004679
0.005149
0.005618
0.006087
0.006555
0.007022
0.007489
0.007955
0.008420
0.008885
0.009348
0.009811
0.010272
0.010733
0.011192
0.011651
0.012108
0.012565
0.013020
0.013474
0.013926
0.014377
0.014827
0.015276
0.015723
0.016169
0.016613
0.017056
0.017497
0.017937
0.018375
0.018811
0.019246
0.019679
0.020110
0.020539
0.020967
0.021393
0.021817
0.022239
0.022659
0.023077
0.023493
0.023907
0.024319
0.024729
0.025136
0.025542
0.025945
0.026347
0.026746
0.027143
0.027537
0.027929
0.028319
0.028706
0.029092
0.029474
0.029854
0.030232
0.030607
0.030980
0.031350
0.031718
0.032083
0.032446
0.032805
0.033163
0.033517
0.033869
0.034218
0.034564
0.034908
0.035249
0.035587
0.035922
0.036254
0.036584
0.036910
0.037234
0.037555
0.037873
0.038188
0.038499
0.038808
0.039114
0.039417
0.039717
0.040014
0.040308
0.040598
0.040886
0.041170
0.041451
0.041729
0.042004
0.042276
0.042545
0.042810
0.043072
0.043331
0.043587
0.043839
0.044088
0.044334
0.044577
0.044816
0.045052
0.045285
0.045514
0.045740
0.045962
0.046181
0.046397
0.046609
0.046818
0.047024
0.047226
0.047425
0.047620
0.047812
0.048000
0.048185
0.048366
0.048544
0.048719
0.048890
0.049057
0.049221
0.049382
0.049538
0.049692
0.049842
0.049988
0.050131
0.050270
0.050405
0.050538
0.050666
0.050791
0.050912
0.051030
0.051144
0.051255
0.051362
0.051465
0.051565
0.051661
0.051754
0.051843
0.051929
0.052010
0.052089
0.052163
0.052234
0.052302
0.052365
0.052425
0.052482
0.052535
0.052584
0.052630
0.052672
0.052710
0.052745
0.052776
0.052804
0.052828
0.052848
0.052865
0.052878
0.052888
0.052894
0.052896
0.052895
0.052890
0.052881
0.052869
0.052853
0.052834
0.052811
0.052785
0.052755
0.052721
0.052684
0.052643
0.052599
0.052551
0.052500
0.052445
0.052386
0.052324
0.052258
0.052189
0.052117
0.052040
0.051961
0.051878
0.051791
0.051701
0.051607
0.051510
0.051409
0.051305
0.051197
0.051086
0.050972
0.050854
0.050733
0.050608
0.050480
0.050348
0.050213
0.050075
0.049933
0.049788
0.049639
0.049488
0.049332
0.049174
0.049012
0.048847
0.048679
0.048507
0.048332
0.048154
0.047972
0.047787
0.047599
0.047408
0.047213
0.047016
0.046815
0.046611
0.046404
0.046193
0.045980
0.045763
0.045543
0.045321
0.045095
0.044866
0.044633
0.044398
0.044160
0.043919
0.043675
0.043427
0.043177
0.042924
0.042668
0.042409
0.042147
0.041882
0.041614
0.041344
0.041070
0.040794
0.040515
0.040233
0.039948
0.039661
0.039370
0.039077
0.038781
0.038483
0.038182
0.037878
0.037572
0.037262
0.036951
0.036636
0.036319
0.036000
0.035678
0.035353
0.035026
0.034697
0.034365
0.034030
0.033694
0.033354
0.033013
0.032669
0.032322
0.031974
0.031623
0.031270
0.030914
0.030556
0.030196
0.029834
0.029470
0.029104
0.028735
0.028364
0.027992
0.027617
0.027240
0.026861
0.026480
0.026098
0.025713
0.025326
0.024938
0.024548
0.024156
0.023762
0.023366
0.022968
0.022569
0.022168
0.021766
0.021361
0.020955
0.020548
0.020139
0.019728
0.019316
0.018903
0.018487
0.018071
0.017653
0.017234
0.016813
0.016391
0.015968
0.015544
0.015118
0.014691
0.014263
0.013834
0.013403
0.012972
0.012540
0.012106
0.011672
0.011236
0.010800
0.010363
0.009925
0.009486
0.009046
0.008606
0.008165
0.007723
0.007280
0.006837
0.006393
0.005949
0.005504
0.005059
0.004613
0.004167
0.003720
0.003273
0.002826
0.002378
0.001931
0.001483
0.001035
0.000586
0.000138
-0.000311
-0.000759
-0.001208
-0.001656
-0.002105
-0.002553
-0.003001
-0.003449
-0.003896
-0.004344
-0.004791
-0.005238
-0.005684
-0.006130
-0.006576
-0.007020
-0.007465
-0.007909
-0.008352
-0.008795
-0.009236
-0.009677
-0.010118
-0.010557
-0.010996
-0.011434
-0.011871
-0.012306
-0.012741
-0.013175
-0.013607
-0.014039
-0.014469
-0.014898
-0.015326
-0.015753
-0.016178
-0.016601
-0.017024
-0.017444
-0.017864
-0.018281
-0.018697
-0.019112
-0.019524
-0.019935
-0.020345
-0.020752
-0.021158
-0.021561
-0.021963
-0.022362
-0.022760
-0.023156
-0.023549
-0.023940
-0.024329
-0.024716
-0.025101
-0.025483
-0.025863
-0.026240
-0.026615
-0.026987
-0.027357
-0.027724
-0.028089
-0.028451
-0.028810
-0.029166
-0.029520
-0.029871
-0.030219
-0.030564
-0.030906
-0.031245
-0.031581
-0.031913
-0.032243
-0.032570
-0.032893
-0.033213
-0.033530
-0.033843
-0.034153
-0.034460
-0.034763
-0.035062
-0.035358
-0.035651
-0.035940
-0.036225
-0.036506
-0.036784
-0.037058
-0.037329
-0.037595
-0.037857
-0.038116
-0.038371
-0.038621
-0.038868
-0.039110
-0.039349
-0.039583
-0.039813
-0.040039
-0.040261
-0.040479
-0.040692
-0.040901
-0.041105
-0.041306
-0.041501
-0.041693
-0.041879
-0.042062
-0.042239
-0.042413
-0.042581
-0.042745
-0.042905
-0.043059
-0.043209
-0.043355
-0.043495
-0.043631
-0.043762
-0.043888
-0.044009
-0.044126
-0.044238
-0.044344
-0.044446
-0.044543
-0.044635
-0.044722
-0.044804
-0.044881
-0.044953
-0.045020
-0.045082
-0.045139
-0.045190
-0.045237
-0.045279
-0.045315
-0.045346
-0.045373
-0.045394
-0.045410
-0.045421
-0.045426
-0.045427
-0.045422
-0.045412
-0.045398
-0.045377
-0.045352
-0.045322
-0.045286
-0.045245
-0.045199
-0.045148
-0.045092
-0.045030
-0.044963
-0.044892
-0.044815
-0.044732
-0.044645
-0.044553
-0.044455
-0.044353
-0.044245
-0.044132
-0.044015
-0.043892
-0.043764
-0.043631
-0.043493
-0.043350
-0.043202
-0.043049
-0.042891
-0.042728
-0.042560
-0.042388
-0.042210
-0.042028
-0.041841
-0.041649
-0.041452
-0.041251
-0.041044
-0.040834
-0.040618
-0.040398
-0.040173
-0.039943
-0.039709
-0.039471
-0.039228
-0.038980
-0.038729
-0.038472
-0.038211
-0.037946
-0.037677
-0.037403
-0.037126
-0.036844
-0.036557
-0.036267
-0.035973
-0.035674
-0.035372
-0.035065
-0.034755
-0.034441
-0.034123
-0.033801
-0.033475
-0.033145
-0.032812
-0.032476
-0.032135
-0.031791
-0.031444
-0.031093
-0.030739
-0.030381
-0.030020
-0.029656
-0.029288
-0.028917
-0.028544
-0.028167
-0.027786
-0.027403
-0.027017
-0.026628
-0.026237
-0.025842
-0.025445
-0.025045
-0.024642
-0.024236
-0.023829
-0.023418
-0.023005
-0.022590
-0.022172
-0.021752
-0.021330
-0.020905
-0.020478
-0.020049
-0.019618
-0.019185
-0.018751
-0.018314
-0.017875
-0.017434
-0.016992
-0.016548
-0.016102
-0.015655
-0.015206
-0.014756
-0.014304
-0.013851
-0.013396
-0.012940
-0.012483
-0.012024
-0.011565
-0.011104
-0.010642
-0.010179
-0.009716
-0.009251
-0.008785
-0.008319
-0.007852
-0.007384
-0.006915
-0.006446
-0.005977
-0.005506
-0.005036
-0.004564
-0.004093
-0.003621
-0.003149
-0.002676
-0.002204
-0.001731
-0.001258
-0.000785
-0.000312
0.000161
0.000634
0.001106
0.001579
0.002051
0.002523
0.002995
0.003466
0.003937
0.004408
0.004878
0.005348
0.005817
0.006285
0.006753
0.007220
0.007686
0.008152
0.008617
0.009080
0.009543
0.010005
0.010467
0.010927
0.011386
0.011844
0.012300
0.012756
0.013211
0.013664
0.014116
0.014566
0.015016
0.015463
0.015910
0.016355
0.016798
0.017240
0.017681
0.018120
0.018557
0.018992
0.019426
0.019858
0.020288
0.020717
0.021144
0.021568
0.021991
0.022412
0.022831
0.023248
0.023664
0.024077
0.024487
0.024896
0.025303
0.025708
0.026110
0.026510
0.026908
0.027304
0.027697
0.028088
0.028477
0.028863
0.029247
0.029628
0.030007
0.030384
0.030758
0.031129
0.031498
0.031864
0.032228
0.032589
0.032948
0.033304
0.033657
0.034007
0.034355
0.034700
0.035042
0.035382
0.035718
0.036052
0.036383
0.036711
0.037036
0.037358
0.037678
0.037994
0.038307
0.038618
0.038925
0.039230
0.039531
0.039829
0.040125
0.040417
0.040706
0.040992
0.041275
0.041554
0.041831
0.042104
0.042375
0.042642
0.042905
0.043166
0.043423
0.043677
0.043928
0.044175
0.044420
0.044661
0.044898
0.045132
0.045363
0.045591
0.045815
0.046036
0.046254
0.046468
0.046678
0.046886
0.047089
0.047290
0.047487
0.047680
0.047870
0.048057
0.048240
0.048420
0.048596
0.048769
0.048938
0.049104
0.049266
0.049425
0.049580
0.049731
0.049879
0.050024
0.050165
0.050302
0.050436
0.050566
0.050693
0.050816
0.050936
0.051052
0.051164
0.051273
0.051379
0.051480
0.051578
0.051673
0.051764
0.051851
0.051934
0.052014
0.052091
0.052164
0.052233
0.052298
0.052360
0.052419
0.052474
0.052525
0.052572
0.052616
0.052656
0.052693
0.052726
0.052755
0.052781
0.052803
0.052822
0.052837
0.052848
0.052856
0.052860
0.052861
0.052858
0.052851
0.052841
0.052827
0.052809
0.052788
0.052764
0.052735
0.052704
0.052668
0.052629
0.052587
0.052541
0.052491
0.052438
0.052381
0.052321
0.052257
0.052190
0.052119
0.052044
0.051967
0.051885
0.051800
0.051712
0.051620
0.051524
0.051426
0.051323
0.051217
0.051108
0.050995
0.050879
0.050760
0.050637
0.050510
0.050380
0.050247
0.050111
0.049971
0.049827
0.049680
0.049530
0.049377
0.049220
0.049060
0.048896
0.048730
0.048560
0.048386
0.048210
0.048030
0.047847
0.047660
0.047471
0.047278
0.047082
0.046883
0.046680
0.046475
0.046266
0.046054
0.045839
0.045621
0.045399
0.045175
0.044948
0.044717
0.044484
0.044247
0.044007
0.043765
0.043519
0.043270
0.043019
0.042764
0.042507
0.042246
0.041983
0.041716
0.041447
0.041175
0.040900
0.040623
0.040342
0.040059
0.039773
0.039484
0.039192
0.038898
0.038601
0.038301
0.037999
0.037694
0.037386
0.037076
0.036763
0.036447
0.036129
0.035808
0.035485
0.035159
0.034831
0.034501
0.034167
0.033832
0.033494
0.033153
0.032811
0.032466
0.032118
0.031768
0.031416
0.031062
0.030706
0.030347
0.029986
0.029623
0.029258
0.028890
0.028521
0.028149
0.027775
0.027400
0.027022
0.026642
0.026261
0.025877
0.025491
0.025104
0.024715
0.024323
0.023930
0.023536
0.023139
0.022741
0.022341
0.021939
0.021536
0.021131
0.020724
0.020316
0.019906
0.019495
0.019082
0.018668
0.018252
0.017835
0.017417
0.016997
0.016576
0.016153
0.015730
0.015305
0.014879
0.014451
0.014023
0.013593
0.013162
0.012730
0.012298
0.011864
0.011429
0.010993
0.010557
0.010119
0.009681
0.009242
0.008802
0.008361
0.007919
0.007477
0.007035
0.006591
0.006147
0.005703
0.005258
0.004813
0.004367
0.003921
0.003474
0.003027
0.002580
0.002132
0.001684
0.001236
0.000788
0.000340
-0.000108
-0.000557
-0.001005
-0.001453
-0.001902
-0.002350
-0.002798
-0.003246
-0.003693
-0.004141
-0.004588
-0.005035
-0.005481
-0.005927
-0.006373
-0.006818
-0.007262
-0.007706
-0.008150
-0.008593
-0.009035
-0.009476
-0.009917
-0.010356
-0.010795
-0.011233
-0.011671
-0.012107
-0.012542
-0.012976
-0.013409
-0.013841
-0.014272
-0.014701
-0.015129
-0.015556
-0.015982
-0.016406
-0.016829
-0.017250
-0.017670
-0.018089
-0.018505
-0.018920
-0.019334
-0.019746
-0.020155
-0.020564
-0.020970
-0.021374
-0.021777
-0.022177
-0.022576
-0.022972
-0.023367
-0.023759
-0.024149
-0.024536
-0.024922
-0.025305
-0.025686
-0.026064
-0.026440
-0.026814
-0.027185
-0.027553
-0.027919
-0.028282
-0.028642
-0.029000
-0.029355
-0.029707
-0.030056
-0.030402
-0.030746
-0.031086
-0.031423
-0.031757
-0.032089
-0.032416
-0.032741
-0.033063
-0.033381
-0.033696
-0.034007
-0.034315
-0.034620
-0.034921
-0.035219
-0.035513
-0.035804
-0.036090
-0.036374
-0.036653
-0.036929
-0.037201
-0.037469
-0.037733
-0.037994
-0.038250
-0.038502
-0.038751
-0.038995
-0.039236
-0.039472
-0.039704
-0.039932
-0.040155
-0.040375
-0.040590
-0.040801
-0.041007
-0.041210
-0.041407
-0.041601
-0.041789
-0.041974
-0.042154
-0.042329
-0.042500
-0.042666
-0.042827
-0.042984
-0.043136
-0.043284
-0.043426
-0.043564
-0.043697
-0.043826
-0.043949
-0.044068
-0.044182
-0.044291
-0.044395
-0.044494
-0.044588
-0.044677
-0.044762
-0.044841
-0.044915
-0.044984
-0.045049
-0.045108
-0.045162
-0.045211
-0.045255
-0.045294
-0.045327
-0.045356
-0.045379
-0.045398
-0.045411
-0.045419
-0.045422
-0.045419
-0.045412
-0.045399
-0.045381
-0.045358
-0.045330
-0.045297
-0.045259
-0.045215
-0.045166
-0.045112
-0.045053
-0.044989
-0.044919
-0.044844
-0.044765
-0.044680
-0.044590
-0.044494
-0.044394
-0.044289
-0.044178
-0.044063
-0.043942
-0.043817
-0.043686
-0.043550
-0.043409
-0.043264
-0.043113
-0.042957
-0.042797
-0.042631
-0.042461
-0.042285
-0.042105
-0.041920
-0.041731
-0.041536
-0.041337
-0.041133
-0.040924
-0.040710
-0.040492
-0.040269
-0.040042
-0.039810
-0.039574
-0.039333
-0.039087
-0.038837
-0.038583
-0.038324
-0.038061
-0.037794
-0.037522
-0.037246
-0.036966
-0.036681
-0.036393
-0.036100
-0.035804
-0.035503
-0.035198
-0.034890
-0.034577
-0.034261
-0.033941
