-0.405178
-0.405185
-0.405191
-0.405197
-0.405203
-0.405209
-0.405215
-0.405221
-0.405226
-0.405231
-0.405236
-0.405241
-0.405246
-0.405251
-0.405255
-0.405260
-0.405264
-0.405268
-0.405272
-0.405276
-0.405279
-0.405283
-0.405286
-0.405289
-0.405292
-0.405295
-0.405298
-0.405300
-0.405303
-0.405305
-0.405307
-0.405309
-0.405311
-0.405312
-0.405314
-0.405315
-0.405316
-0.405317
-0.405318
-0.405319
-0.405319
-0.405320
-0.405320
-0.405320
-0.405320
-0.405320
-0.405320
-0.405319
-0.405318
-0.405318
-0.405317
-0.405315
-0.405314
-0.405313
-0.405311
-0.405309
-0.405308
-0.405306
-0.405303
-0.405301
-0.405299
-0.405296
-0.405293
-0.405290
-0.405287
-0.405284
-0.405280
-0.405277
-0.405273
-0.405269
-0.405265
-0.405261
-0.405257
-0.405252
-0.405248
-0.405243
-0.405238
-0.405233
-0.405228
-0.405222
-0.405217
-0.405211
-0.405205
-0.405199
-0.405193
-0.405187
-0.405180
-0.405173
-0.405167
-0.405160
-0.405153
-0.405145
-0.405138
-0.405130
-0.405123
-0.405115
-0.405107
-0.405099
-0.405090
-0.405082
-0.405073
-0.405065
-0.405056
-0.405047
-0.405037
-0.405028
-0.405019
-0.405009
-0.404999
-0.404989
-0.404979
-0.404969
-0.404958
-0.404947
-0.404937
-0.404926
-0.404915
-0.404904
-0.404892
-0.404881
-0.404869
-0.404857
-0.404845
-0.404833
-0.404821
-0.404808
-0.404796
-0.404783
-0.404770
-0.404757
-0.404744
-0.404730
-0.404717
-0.404703
-0.404689
-0.404675
-0.404661
-0.404647
-0.404632
-0.404618
-0.404603
-0.404588
-0.404573
-0.404558
-0.404543
-0.404527
-0.404511
-0.404496
-0.404480
-0.404463
-0.404447
-0.404431
-0.404414
-0.404397
-0.404380
-0.404363
-0.404346
-0.404329
-0.404311
-0.404294
-0.404276
-0.404258
-0.404240
-0.404221
-0.404203
-0.404184
-0.404166
-0.404147
-0.404128
-0.404108
-0.404089
-0.404070
-0.404050
-0.404030
-0.404010
-0.403990
-0.403970
-0.403949
-0.403929
-0.403908
-0.403887
-0.403866
-0.403845
-0.403823
-0.403802
-0.403780
-0.403758
-0.403736
-0.403714
-0.403692
-0.403670
-0.403647
-0.403624
-0.403601
-0.403578
-0.403555
-0.403532
-0.403508
-0.403484
-0.403461
-0.403437
-0.403413
-0.403388
-0.403364
-0.403339
-0.403314
-0.403290
-0.403264
-0.403239
-0.403214
-0.403188
-0.403163
-0.403137
-0.403111
-0.403085
-0.403058
-0.403032
-0.403005
-0.402979
-0.402952
-0.402925
-0.402897
-0.402870
-0.402843
-0.402815
-0.402787
-0.402759
-0.402731
-0.402703
-0.402674
-0.402646
-0.402617
-0.402588
-0.402559
-0.402530
-0.402500
-0.402471
-0.402441
-0.402411
-0.402381
-0.402351
-0.402321
-0.402290
-0.402260
-0.402229
-0.402198
-0.402167
-0.402136
-0.402104
-0.402073
-0.402041
-0.402009
-0.401977
-0.401945
-0.401913
-0.401880
-0.401848
-0.401815
-0.401782
-0.401749
-0.401716
-0.401682
-0.401649
-0.401615
-0.401581
-0.401547
-0.401513
-0.401479
-0.401444
-0.401410
-0.401375
-0.401340
-0.401305
-0.401270
-0.401234
-0.401199
-0.401163
-0.401127
-0.401091
-0.401055
-0.401019
-0.400982
-0.400946
-0.400909
-0.400872
-0.400835
-0.400798
-0.400760
-0.400723
-0.400685
-0.400647
-0.400609
-0.400571
-0.400533
-0.400494
-0.400456
-0.400417
-0.400378
-0.400339
-0.400300
-0.400260
-0.400221
-0.400181
-0.400141
-0.400101
-0.400061
-0.400020
-0.399980
-0.399939
-0.399899
-0.399858
-0.399817
-0.399775
-0.399734
-0.399692
-0.399651
-0.399609
-0.399567
-0.399525
-0.399482
-0.399440
-0.399397
-0.399354
-0.399311
-0.399268
-0.399225
-0.399182
-0.399138
-0.399094
-0.399050
-0.399006
-0.398962
-0.398918
-0.398873
-0.398829
-0.398784
-0.398739
-0.398694
-0.398649
-0.398603
-0.398558
-0.398512
-0.398466
-0.398420
-0.398374
-0.398328
-0.398281
-0.398234
-0.398188
-0.398141
-0.398094
-0.398046
-0.397999
-0.397951
-0.397904
-0.397856
-0.397808
-0.397760
-0.397711
-0.397663
-0.397614
-0.397565
-0.397516
-0.397467
-0.397418
-0.397369
-0.397319
-0.397269
-0.397219
-0.397169
-0.397119
-0.397069
-0.397018
-0.396968
-0.396917
-0.396866
-0.396815
-0.396763
-0.396712
-0.396660
-0.396609
-0.396557
-0.396505
-0.396453
-0.396400
-0.396348
-0.396295
-0.396242
-0.396189
-0.396136
-0.396083
-0.396030
-0.395976
-0.395922
-0.395868
-0.395814
-0.395760
-0.395706
-0.395651
-0.395597
-0.395542
-0.395487
-0.395432
-0.395377
-0.395321
-0.395266
-0.395210
-0.395154
-0.395098
-0.395042
-0.394985
-0.394929
-0.394872
-0.394815
-0.394758
-0.394701
-0.394644
-0.394587
-0.394529
-0.394471
-0.394414
-0.394355
-0.394297
-0.394239
-0.394180
-0.394122
-0.394063
-0.394004
-0.393945
-0.393886
-0.393826
-0.393767
-0.393707
-0.393647
-0.393587
-0.393527
-0.393467
-0.393406
-0.393345
-0.393285
-0.393224
-0.393163
-0.393101
-0.393040
-0.392978
-0.392917
-0.392855
-0.392793
-0.392731
-0.392668
-0.392606
-0.392543
-0.392480
-0.392417
-0.392354
-0.392291
-0.392228
-0.392164
-0.392100
-0.392037
-0.391973
-0.391908
-0.391844
-0.391780
-0.391715
-0.391650
-0.391585
-0.391520
-0.391455
-0.391389
-0.391324
-0.391258
-0.391192
-0.391126
-0.391060
-0.390994
-0.390927
-0.390861
-0.390794
-0.390727
-0.390660
-0.390593
-0.390525
-0.390458
-0.390390
-0.390322
-0.390254
-0.390186
-0.390118
-0.390049
-0.389981
-0.389912
-0.389843
-0.389774
-0.389705
-0.389636
-0.389566
-0.389496
-0.389427
-0.389357
-0.389286
-0.389216
-0.389146
-0.389075
-0.389004
-0.388933
-0.388862
-0.388791
-0.388720
-0.388648
-0.388577
-0.388505
-0.388433
-0.388361
-0.388289
-0.388216
-0.388144
-0.388071
-0.387998
-0.387925
-0.387852
-0.387778
-0.387705
-0.387631
-0.387557
-0.387483
-0.387409
-0.387335
-0.387261
-0.387186
-0.387111
-0.387037
-0.386962
-0.386886
-0.386811
-0.386736
-0.386660
-0.386584
-0.386508
-0.386432
-0.386356
-0.386280
-0.386203
-0.386126
-0.386050
-0.385973
-0.385895
-0.385818
-0.385741
-0.385663
-0.385585
-0.385507
-0.385429
-0.385351
-0.385273
-0.385194
-0.385116
-0.385037
-0.384958
-0.384879
-0.384799
-0.384720
-0.384640
-0.384561
-0.384481
-0.384401
-0.384321
-0.384240
-0.384160
-0.384079
-0.383998
-0.383918
-0.383836
-0.383755
-0.383674
-0.383592
-0.383511
-0.383429
-0.383347
-0.383265
-0.383182
-0.383100
-0.383017
-0.382934
-0.382852
-0.382768
-0.382685
-0.382602
-0.382518
-0.382435
-0.382351
-0.382267
-0.382183
-0.382099
-0.382014
-0.381930
-0.381845
-0.381760
-0.381675
-0.381590
-0.381504
-0.381419
-0.381333
-0.381248
-0.381162
-0.381076
-0.380989
-0.380903
-0.380816
-0.380730
-0.380643
-0.380556
-0.380469
-0.380382
-0.380294
-0.380207
-0.380119
-0.380031
-0.379943
-0.379855
-0.379766
-0.379678
-0.379589
-0.379500
-0.379412
-0.379322
-0.379233
-0.379144
-0.379054
-0.378965
-0.378875
-0.378785
-0.378695
-0.378604
-0.378514
-0.378423
-0.378332
-0.378242
-0.378151
-0.378059
-0.377968
-0.377877
-0.377785
-0.377693
-0.377601
-0.377509
-0.377417
-0.377324
-0.377232
-0.377139
-0.377046
-0.376953
-0.376860
-0.376767
-0.376673
-0.376580
-0.376486
-0.376392
-0.376298
-0.376204
-0.376110
-0.376015
-0.375921
-0.375826
-0.375731
-0.375636
-0.375540
-0.375445
-0.375350
-0.375254
-0.375158
-0.375062
-0.374966
-0.374870
-0.374773
-0.374677
-0.374580
-0.374483
-0.374386
-0.374289
-0.374191
-0.374094
-0.373996
-0.373899
-0.373801
-0.373703
-0.373604
-0.373506
-0.373407
-0.373309
-0.373210
-0.373111
-0.373012
-0.372913
-0.372813
-0.372714
-0.372614
-0.372514
-0.372414
-0.372314
-0.372214
-0.372113
-0.372013
-0.371912
-0.371811
-0.371710
-0.371609
-0.371507
-0.371406
-0.371304
-0.371202
-0.371100
-0.370998
-0.370896
-0.370794
-0.370691
-0.370589
-0.370486
-0.370383
-0.370280
-0.370176
-0.370073
-0.369969
-0.369866
-0.369762
-0.369658
-0.369554
-0.369449
-0.369345
-0.369240
-0.369136
-0.369031
-0.368926
-0.368820
-0.368715
-0.368610
-0.368504
-0.368398
-0.368292
-0.368186
-0.368080
-0.367974
-0.367867
-0.367760
-0.367654
-0.367547
-0.367440
-0.367332
-0.367225
-0.367117
-0.367010
-0.366902
-0.366794
-0.366686
-0.366577
-0.366469
-0.366360
-0.366252
-0.366143
-0.366034
-0.365925
-0.365815
-0.365706
-0.365596
-0.365486
-0.365377
-0.365267
-0.365156
-0.365046
-0.364936
-0.364825
-0.364714
-0.364603
-0.364492
-0.364381
-0.364270
-0.364158
-0.364046
-0.363935
-0.363823
-0.363711
-0.363598
-0.363486
-0.363373
-0.363261
-0.363148
-0.363035
-0.362922
-0.362809
-0.362695
-0.362582
-0.362468
-0.362354
-0.362240
-0.362126
-0.362012
-0.361897
-0.361783
-0.361668
-0.361553
-0.361438
-0.361323
-0.361208
-0.361092
-0.360977
-0.360861
-0.360745
-0.360629
-0.360513
-0.360396
-0.360280
-0.360163
-0.360047
-0.359930
-0.359813
-0.359696
-0.359578
-0.359461
-0.359343
-0.359225
-0.359107
-0.358989
-0.358871
-0.358753
-0.358634
-0.358516
-0.358397
-0.358278
-0.358159
-0.358040
-0.357920
-0.357801
-0.357681
-0.357562
-0.357442
-0.357322
-0.357201
-0.357081
-0.356960
-0.356840
-0.356719
-0.356598
-0.356477
-0.356356
-0.356234
-0.356113
-0.355991
-0.355869
-0.355747
-0.355625
-0.355503
-0.355381
-0.355258
-0.355136
-0.355013
-0.354890
-0.354767
-0.354644
-0.354520
-0.354397
-0.354273
-0.354149
-0.354025
-0.353901
-0.353777
-0.353652
-0.353528
-0.353403
-0.353278
-0.353154
-0.353028
-0.352903
-0.352778
-0.352652
-0.352527
-0.352401
-0.352275
-0.352149
-0.352023
-0.351896
-0.351770
-0.351643
-0.351516
-0.351389
-0.351262
-0.351135
-0.351008
-0.350880
-0.350752
-0.350625
-0.350497
-0.350369
-0.350240
-0.350112
-0.349983
-0.349855
-0.349726
-0.349597
-0.349468
-0.349339
-0.349209
-0.349080
-0.348950
-0.348820
-0.348691
-0.348560
-0.348430
-0.348300
-0.348169
-0.348039
-0.347908
-0.347777
-0.347646
-0.347515
-0.347384
-0.347252
-0.347120
-0.346989
-0.346857
-0.346725
-0.346593
-0.346460
-0.346328
-0.346195
-0.346062
-0.345930
-0.345797
-0.345663
-0.345530
-0.345397
-0.345263
-0.345129
-0.344995
-0.344861
-0.344727
-0.344593
-0.344459
-0.344324
-0.344189
-0.344055
-0.343920
-0.343784
-0.343649
-0.343514
-0.343378
-0.343243
-0.343107
-0.342971
-0.342835
-0.342698
-0.342562
-0.342426
-0.342289
-0.342152
-0.342015
-0.341878
-0.341741
-0.341603
-0.341466
-0.341328
-0.341191
-0.341053
-0.340915
-0.340776
-0.340638
-0.340500
-0.340361
-0.340222
-0.340083
-0.339944
-0.339805
-0.339666
-0.339527
-0.339387
-0.339247
-0.339107
-0.338967
-0.338827
-0.338687
-0.338547
-0.338406
-0.338265
-0.338125
-0.337984
-0.337843
-0.337701
-0.337560
-0.337419
-0.337277
-0.337135
-0.336993
-0.336851
-0.336709
-0.336567
-0.336424
-0.336282
-0.336139
-0.335996
-0.335853
-0.335710
-0.335567
-0.335423
-0.335280
-0.335136
-0.334992
-0.334848
-0.334704
-0.334560
-0.334415
-0.334271
-0.334126
-0.333981
-0.333836
-0.333691
-0.333546
-0.333401
-0.333255
-0.333110
-0.332964
-0.332818
-0.332672
-0.332526
-0.332380
-0.332233
-0.332087
-0.331940
-0.331793
-0.331646
-0.331499
-0.331352
-0.331205
-0.331057
-0.330910
-0.330762
-0.330614
-0.330466
-0.330318
-0.330169
-0.330021
-0.329872
-0.329724
-0.329575
-0.329426
-0.329277
-0.329127
-0.328978
-0.328828
-0.328679
-0.328529
-0.328379
-0.328229
-0.328079
-0.327928
-0.327778
-0.327627
-0.327477
-0.327326
-0.327175
-0.327024
-0.326872
-0.326721
-0.326570
-0.326418
-0.326266
-0.326114
-0.325962
-0.325810
-0.325657
-0.325505
-0.325352
-0.325200
-0.325047
-0.324894
-0.324741
-0.324587
-0.324434
-0.324280
-0.324127
-0.323973
-0.323819
-0.323665
-0.323511
-0.323357
-0.323202
-0.323047
-0.322893
-0.322738
-0.322583
-0.322428
-0.322272
-0.322117
-0.321962
-0.321806
-0.321650
-0.321494
-0.321338
-0.321182
-0.321026
-0.320869
-0.320713
-0.320556
-0.320399
-0.320242
-0.320085
-0.319928
-0.319770
-0.319613
-0.319455
-0.319298
-0.319140
-0.318982
-0.318824
-0.318665
-0.318507
-0.318348
-0.318190
-0.318031
-0.317872
-0.317713
-0.317554
-0.317394
-0.317235
-0.317075
-0.316916
-0.316756
-0.316596
-0.316436
-0.316275
-0.316115
-0.315955
-0.315794
-0.315633
-0.315472
-0.315311
-0.315150
-0.314989
-0.314828
-0.314666
-0.314504
-0.314343
-0.314181
-0.314019
-0.313856
-0.313694
-0.313532
-0.313369
-0.313206
-0.313044
-0.312881
-0.312718
-0.312554
-0.312391
-0.312228
-0.312064
-0.311900
-0.311736
-0.311573
-0.311408
-0.311244
-0.311080
-0.310915
-0.310751
-0.310586
-0.310421
-0.310256
-0.310091
-0.309926
-0.309760
-0.309595
-0.309429
-0.309263
-0.309098
-0.308932
-0.308765
-0.308599
-0.308433
-0.308266
-0.308100
-0.307933
-0.307766
-0.307599
-0.307432
-0.307264
-0.307097
-0.306929
-0.306762
-0.306594
-0.306426
-0.306258
-0.306090
-0.305922
-0.305753
-0.305585
-0.305416
-0.305247
-0.305078
-0.304909
-0.304740
-0.304571
-0.304401
-0.304232
-0.304062
-0.303892
-0.303722
-0.303552
-0.303382
-0.303212
-0.303041
-0.302871
-0.302700
-0.302529
-0.302358
-0.302187
-0.302016
-0.301845
-0.301673
-0.301502
-0.301330
-0.301158
-0.300987
-0.300815
-0.300642
-0.300470
-0.300298
-0.300125
-0.299952
-0.299780
-0.299607
-0.299434
-0.299261
-0.299087
-0.298914
-0.298740
-0.298567
-0.298393
-0.298219
-0.298045
-0.297871
-0.297697
-0.297522
-0.297348
-0.297173
-0.296998
-0.296823
-0.296648
-0.296473
-0.296298
-0.296123
-0.295947
-0.295772
-0.295596
-0.295420
-0.295244
-0.295068
-0.294892
-0.294715
-0.294539
-0.294362
-0.294186
-0.294009
-0.293832
-0.293655
-0.293477
-0.293300
-0.293123
-0.292945
-0.292767
-0.292590
-0.292412
-0.292234
-0.292056
-0.291877
-0.291699
-0.291520
-0.291342
-0.291163
-0.290984
-0.290805
-0.290626
-0.290447
-0.290267
-0.290088
-0.289908
-0.289728
-0.289549
-0.289369
-0.289189
-0.289008
-0.288828
-0.288648
-0.288467
-0.288286
-0.288106
-0.287925
-0.287744
-0.287562
-0.287381
-0.287200
-0.287018
-0.286837
-0.286655
-0.286473
-0.286291
-0.286109
-0.285927
-0.285744
-0.285562
-0.285379
-0.285197
-0.285014
-0.284831
-0.284648
-0.284465
-0.284281
-0.284098
-0.283914
-0.283731
-0.283547
-0.283363
-0.283179
-0.282995
-0.282811
-0.282626
-0.282442
-0.282257
-0.282073
-0.281888
-0.281703
-0.281518
-0.281333
-0.281147
-0.280962
-0.280777
-0.280591
-0.280405
-0.280219
-0.280033
-0.279847
-0.279661
-0.279475
-0.279288
-0.279102
-0.278915
-0.278728
-0.278541
-0.278354
-0.278167
-0.277980
-0.277793
-0.277605
-0.277418
-0.277230
-0.277042
-0.276854
-0.276666
-0.276478
-0.276290
-0.276101
-0.275913
-0.275724
-0.275535
-0.275346
-0.275158
-0.274968
-0.274779
-0.274590
-0.274401
-0.274211
-0.274021
-0.273832
-0.273642
-0.273452
-0.273262
-0.273071
-0.272881
-0.272691
-0.272500
-0.272309
-0.272119
-0.271928
-0.271737
-0.271546
-0.271354
-0.271163
-0.270972
-0.270780
-0.270588
-0.270396
-0.270205
-0.270013
-0.269820
-0.269628
-0.269436
-0.269243
-0.269051
-0.268858
-0.268665
-0.268472
-0.268279
-0.268086
-0.267893
-0.267700
-0.267506
-0.267313
-0.267119
-0.266925
-0.266731
-0.266537
-0.266343
-0.266149
-0.265954
-0.265760
-0.265565
-0.265371
-0.265176
-0.264981
-0.264786
-0.264591
-0.264396
-0.264200
-0.264005
-0.263809
-0.263614
-0.263418
-0.263222
-0.263026
-0.262830
-0.262634
-0.262437
-0.262241
-0.262044
-0.261848
-0.261651
-0.261454
-0.261257
-0.261060
-0.260863
-0.260665
-0.260468
-0.260270
-0.260073
-0.259875
-0.259677
-0.259479
-0.259281
-0.259083
-0.258885
-0.258686
-0.258488
-0.258289
-0.258091
-0.257892
-0.257693
-0.257494
-0.257295
-0.257095
-0.256896
-0.256697
-0.256497
-0.256297
-0.256098
-0.255898
-0.255698
-0.255498
-0.255297
-0.255097
-0.254897
-0.254696
-0.254495
-0.254295
-0.254094
-0.253893
-0.253692
-0.253491
-0.253289
-0.253088
-0.252887
-0.252685
-0.252483
-0.252282
-0.252080
-0.251878
-0.251676
-0.251473
-0.251271
-0.251069
-0.250866
-0.250664
-0.250461
-0.250258
-0.250055
-0.249852
-0.249649
-0.249446
-0.249242
-0.249039
-0.248835
-0.248632
-0.248428
-0.248224
-0.248020
-0.247816
-0.247612
-0.247407
-0.247203
-0.246999
-0.246794
-0.246589
-0.246384
-0.246180
-0.245975
-0.245769
-0.245564
-0.245359
-0.245154
-0.244948
-0.244742
-0.244537
-0.244331
-0.244125
-0.243919
-0.243713
-0.243507
-0.243300
-0.243094
-0.242887
-0.242681
-0.242474
-0.242267
-0.242060
-0.241853
-0.241646
-0.241439
-0.241231
-0.241024
-0.240816
-0.240609
-0.240401
-0.240193
-0.239985
-0.239777
-0.239569
-0.239361
-0.239153
-0.238944
-0.238736
-0.238527
-0.238318
-0.238109
-0.237900
-0.237691
-0.237482
-0.237273
-0.237064
-0.236854
-0.236645
-0.236435
-0.236225
-0.236016
-0.235806
-0.235596
-0.235386
-0.235175
-0.234965
-0.234755
-0.234544
-0.234333
-0.234123
-0.233912
-0.233701
-0.233490
-0.233279
-0.233068
-0.232857
-0.232645
-0.232434
-0.232222
-0.232010
-0.231799
-0.231587
-0.231375
-0.231163
-0.230951
-0.230738
-0.230526
-0.230314
-0.230101
-0.229888
-0.229676
-0.229463
-0.229250
-0.229037
-0.228824
-0.228610
-0.228397
-0.228184
-0.227970
-0.227757
-0.227543
-0.227329
-0.227115
-0.226901
-0.226687
-0.226473
-0.226259
-0.226045
-0.225830
-0.225616
-0.225401
-0.225186
-0.224971
-0.224756
-0.224541
-0.224326
-0.224111
-0.223896
-0.223680
-0.223465
-0.223249
-0.223034
-0.222818
-0.222602
-0.222386
-0.222170
-0.221954
-0.221738
-0.221521
-0.221305
-0.221089
-0.220872
-0.220655
-0.220439
-0.220222
-0.220005
-0.219788
-0.219571
-0.219353
-0.219136
-0.218919
-0.218701
-0.218483
-0.218266
-0.218048
-0.217830
-0.217612
-0.217394
-0.217176
-0.216958
-0.216739
-0.216521
-0.216302
-0.216084
-0.215865
-0.215646
-0.215428
-0.215209
-0.214990
-0.214770
-0.214551
-0.214332
-0.214112
-0.213893
-0.213673
-0.213454
-0.213234
-0.213014
-0.212794
-0.212574
-0.212354
-0.212134
-0.211913
-0.211693
-0.211473
-0.211252
-0.211031
-0.210811
-0.210590
-0.210369
-0.210148
-0.209927
-0.209706
-0.209484
-0.209263
-0.209042
-0.208820
-0.208599
-0.208377
-0.208155
-0.207933
-0.207711
-0.207489
-0.207267
-0.207045
-0.206822
-0.206600
-0.206378
-0.206155
-0.205932
-0.205710
-0.205487
-0.205264
-0.205041
-0.204818
-0.204595
-0.204371
-0.204148
-0.203925
-0.203701
-0.203478
-0.203254
-0.203030
-0.202806
-0.202582
-0.202358
-0.202134
-0.201910
-0.201686
-0.201461
-0.201237
-0.201012
-0.200788
-0.200563
-0.200338
-0.200113
-0.199889
-0.199664
-0.199438
-0.199213
-0.198988
-0.198763
-0.198537
-0.198312
-0.198086
-0.197860
-0.197635
-0.197409
-0.197183
-0.196957
-0.196731
-0.196504
-0.196278
-0.196052
-0.195825
-0.195599
-0.195372
-0.195146
-0.194919
-0.194692
-0.194465
-0.194238
-0.194011
-0.193784
-0.193557
-0.193329
-0.193102
-0.192874
-0.192647
-0.192419
-0.192191
-0.191964
-0.191736
-0.191508
-0.191280
-0.191052
-0.190823
-0.190595
-0.190367
-0.190138
-0.189910
-0.189681
-0.189452
-0.189224
-0.188995
-0.188766
-0.188537
-0.188308
-0.188079
-0.187849
-0.187620
-0.187391
-0.187161
-0.186932
-0.186702
-0.186472
-0.186242
-0.186013
-0.185783
-0.185553
-0.185323
-0.185092
-0.184862
-0.184632
-0.184401
-0.184171
-0.183940
-0.183710
-0.183479
-0.183248
-0.183017
-0.182786
-0.182555
-0.182324
-0.182093
-0.181862
-0.181630
-0.181399
-0.181168
-0.180936
-0.180704
-0.180473
-0.180241
-0.180009
-0.179777
-0.179545
-0.179313
-0.179081
-0.178849
-0.178616
-0.178384
-0.178152
-0.177919
-0.177686
-0.177454
-0.177221
-0.176988
-0.176755
-0.176522
-0.176289
-0.176056
-0.175823
-0.175590
-0.175356
-0.175123
-0.174889
-0.174656
-0.174422
-0.174188
-0.173955
-0.173721
-0.173487
-0.173253
-0.173019
-0.172785
-0.172550
-0.172316
-0.172082
-0.171847
-0.171613
-0.171378
-0.171144
-0.170909
-0.170674
-0.170439
-0.170204
-0.169969
-0.169734
-0.169499
-0.169264
-0.169029
-0.168793
-0.168558
-0.168322
-0.168087
-0.167851
-0.167615
-0.167380
-0.167144
-0.166908
-0.166672
-0.166436
-0.166200
-0.165963
-0.165727
-0.165491
-0.165254
-0.165018
-0.164781
-0.164545
-0.164308
-0.164071
-0.163834
-0.163598
-0.163361
-0.163124
-0.162886
-0.162649
-0.162412
-0.162175
-0.161937
-0.161700
-0.161462
-0.161225
-0.160987
-0.160750
-0.160512
-0.160274
-0.160036
-0.159798
-0.159560
-0.159322
-0.159084
-0.158845
-0.158607
-0.158369
-0.158130
-0.157892
-0.157653
-0.157415
-0.157176
-0.156937
-0.156698
-0.156459
-0.156220
-0.155981
-0.155742
-0.155503
-0.155264
-0.155025
-0.154785
-0.154546
-0.154306
-0.154067
-0.153827
-0.153588
-0.153348
-0.153108
-0.152868
-0.152628
-0.152388
-0.152148
-0.151908
-0.151668
-0.151428
-0.151187
-0.150947
-0.150706
-0.150466
-0.150225
-0.149985
-0.149744
-0.149503
-0.149262
-0.149022
-0.148781
-0.148540
-0.148298
-0.148057
-0.147816
-0.147575
-0.147334
-0.147092
-0.146851
-0.146609
-0.146368
-0.146126
-0.145884
-0.145643
-0.145401
-0.145159
-0.144917
-0.144675
-0.144433
-0.144191
-0.143949
-0.143706
-0.143464
-0.143222
-0.142979
-0.142737
-0.142494
-0.142252
-0.142009
-0.141766
-0.141524
-0.141281
-0.141038
-0.140795
-0.140552
-0.140309
-0.140066
-0.139823
-0.139579
-0.139336
-0.139093
-0.138849
-0.138606
-0.138362
-0.138119
-0.137875
-0.137631
-0.137388
-0.137144
-0.136900
-0.136656
-0.136412
-0.136168
-0.135924
-0.135680
-0.135435
-0.135191
-0.134947
-0.134702
-0.134458
-0.134214
-0.133969
-0.133724
-0.133480
-0.133235
-0.132990
-0.132745
-0.132500
-0.132256
-0.132011
-0.131765
-0.131520
-0.131275
-0.131030
-0.130785
-0.130539
-0.130294
-0.130049
-0.129803
-0.129557
-0.129312
-0.129066
-0.128821
-0.128575
-0.128329
-0.128083
-0.127837
-0.127591
-0.127345
-0.127099
-0.126853
-0.126607
-0.126360
-0.126114
-0.125868
-0.125621
-0.125375
-0.125128
-0.124882
-0.124635
-0.124389
-0.124142
-0.123895
-0.123648
-0.123401
-0.123155
-0.122908
-0.122661
-0.122413
-0.122166
-0.121919
-0.121672
-0.121425
-0.121177
-0.120930
-0.120682
-0.120435
-0.120187
-0.119940
-0.119692
-0.119445
-0.119197
-0.118949
-0.118701
-0.118453
-0.118205
-0.117957
-0.117709
-0.117461
-0.117213
-0.116965
-0.116717
-0.116468
-0.116220
-0.115972
-0.115723
-0.115475
-0.115226
-0.114978
-0.114729
-0.114481
-0.114232
-0.113983
-0.113734
-0.113485
-0.113236
-0.112988
-0.112739
-0.112489
-0.112240
-0.111991
-0.111742
-0.111493
-0.111244
-0.110994
-0.110745
-0.110495
-0.110246
-0.109996
-0.109747
-0.109497
-0.109248
-0.108998
-0.108748
-0.108498
-0.108249
-0.107999
-0.107749
-0.107499
-0.107249
-0.106999
-0.106749
-0.106499
-0.106248
-0.105998
-0.105748
-0.105498
-0.105247
-0.104997
-0.104746
-0.104496
-0.104245
-0.103995
-0.103744
-0.103493
-0.103243
-0.102992
-0.102741
-0.102490
-0.102239
-0.101989
-0.101738
-0.101487
-0.101236
-0.100984
-0.100733
-0.100482
-0.100231
-0.099980
-0.099728
-0.099477
-0.099226
-0.098974
-0.098723
-0.098471
-0.098220
-0.097968
-0.097716
-0.097465
-0.097213
-0.096961
-0.096709
-0.096458
-0.096206
-0.095954
-0.095702
-0.095450
-0.095198
-0.094946
-0.094694
-0.094441
-0.094189
-0.093937
-0.093685
-0.093432
-0.093180
-0.092928
-0.092675
-0.092423
-0.092170
-0.091918
-0.091665
-0.091413
-0.091160
-0.090907
-0.090654
-0.090402
-0.090149
-0.089896
-0.089643
-0.089390
-0.089137
-0.088884
-0.088631
-0.088378
-0.088125
-0.087872
-0.087619
-0.087366
-0.087112
-0.086859
-0.086606
-0.086352
-0.086099
-0.085845
-0.085592
-0.085338
-0.085085
-0.084831
-0.084578
-0.084324
-0.084070
-0.083817
-0.083563
-0.083309
-0.083055
-0.082801
-0.082548
-0.082294
-0.082040
-0.081786
-0.081532
-0.081278
-0.081024
-0.080769
-0.080515
-0.080261
-0.080007
-0.079753
-0.079498
-0.079244
-0.078990
-0.078735
-0.078481
-0.078226
-0.077972
-0.077717
-0.077463
-0.077208
-0.076953
-0.076699
-0.076444
-0.076189
-0.075935
-0.075680
-0.075425
-0.075170
-0.074915
-0.074660
-0.074405
-0.074150
-0.073895
-0.073640
-0.073385
-0.073130
-0.072875
-0.072620
-0.072365
-0.072110
-0.071854
-0.071599
-0.071344
-0.071088
-0.070833
-0.070578
-0.070322
-0.070067
-0.069811
-0.069556
-0.069300
-0.069045
-0.068789
-0.068534
-0.068278
-0.068022
-0.067767
-0.067511
-0.067255
-0.066999
-0.066743
-0.066488
-0.066232
-0.065976
-0.065720
-0.065464
-0.065208
-0.064952
-0.064696
-0.064440
-0.064184
-0.063928
-0.063671
-0.063415
-0.063159
-0.062903
-0.062647
-0.062390
-0.062134
-0.061878
-0.061621
-0.061365
-0.061109
-0.060852
-0.060596
-0.060339
-0.060083
-0.059826
-0.059570
-0.059313
-0.059056
-0.058800
-0.058543
-0.058286
-0.058030
-0.057773
-0.057516
-0.057259
-0.057003
-0.056746
-0.056489
-0.056232
-0.055975
-0.055718
-0.055461
-0.055204
-0.054947
-0.054690
-0.054433
-0.054176
-0.053919
-0.053662
-0.053405
-0.053148
-0.052891
-0.052634
-0.052376
-0.052119
-0.051862
-0.051605
-0.051347
-0.051090
-0.050833
-0.050575
-0.050318
-0.050061
-0.049803
-0.049546
-0.049288
-0.049031
-0.048773
-0.048516
-0.048258
-0.048001
-0.047743
-0.047485
-0.047228
-0.046970
-0.046712
-0.046455
-0.046197
-0.045939
-0.045682
-0.045424
-0.045166
-0.044908
-0.044651
-0.044393
-0.044135
-0.043877
-0.043619
-0.043361
-0.043103
-0.042845
-0.042587
-0.042329
-0.042071
-0.041813
-0.041555
-0.041297
-0.041039
-0.040781
-0.040523
-0.040265
-0.040007
-0.039749
-0.039491
-0.039232
-0.038974
-0.038716
-0.038458
-0.038200
-0.037941
-0.037683
-0.037425
-0.037166
-0.036908
-0.036650
-0.036391
-0.036133
-0.035875
-0.035616
-0.035358
-0.035099
-0.034841
-0.034583
-0.034324
-0.034066
-0.033807
-0.033549
-0.033290
-0.033032
-0.032773
-0.032514
-0.032256
-0.031997
-0.031739
-0.031480
-0.031221
-0.030963
-0.030704
-0.030446
-0.030187
-0.029928
-0.029669
-0.029411
-0.029152
-0.028893
-0.028635
-0.028376
-0.028117
-0.027858
-0.027599
-0.027341
-0.027082
-0.026823
-0.026564
-0.026305
-0.026046
-0.025788
-0.025529
-0.025270
-0.025011
-0.024752
-0.024493
-0.024234
-0.023975
-0.023716
-0.023457
-0.023198
-0.022939
-0.022680
-0.022421
-0.022162
-0.021903
-0.021644
-0.021385
-0.021126
-0.020867
-0.020608
-0.020349
-0.020090
-0.019831
-0.019572
-0.019313
-0.019053
-0.018794
-0.018535
-0.018276
-0.018017
-0.017758
-0.017499
-0.017239
-0.016980
-0.016721
-0.016462
-0.016203
-0.015944
-0.015684
-0.015425
-0.015166
-0.014907
-0.014647
-0.014388
-0.014129
-0.013870
-0.013610
-0.013351
-0.013092
-0.012833
-0.012573
-0.012314
-0.012055
-0.011796
-0.011536
-0.011277
-0.011018
-0.010758
-0.010499
-0.010240
-0.009980
-0.009721
-0.009462
-0.009202
-0.008943
-0.008684
-0.008424
-0.008165
-0.007906
-0.007646
-0.007387
-0.007128
-0.006868
-0.006609
-0.006350
-0.006090
-0.005831
-0.005571
-0.005312
-0.005053
-0.004793
-0.004534
-0.004275
-0.004015
-0.003756
-0.003496
-0.003237
-0.002978
-0.002718
-0.002459
-0.002200
-0.001940
-0.001681
-0.001421
-0.001162
-0.000903
-0.000643
-0.000384
-0.000124
0.000135
0.000394
0.000654
0.000913
0.001173
0.001432
0.001691
0.001951
0.002210
0.002470
0.002729
0.002988
0.003248
0.003507
0.003766
0.004026
0.004285
0.004545
0.004804
0.005063
0.005323
0.005582
0.005841
0.006101
0.006360
0.006619
0.006879
0.007138
0.007398
0.007657
0.007916
0.008176
0.008435
0.008694
0.008954
0.009213
0.009472
0.009731
0.009991
0.010250
0.010509
0.010769
0.011028
0.011287
0.011547
0.011806
0.012065
0.012324
0.012584
0.012843
0.013102
0.013361
0.013621
0.013880
0.014139
0.014398
0.014657
0.014917
0.015176
0.015435
0.015694
0.015953
0.016213
0.016472
0.016731
0.016990
0.017249
0.017508
0.017767
0.018027
0.018286
0.018545
0.018804
0.019063
0.019322
0.019581
0.019840
0.020099
0.020358
0.020617
0.020876
0.021135
0.021394
0.021653
0.021912
0.022171
0.022430
0.022689
0.022948
0.023207
0.023466
0.023725
0.023984
0.024243
0.024502
0.024761
0.025020
0.025279
0.025537
0.025796
0.026055
0.026314
0.026573
0.026832
0.027090
0.027349
0.027608
0.027867
0.028125
0.028384
0.028643
0.028902
0.029160
0.029419
0.029678
0.029936
0.030195
0.030454
0.030712
0.030971
0.031229
0.031488
0.031746
0.032005
0.032264
0.032522
0.032781
0.033039
0.033298
0.033556
0.033815
0.034073
0.034331
0.034590
0.034848
0.035107
0.035365
0.035623
0.035882
0.036140
0.036398
0.036657
0.036915
0.037173
0.037431
0.037690
0.037948
0.038206
0.038464
0.038722
0.038981
0.039239
0.039497
0.039755
0.040013
0.040271
0.040529
0.040787
0.041045
0.041303
0.041561
0.041819
0.042077
0.042335
0.042593
0.042851
0.043109
0.043367
0.043625
0.043882
0.044140
0.044398
0.044656
0.044913
0.045171
0.045429
0.045687
0.045944
0.046202
0.046460
0.046717
0.046975
0.047232
0.047490
0.047748
0.048005
0.048263
0.048520
0.048778
0.049035
0.049292
0.049550
0.049807
0.050065
0.050322
0.050579
0.050836
0.051094
0.051351
0.051608
0.051865
0.052123
0.052380
0.052637
0.052894
0.053151
0.053408
0.053665
0.053922
0.054179
0.054436
0.054693
0.054950
0.055207
0.055464
0.055721
0.055978
0.056235
0.056491
0.056748
0.057005
0.057262
0.057518
0.057775
0.058032
0.058288
0.058545
0.058802
0.059058
0.059315
0.059571
0.059828
0.060084
0.060341
0.060597
0.060854
0.061110
0.061366
0.061623
0.061879
0.062135
0.062391
0.062648
0.062904
0.063160
0.063416
0.063672
0.063928
0.064184
0.064440
0.064696
0.064952
0.065208
0.065464
0.065720
0.065976
0.066232
0.066488
0.066743
0.066999
0.067255
0.067511
0.067766
0.068022
0.068278
0.068533
0.068789
0.069044
0.069300
0.069555
0.069811
0.070066
0.070322
0.070577
0.070832
0.071088
0.071343
0.071598
0.071853
0.072108
0.072364
0.072619
0.072874
0.073129
0.073384
0.073639
0.073894
0.074149
0.074404
0.074659
0.074914
0.075168
0.075423
0.075678
0.075933
0.076187
0.076442
0.076697
0.076951
0.077206
0.077460
0.077715
0.077969
0.078224
0.078478
0.078733
0.078987
0.079241
0.079496
0.079750
0.080004
0.080258
0.080512
0.080766
0.081021
0.081275
0.081529
0.081783
0.082037
0.082290
0.082544
0.082798
0.083052
0.083306
0.083560
0.083813
0.084067
0.084321
0.084574
0.084828
0.085081
0.085335
0.085588
0.085842
0.086095
0.086348
0.086602
0.086855
0.087108
0.087362
0.087615
0.087868
0.088121
0.088374
0.088627
0.088880
0.089133
0.089386
0.089639
0.089892
0.090145
0.090397
0.090650
0.090903
0.091155
0.091408
0.091661
0.091913
0.092166
0.092418
0.092671
0.092923
0.093175
0.093428
0.093680
0.093932
0.094185
0.094437
0.094689
0.094941
0.095193
0.095445
0.095697
0.095949
0.096201
0.096453
0.096705
0.096956
0.097208
0.097460
0.097711
0.097963
0.098215
0.098466
0.098718
0.098969
0.099221
0.099472
0.099723
0.099975
0.100226
0.100477
0.100728
0.100979
0.101230
0.101481
0.101732
0.101983
0.102234
0.102485
0.102736
0.102987
0.103238
0.103488
0.103739
0.103990
0.104240
0.104491
0.104741
0.104992
0.105242
0.105493
0.105743
0.105993
0.106243
0.106494
0.106744
0.106994
0.107244
0.107494
0.107744
0.107994
0.108244
0.108494
0.108743
0.108993
0.109243
0.109493
0.109742
0.109992
0.110241
0.110491
0.110740
0.110990
0.111239
0.111488
0.111738
0.111987
0.112236
0.112485
0.112734
0.112983
0.113232
0.113481
0.113730
0.113979
0.114228
0.114477
0.114725
0.114974
0.115223
0.115471
0.115720
0.115968
0.116217
0.116465
0.116713
0.116962
0.117210
0.117458
0.117706
0.117954
0.118202
0.118450
0.118698
0.118946
0.119194
0.119442
0.119690
0.119937
0.120185
0.120433
0.120680
0.120928
0.121175
0.121422
0.121670
0.121917
0.122164
0.122412
0.122659
0.122906
0.123153
0.123400
0.123647
0.123894
0.124141
0.124388
0.124634
0.124881
0.125128
0.125374
0.125621
0.125867
0.126114
0.126360
0.126607
0.126853
0.127099
0.127345
0.127592
0.127838
0.128084
0.128330
0.128576
0.128821
0.129067
0.129313
0.129559
0.129804
0.130050
0.130296
0.130541
0.130787
0.131032
0.131277
0.131523
0.131768
0.132013
0.132258
0.132503
0.132748
0.132993
0.133238
0.133483
0.133728
0.133973
0.134218
0.134462
0.134707
0.134951
0.135196
0.135440
0.135685
0.135929
0.136173
0.136418
0.136662
0.136906
0.137150
0.137394
0.137638
0.137882
0.138126
0.138369
0.138613
0.138857
0.139100
0.139344
0.139587
0.139831
0.140074
0.140318
0.140561
0.140804
0.141047
0.141290
0.141533
0.141776
0.142019
0.142262
0.142505
0.142748
0.142990
0.143233
0.143476
0.143718
0.143961
0.144203
0.144445
0.144688
0.144930
0.145172
0.145414
0.145656
0.145898
0.146140
0.146382
0.146624
0.146865
0.147107
0.147349
0.147590
0.147832
0.148073
0.148315
0.148556
0.148797
0.149039
0.149280
0.149521
0.149762
0.150003
0.150244
0.150485
0.150725
0.150966
0.151207
0.151447
0.151688
0.151929
0.152169
0.152409
0.152650
0.152890
0.153130
0.153370
0.153610
0.153850
0.154090
0.154330
0.154570
0.154810
0.155049
0.155289
0.155528
0.155768
0.156007
0.156247
0.156486
0.156725
0.156965
0.157204
0.157443
0.157682
0.157921
0.158159
0.158398
0.158637
0.158876
0.159114
0.159353
0.159591
0.159830
0.160068
0.160306
0.160545
0.160783
0.161021
0.161259
0.161497
0.161735
0.161973
0.162210
0.162448
0.162686
0.162923
0.163161
0.163398
0.163636
0.163873
0.164110
0.164347
0.164585
0.164822
0.165059
0.165295
0.165532
0.165769
0.166006
0.166242
0.166479
0.166716
0.166952
0.167188
0.167425
0.167661
0.167897
0.168133
0.168369
0.168605
0.168841
0.169077
0.169313
0.169549
0.169784
0.170020
0.170255
0.170491
0.170726
0.170961
0.171197
0.171432
0.171667
0.171902
0.172137
0.172372
0.172606
0.172841
0.173076
0.173311
0.173545
0.173780
0.174014
0.174248
0.174482
0.174717
0.174951
0.175185
0.175419
0.175653
0.175887
0.176120
0.176354
0.176588
0.176821
0.177055
0.177288
0.177521
0.177755
0.177988
0.178221
0.178454
0.178687
0.178920
0.179153
0.179386
0.179618
0.179851
0.180084
0.180316
0.180548
0.180781
0.181013
0.181245
0.181477
0.181709
0.181941
0.182173
0.182405
0.182637
0.182869
0.183100
0.183332
0.183563
0.183795
0.184026
0.184257
0.184488
0.184719
0.184950
0.185181
0.185412
0.185643
0.185874
0.186104
0.186335
0.186566
0.186796
0.187026
0.187257
0.187487
0.187717
0.187947
0.188177
0.188407
0.188637
0.188867
0.189096
0.189326
0.189555
0.189785
0.190014
0.190243
0.190473
0.190702
0.190931
0.191160
0.191389
0.191618
0.191847
0.192075
0.192304
0.192532
0.192761
0.192989
0.193218
0.193446
0.193674
0.193902
0.194130
0.194358
0.194586
0.194814
0.195041
0.195269
0.195496
0.195724
0.195951
0.196179
0.196406
0.196633
0.196860
0.197087
0.197314
0.197541
0.197768
0.197994
0.198221
0.198447
0.198674
0.198900
0.199126
0.199353
0.199579
0.199805
0.200031
0.200257
0.200482
0.200708
0.200934
0.201159
0.201385
0.201610
0.201836
0.202061
0.202286
0.202511
0.202736
0.202961
0.203186
0.203411
0.203635
0.203860
0.204085
0.204309
0.204533
0.204758
0.204982
0.205206
0.205430
0.205654
0.205878
0.206102
0.206325
0.206549
0.206773
0.206996
0.207219
0.207443
0.207666
0.207889
0.208112
0.208335
0.208558
0.208781
0.209003
0.209226
0.209449
0.209671
0.209894
0.210116
0.210338
0.210560
0.210782
0.211004
0.211226
0.211448
0.211670
0.211891
0.212113
0.212334
0.212556
0.212777
0.212998
0.213219
0.213441
0.213661
0.213882
0.214103
0.214324
0.214545
0.214765
0.214986
0.215206
0.215426
0.215646
0.215867
0.216087
0.216307
0.216526
0.216746
0.216966
0.217185
0.217405
0.217624
0.217844
0.218063
0.218282
0.218501
0.218720
0.218939
0.219158
0.219377
0.219596
0.219814
0.220033
0.220251
0.220469
0.220688
0.220906
0.221124
0.221342
0.221560
0.221777
0.221995
0.222213
0.222430
0.222648
0.222865
0.223082
0.223299
0.223517
0.223734
0.223951
0.224167
0.224384
0.224601
0.224817
0.225034
0.225250
0.225466
0.225683
0.225899
0.226115
0.226331
0.226547
0.226762
0.226978
0.227194
0.227409
0.227625
0.227840
0.228055
0.228270
0.228485
0.228700
0.228915
0.229130
0.229345
0.229559
0.229774
0.229988
0.230202
0.230417
0.230631
0.230845
0.231059
0.231273
0.231486
0.231700
0.231914
0.232127
0.232341
0.232554
0.232767
0.232980
0.233193
0.233406
0.233619
0.233832
0.234045
0.234257
0.234470
0.234682
0.234895
0.235107
0.235319
0.235531
0.235743
0.235955
0.236167
0.236378
0.236590
0.236801
0.237013
0.237224
0.237435
0.237646
0.237857
0.238068
0.238279
0.238490
0.238701
0.238911
0.239122
0.239332
0.239542
0.239752
0.239963
0.240173
0.240382
0.240592
0.240802
0.241012
0.241221
0.241431
0.241640
0.241849
0.242058
0.242267
0.242476
0.242685
0.242894
0.243103
0.243311
0.243520
0.243728
0.243936
0.244145
0.244353
0.244561
0.244769
0.244976
0.245184
0.245392
0.245599
0.245807
0.246014
0.246221
0.246428
0.246635
0.246842
0.247049
0.247256
0.247463
0.247669
0.247876
0.248082
0.248288
0.248495
0.248701
0.248907
0.249113
0.249318
0.249524
0.249730
0.249935
0.250141
0.250346
0.250551
0.250756
0.250961
0.251166
0.251371
0.251576
0.251780
0.251985
0.252189
0.252394
0.252598
0.252802
0.253006
0.253210
0.253414
0.253617
0.253821
0.254025
0.254228
0.254431
0.254635
0.254838
0.255041
0.255244
0.255447
0.255649
0.255852
0.256055
0.256257
0.256459
0.256662
0.256864
0.257066
0.257268
0.257470
0.257671
0.257873
0.258075
0.258276
0.258477
0.258679
0.258880
0.259081
0.259282
0.259483
0.259683
0.259884
0.260085
0.260285
0.260485
0.260686
0.260886
0.261086
0.261286
0.261486
0.261685
0.261885
0.262085
0.262284
0.262483
0.262683
0.262882
0.263081
0.263280
0.263478
0.263677
0.263876
0.264074
0.264273
0.264471
0.264669
0.264867
0.265065
0.265263
0.265461
0.265659
0.265856
0.266054
0.266251
0.266449
0.266646
0.266843
0.267040
0.267237
0.267433
0.267630
0.267827
0.268023
0.268219
0.268416
0.268612
0.268808
0.269004
0.269200
0.269395
0.269591
0.269787
0.269982
0.270177
0.270373
0.270568
0.270763
0.270958
0.271152
0.271347
0.271542
0.271736
0.271930
0.272125
0.272319
0.272513
0.272707
0.272901
0.273094
0.273288
0.273482
0.273675
0.273868
0.274062
0.274255
0.274448
0.274641
0.274833
0.275026
0.275219
0.275411
0.275604
0.275796
0.275988
0.276180
0.276372
0.276564
0.276756
0.276947
0.277139
0.277330
0.277521
0.277713
0.277904
0.278095
0.278286
0.278476
0.278667
0.278858
0.279048
0.279238
0.279429
0.279619
0.279809
0.279999
0.280188
0.280378
0.280568
0.280757
0.280947
0.281136
0.281325
0.281514
0.281703
0.281892
0.282081
0.282269
0.282458
0.282646
0.282834
0.283023
0.283211
0.283399
0.283586
0.283774
0.283962
0.284149
0.284337
0.284524
0.284711
0.284898
0.285085
0.285272
0.285459
0.285646
0.285832
0.286019
0.286205
0.286391
0.286577
0.286763
0.286949
0.287135
0.287321
0.287506
0.287692
0.287877
0.288062
0.288247
0.288432
0.288617
0.288802
0.288987
0.289171
0.289356
0.289540
0.289724
0.289908
0.290093
0.290276
0.290460
0.290644
0.290827
0.291011
0.291194
0.291377
0.291561
0.291744
0.291927
0.292109
0.292292
0.292475
0.292657
0.292839
0.293022
0.293204
0.293386
0.293568
0.293749
0.293931
0.294113
0.294294
0.294475
0.294657
0.294838
0.295019
0.295200
0.295380
0.295561
0.295742
0.295922
0.296102
0.296283
0.296463
0.296643
0.296822
0.297002
0.297182
0.297361
0.297541
0.297720
0.297899
0.298078
0.298257
0.298436
0.298615
0.298794
0.298972
0.299150
0.299329
0.299507
0.299685
0.299863
0.300041
0.300218
0.300396
0.300574
0.300751
0.300928
0.301105
0.301282
0.301459
0.301636
0.301813
0.301989
0.302166
0.302342
0.302518
0.302694
0.302870
0.303046
0.303222
0.303398
0.303573
0.303749
0.303924
0.304099
0.304274
0.304449
0.304624
0.304799
0.304973
0.305148
0.305322
0.305496
0.305670
0.305845
0.306018
0.306192
0.306366
0.306539
0.306713
0.306886
0.307059
0.307233
0.307406
0.307578
0.307751
0.307924
0.308096
0.308269
0.308441
0.308613
0.308785
0.308957
0.309129
0.309301
0.309472
0.309644
0.309815
0.309986
0.310157
0.310328
0.310499
0.310670
0.310841
0.311011
0.311182
0.311352
0.311522
0.311692
0.311862
0.312032
0.312201
0.312371
0.312541
0.312710
0.312879
0.313048
0.313217
0.313386
0.313555
0.313723
0.313892
0.314060
0.314229
0.314397
0.314565
0.314733
0.314901
0.315068
0.315236
0.315403
0.315571
0.315738
0.315905
0.316072
0.316239
0.316405
0.316572
0.316739
0.316905
0.317071
0.317237
0.317403
0.317569
0.317735
0.317901
0.318066
0.318232
0.318397
0.318562
0.318727
0.318892
0.319057
0.319222
0.319386
0.319551
0.319715
0.319879
0.320043
0.320207
0.320371
0.320535
0.320698
0.320862
0.321025
0.321189
0.321352
0.321515
0.321678
0.321840
0.322003
0.322165
0.322328
0.322490
0.322652
0.322814
0.322976
0.323138
0.323300
0.323461
0.323623
0.323784
0.323945
0.324106
0.324267
0.324428
0.324589
0.324749
0.324910
0.325070
0.325230
0.325390
0.325550
0.325710
0.325870
0.326030
0.326189
0.326348
0.326508
0.326667
0.326826
0.326985
0.327143
0.327302
0.327461
0.327619
0.327777
0.327935
0.328093
0.328251
0.328409
0.328567
0.328724
0.328882
0.329039
0.329196
0.329353
0.329510
0.329667
0.329823
0.329980
0.330136
0.330293
0.330449
0.330605
0.330761
0.330917
0.331072
0.331228
0.331383
0.331538
0.331694
0.331849
0.332004
0.332158
0.332313
0.332468
0.332622
0.332776
0.332931
0.333085
0.333239
0.333392
0.333546
0.333700
0.333853
0.334006
0.334160
0.334313
0.334466
0.334618
0.334771
0.334924
0.335076
0.335228
0.335381
0.335533
0.335685
0.335836
0.335988
0.336140
0.336291
0.336442
0.336593
0.336745
0.336895
0.337046
0.337197
0.337348
0.337498
0.337648
0.337798
0.337949
0.338098
0.338248
0.338398
0.338547
0.338697
0.338846
0.338995
0.339144
0.339293
0.339442
0.339591
0.339739
0.339888
0.340036
0.340184
0.340332
0.340480
0.340628
0.340776
0.340923
0.341071
0.341218
0.341365
0.341512
0.341659
0.341806
0.341952
0.342099
0.342245
0.342391
0.342538
0.342684
0.342829
0.342975
0.343121
0.343266
0.343412
0.343557
0.343702
0.343847
0.343992
