-0.217201
-0.217233
-0.217265
-0.217297
-0.217329
-0.217361
-0.217393
-0.217425
-0.217457
-0.217489
-0.217521
-0.217553
-0.217585
-0.217617
-0.217648
-0.217680
-0.217712
-0.217744
-0.217776
-0.217808
-0.217840
-0.217871
-0.217903
-0.217935
-0.217967
-0.217999
-0.218030
-0.218062
-0.218094
-0.218126
-0.218157
-0.218189
-0.218221
-0.218253
-0.218284
-0.218316
-0.218348
-0.218379
-0.218411
-0.218443
-0.218475
-0.218506
-0.218538
-0.218569
-0.218601
-0.218633
-0.218664
-0.218696
-0.218728
-0.218759
-0.218791
-0.218822
-0.218854
-0.218885
-0.218917
-0.218948
-0.218980
-0.219012
-0.219043
-0.219075
-0.219106
-0.219138
-0.219169
-0.219200
-0.219232
-0.219263
-0.219295
-0.219326
-0.219358
-0.219389
-0.219421
-0.219452
-0.219483
-0.219515
-0.219546
-0.219577
-0.219609
-0.219640
-0.219671
-0.219703
-0.219734
-0.219765
-0.219797
-0.219828
-0.219859
-0.219891
-0.219922
-0.219953
-0.219984
-0.220016
-0.220047
-0.220078
-0.220109
-0.220140
-0.220172
-0.220203
-0.220234
-0.220265
-0.220296
-0.220328
-0.220359
-0.220390
-0.220421
-0.220452
-0.220483
-0.220514
-0.220545
-0.220577
-0.220608
-0.220639
-0.220670
-0.220701
-0.220732
-0.220763
-0.220794
-0.220825
-0.220856
-0.220887
-0.220918
-0.220949
-0.220980
-0.221011
-0.221042
-0.221073
-0.221104
-0.221135
-0.221166
-0.221196
-0.221227
-0.221258
-0.221289
-0.221320
-0.221351
-0.221382
-0.221413
-0.221443
-0.221474
-0.221505
-0.221536
-0.221567
-0.221597
-0.221628
-0.221659
-0.221690
-0.221721
-0.221751
-0.221782
-0.221813
-0.221844
-0.221874
-0.221905
-0.221936
-0.221966
-0.221997
-0.222028
-0.222058
-0.222089
-0.222120
-0.222150
-0.222181
-0.222212
-0.222242
-0.222273
-0.222303
-0.222334
-0.222365
-0.222395
-0.222426
-0.222456
-0.222487
-0.222517
-0.222548
-0.222578
-0.222609
-0.222639
-0.222670
-0.222700
-0.222731
-0.222761
-0.222792
-0.222822
-0.222853
-0.222883
-0.222914
-0.222944
-0.222974
-0.223005
-0.223035
-0.223066
-0.223096
-0.223126
-0.223157
-0.223187
-0.223217
-0.223248
-0.223278
-0.223308
-0.223339
-0.223369
-0.223399
-0.223429
-0.223460
-0.223490
-0.223520
-0.223550
-0.223581
-0.223611
-0.223641
-0.223671
-0.223702
-0.223732
-0.223762
-0.223792
-0.223822
-0.223852
-0.223883
-0.223913
-0.223943
-0.223973
-0.224003
-0.224033
-0.224063
-0.224093
-0.224123
-0.224153
-0.224183
-0.224214
-0.224244
-0.224274
-0.224304
-0.224334
-0.224364
-0.224394
-0.224424
-0.224454
-0.224484
-0.224514
-0.224543
-0.224573
-0.224603
-0.224633
-0.224663
-0.224693
-0.224723
-0.224753
-0.224783
-0.224813
-0.224842
-0.224872
-0.224902
-0.224932
-0.224962
-0.224992
-0.225021
-0.225051
-0.225081
-0.225111
-0.225141
-0.225170
-0.225200
-0.225230
-0.225260
-0.225289
-0.225319
-0.225349
-0.225378
-0.225408
-0.225438
-0.225468
-0.225497
-0.225527
-0.225556
-0.225586
-0.225616
-0.225645
-0.225675
-0.225705
-0.225734
-0.225764
-0.225793
-0.225823
-0.225852
-0.225882
-0.225912
-0.225941
-0.225971
-0.226000
-0.226030
-0.226059
-0.226089
-0.226118
-0.226148
-0.226177
-0.226207
-0.226236
-0.226265
-0.226295
-0.226324
-0.226354
-0.226383
-0.226412
-0.226442
-0.226471
-0.226501
-0.226530
-0.226559
-0.226589
-0.226618
-0.226647
-0.226677
-0.226706
-0.226735
-0.226764
-0.226794
-0.226823
-0.226852
-0.226881
-0.226911
-0.226940
-0.226969
-0.226998
-0.227028
-0.227057
-0.227086
-0.227115
-0.227144
-0.227173
-0.227203
-0.227232
-0.227261
-0.227290
-0.227319
-0.227348
-0.227377
-0.227406
-0.227436
-0.227465
-0.227494
-0.227523
-0.227552
-0.227581
-0.227610
-0.227639
-0.227668
-0.227697
-0.227726
-0.227755
-0.227784
-0.227813
-0.227842
-0.227871
-0.227900
-0.227929
-0.227957
-0.227986
-0.228015
-0.228044
-0.228073
-0.228102
-0.228131
-0.228160
-0.228188
-0.228217
-0.228246
-0.228275
-0.228304
-0.228333
-0.228361
-0.228390
-0.228419
-0.228448
-0.228476
-0.228505
-0.228534
-0.228563
-0.228591
-0.228620
-0.228649
-0.228678
-0.228706
-0.228735
-0.228764
-0.228792
-0.228821
-0.228850
-0.228878
-0.228907
-0.228935
-0.228964
-0.228993
-0.229021
-0.229050
-0.229078
-0.229107
-0.229135
-0.229164
-0.229193
-0.229221
-0.229250
-0.229278
-0.229307
-0.229335
-0.229364
-0.229392
-0.229420
-0.229449
-0.229477
-0.229506
-0.229534
-0.229563
-0.229591
-0.229619
-0.229648
-0.229676
-0.229705
-0.229733
-0.229761
-0.229790
-0.229818
-0.229846
-0.229875
-0.229903
-0.229931
-0.229960
-0.229988
-0.230016
-0.230044
-0.230073
-0.230101
-0.230129
-0.230157
-0.230186
-0.230214
-0.230242
-0.230270
-0.230298
-0.230327
-0.230355
-0.230383
-0.230411
-0.230439
-0.230467
-0.230495
-0.230523
-0.230552
-0.230580
-0.230608
-0.230636
-0.230664
-0.230692
-0.230720
-0.230748
-0.230776
-0.230804
-0.230832
-0.230860
-0.230888
-0.230916
-0.230944
-0.230972
-0.231000
-0.231028
-0.231056
-0.231084
-0.231112
-0.231140
-0.231168
-0.231195
-0.231223
-0.231251
-0.231279
-0.231307
-0.231335
-0.231363
-0.231390
-0.231418
-0.231446
-0.231474
-0.231502
-0.231529
-0.231557
-0.231585
-0.231613
-0.231641
-0.231668
-0.231696
-0.231724
-0.231751
-0.231779
-0.231807
-0.231835
-0.231862
-0.231890
-0.231918
-0.231945
-0.231973
-0.232000
-0.232028
-0.232056
-0.232083
-0.232111
-0.232138
-0.232166
-0.232194
-0.232221
-0.232249
-0.232276
-0.232304
-0.232331
-0.232359
-0.232386
-0.232414
-0.232441
-0.232469
-0.232496
-0.232524
-0.232551
-0.232579
-0.232606
-0.232633
-0.232661
-0.232688
-0.232716
-0.232743
-0.232770
-0.232798
-0.232825
-0.232853
-0.232880
-0.232907
-0.232935
-0.232962
-0.232989
-0.233016
-0.233044
-0.233071
-0.233098
-0.233126
-0.233153
-0.233180
-0.233207
-0.233234
-0.233262
-0.233289
-0.233316
-0.233343
-0.233370
-0.233398
-0.233425
-0.233452
-0.233479
-0.233506
-0.233533
-0.233560
-0.233588
-0.233615
-0.233642
-0.233669
-0.233696
-0.233723
-0.233750
-0.233777
-0.233804
-0.233831
-0.233858
-0.233885
-0.233912
-0.233939
-0.233966
-0.233993
-0.234020
-0.234047
-0.234074
-0.234101
-0.234128
-0.234155
-0.234182
-0.234208
-0.234235
-0.234262
-0.234289
-0.234316
-0.234343
-0.234370
-0.234396
-0.234423
-0.234450
-0.234477
-0.234504
-0.234530
-0.234557
-0.234584
-0.234611
-0.234638
-0.234664
-0.234691
-0.234718
-0.234744
-0.234771
-0.234798
-0.234824
-0.234851
-0.234878
-0.234904
-0.234931
-0.234958
-0.234984
-0.235011
-0.235038
-0.235064
-0.235091
-0.235117
-0.235144
-0.235171
-0.235197
-0.235224
-0.235250
-0.235277
-0.235303
-0.235330
-0.235356
-0.235383
-0.235409
-0.235436
-0.235462
-0.235489
-0.235515
-0.235541
-0.235568
-0.235594
-0.235621
-0.235647
-0.235674
-0.235700
-0.235726
-0.235753
-0.235779
-0.235805
-0.235832
-0.235858
-0.235884
-0.235911
-0.235937
-0.235963
-0.235989
-0.236016
-0.236042
-0.236068
-0.236095
-0.236121
-0.236147
-0.236173
-0.236199
-0.236226
-0.236252
-0.236278
-0.236304
-0.236330
-0.236356
-0.236383
-0.236409
-0.236435
-0.236461
-0.236487
-0.236513
-0.236539
-0.236565
-0.236591
-0.236617
-0.236643
-0.236670
-0.236696
-0.236722
-0.236748
-0.236774
-0.236800
-0.236826
-0.236852
-0.236878
-0.236903
-0.236929
-0.236955
-0.236981
-0.237007
-0.237033
-0.237059
-0.237085
-0.237111
-0.237137
-0.237163
-0.237188
-0.237214
-0.237240
-0.237266
-0.237292
-0.237318
-0.237343
-0.237369
-0.237395
-0.237421
-0.237446
-0.237472
-0.237498
-0.237524
-0.237549
-0.237575
-0.237601
-0.237627
-0.237652
-0.237678
-0.237704
-0.237729
-0.237755
-0.237781
-0.237806
-0.237832
-0.237857
-0.237883
-0.237909
-0.237934
-0.237960
-0.237985
-0.238011
-0.238036
-0.238062
-0.238087
-0.238113
-0.238139
-0.238164
-0.238190
-0.238215
-0.238240
-0.238266
-0.238291
-0.238317
-0.238342
-0.238368
-0.238393
-0.238419
-0.238444
-0.238469
-0.238495
-0.238520
-0.238545
-0.238571
-0.238596
-0.238622
-0.238647
-0.238672
-0.238697
-0.238723
-0.238748
-0.238773
-0.238799
-0.238824
-0.238849
-0.238874
-0.238900
-0.238925
-0.238950
-0.238975
-0.239000
-0.239026
-0.239051
-0.239076
-0.239101
-0.239126
-0.239151
-0.239177
-0.239202
-0.239227
-0.239252
-0.239277
-0.239302
-0.239327
-0.239352
-0.239377
-0.239402
-0.239427
-0.239452
-0.239477
-0.239502
-0.239527
-0.239552
-0.239577
-0.239602
-0.239627
-0.239652
-0.239677
-0.239702
-0.239727
-0.239752
-0.239777
-0.239802
-0.239827
-0.239852
-0.239876
-0.239901
-0.239926
-0.239951
-0.239976
-0.240001
-0.240026
-0.240050
-0.240075
-0.240100
-0.240125
-0.240149
-0.240174
-0.240199
-0.240224
-0.240248
-0.240273
-0.240298
-0.240323
-0.240347
-0.240372
-0.240397
-0.240421
-0.240446
-0.240471
-0.240495
-0.240520
-0.240544
-0.240569
-0.240594
-0.240618
-0.240643
-0.240667
-0.240692
-0.240717
-0.240741
-0.240766
-0.240790
-0.240815
-0.240839
-0.240864
-0.240888
-0.240913
-0.240937
-0.240962
-0.240986
-0.241010
-0.241035
-0.241059
-0.241084
-0.241108
-0.241133
-0.241157
-0.241181
-0.241206
-0.241230
-0.241254
-0.241279
-0.241303
-0.241327
-0.241352
-0.241376
-0.241400
-0.241424
-0.241449
-0.241473
-0.241497
-0.241522
-0.241546
-0.241570
-0.241594
-0.241618
-0.241643
-0.241667
-0.241691
-0.241715
-0.241739
-0.241763
-0.241788
-0.241812
-0.241836
-0.241860
-0.241884
-0.241908
-0.241932
-0.241956
-0.241980
-0.242004
-0.242028
-0.242053
-0.242077
-0.242101
-0.242125
-0.242149
-0.242173
-0.242197
-0.242221
-0.242244
-0.242268
-0.242292
-0.242316
-0.242340
-0.242364
-0.242388
-0.242412
-0.242436
-0.242460
-0.242484
-0.242507
-0.242531
-0.242555
-0.242579
-0.242603
-0.242627
-0.242650
-0.242674
-0.242698
-0.242722
-0.242746
-0.242769
-0.242793
-0.242817
-0.242840
-0.242864
-0.242888
-0.242912
-0.242935
-0.242959
-0.242983
-0.243006
-0.243030
-0.243054
-0.243077
-0.243101
-0.243124
-0.243148
-0.243172
-0.243195
-0.243219
-0.243242
-0.243266
-0.243289
-0.243313
-0.243337
-0.243360
-0.243384
-0.243407
-0.243431
-0.243454
-0.243478
-0.243501
-0.243524
-0.243548
-0.243571
-0.243595
-0.243618
-0.243642
-0.243665
-0.243688
-0.243712
-0.243735
-0.243758
-0.243782
-0.243805
-0.243828
-0.243852
-0.243875
-0.243898
-0.243922
-0.243945
-0.243968
-0.243992
-0.244015
-0.244038
-0.244061
-0.244084
-0.244108
-0.244131
-0.244154
-0.244177
-0.244200
-0.244224
-0.244247
-0.244270
-0.244293
-0.244316
-0.244339
-0.244362
-0.244386
-0.244409
-0.244432
-0.244455
-0.244478
-0.244501
-0.244524
-0.244547
-0.244570
-0.244593
-0.244616
-0.244639
-0.244662
-0.244685
-0.244708
-0.244731
-0.244754
-0.244777
-0.244800
-0.244823
-0.244846
-0.244868
-0.244891
-0.244914
-0.244937
-0.244960
-0.244983
-0.245006
-0.245029
-0.245051
-0.245074
-0.245097
-0.245120
-0.245143
-0.245165
-0.245188
-0.245211
-0.245234
-0.245256
-0.245279
-0.245302
-0.245325
-0.245347
-0.245370
-0.245393
-0.245415
-0.245438
-0.245461
-0.245483
-0.245506
-0.245529
-0.245551
-0.245574
-0.245596
-0.245619
-0.245642
-0.245664
-0.245687
-0.245709
-0.245732
-0.245754
-0.245777
-0.245799
-0.245822
-0.245844
-0.245867
-0.245889
-0.245912
-0.245934
-0.245957
-0.245979
-0.246002
-0.246024
-0.246046
-0.246069
-0.246091
-0.246114
-0.246136
-0.246158
-0.246181
-0.246203
-0.246225
-0.246248
-0.246270
-0.246292
-0.246315
-0.246337
-0.246359
-0.246381
-0.246404
-0.246426
-0.246448
-0.246470
-0.246493
-0.246515
-0.246537
-0.246559
-0.246581
-0.246603
-0.246626
-0.246648
-0.246670
-0.246692
-0.246714
-0.246736
-0.246758
-0.246780
-0.246803
-0.246825
-0.246847
-0.246869
-0.246891
-0.246913
-0.246935
-0.246957
-0.246979
-0.247001
-0.247023
-0.247045
-0.247067
-0.247089
-0.247111
-0.247133
-0.247155
-0.247177
-0.247198
-0.247220
-0.247242
-0.247264
-0.247286
-0.247308
-0.247330
-0.247352
-0.247373
-0.247395
-0.247417
-0.247439
-0.247461
-0.247482
-0.247504
-0.247526
-0.247548
-0.247569
-0.247591
-0.247613
-0.247635
-0.247656
-0.247678
-0.247700
-0.247721
-0.247743
-0.247765
-0.247786
-0.247808
-0.247830
-0.247851
-0.247873
-0.247895
-0.247916
-0.247938
-0.247959
-0.247981
-0.248002
-0.248024
-0.248046
-0.248067
-0.248089
-0.248110
-0.248132
-0.248153
-0.248175
-0.248196
-0.248218
-0.248239
-0.248260
-0.248282
-0.248303
-0.248325
-0.248346
-0.248367
-0.248389
-0.248410
-0.248432
-0.248453
-0.248474
-0.248496
-0.248517
-0.248538
-0.248560
-0.248581
-0.248602
-0.248623
-0.248645
-0.248666
-0.248687
-0.248708
-0.248730
-0.248751
-0.248772
-0.248793
-0.248815
-0.248836
-0.248857
-0.248878
-0.248899
-0.248920
-0.248941
-0.248963
-0.248984
-0.249005
-0.249026
-0.249047
-0.249068
-0.249089
-0.249110
-0.249131
-0.249152
-0.249173
-0.249194
-0.249215
-0.249236
-0.249257
-0.249278
-0.249299
-0.249320
-0.249341
-0.249362
-0.249383
-0.249404
-0.249425
-0.249446
-0.249467
-0.249488
-0.249508
-0.249529
-0.249550
-0.249571
-0.249592
-0.249613
-0.249633
-0.249654
-0.249675
-0.249696
-0.249717
-0.249737
-0.249758
-0.249779
-0.249800
-0.249820
-0.249841
-0.249862
-0.249883
-0.249903
-0.249924
-0.249945
-0.249965
-0.249986
-0.250007
-0.250027
-0.250048
-0.250068
-0.250089
-0.250110
-0.250130
-0.250151
-0.250171
-0.250192
-0.250212
-0.250233
-0.250253
-0.250274
-0.250295
-0.250315
-0.250335
-0.250356
-0.250376
-0.250397
-0.250417
-0.250438
-0.250458
-0.250479
-0.250499
-0.250519
-0.250540
-0.250560
-0.250581
-0.250601
-0.250621
-0.250642
-0.250662
-0.250682
-0.250703
-0.250723
-0.250743
-0.250763
-0.250784
-0.250804
-0.250824
-0.250845
-0.250865
-0.250885
-0.250905
-0.250925
-0.250946
-0.250966
-0.250986
-0.251006
-0.251026
-0.251046
-0.251067
-0.251087
-0.251107
-0.251127
-0.251147
-0.251167
-0.251187
-0.251207
-0.251227
-0.251247
-0.251267
-0.251287
-0.251308
-0.251328
-0.251348
-0.251368
-0.251387
-0.251407
-0.251427
-0.251447
-0.251467
-0.251487
-0.251507
-0.251527
-0.251547
-0.251567
-0.251587
-0.251607
-0.251627
-0.251646
-0.251666
-0.251686
-0.251706
-0.251726
-0.251746
-0.251765
-0.251785
-0.251805
-0.251825
-0.251844
-0.251864
-0.251884
-0.251904
-0.251923
-0.251943
-0.251963
-0.251982
-0.252002
-0.252022
-0.252042
-0.252061
-0.252081
-0.252100
-0.252120
-0.252140
-0.252159
-0.252179
-0.252198
-0.252218
-0.252238
-0.252257
-0.252277
-0.252296
-0.252316
-0.252335
-0.252355
-0.252374
-0.252394
-0.252413
-0.252433
-0.252452
-0.252472
-0.252491
-0.252511
-0.252530
-0.252549
-0.252569
-0.252588
-0.252608
-0.252627
-0.252646
-0.252666
-0.252685
-0.252704
-0.252724
-0.252743
-0.252762
-0.252781
-0.252801
-0.252820
-0.252839
-0.252859
-0.252878
-0.252897
-0.252916
-0.252935
-0.252955
-0.252974
-0.252993
-0.253012
-0.253031
-0.253051
-0.253070
-0.253089
-0.253108
-0.253127
-0.253146
-0.253165
-0.253184
-0.253203
-0.253223
-0.253242
-0.253261
-0.253280
-0.253299
-0.253318
-0.253337
-0.253356
-0.253375
-0.253394
-0.253413
-0.253432
-0.253451
-0.253470
-0.253488
-0.253507
-0.253526
-0.253545
-0.253564
-0.253583
-0.253602
-0.253621
-0.253640
-0.253658
-0.253677
-0.253696
-0.253715
-0.253734
-0.253752
-0.253771
-0.253790
-0.253809
-0.253828
-0.253846
-0.253865
-0.253884
-0.253903
-0.253921
-0.253940
-0.253959
-0.253977
-0.253996
-0.254015
-0.254033
-0.254052
-0.254071
-0.254089
-0.254108
-0.254126
-0.254145
-0.254164
-0.254182
-0.254201
-0.254219
-0.254238
-0.254256
-0.254275
-0.254293
-0.254312
-0.254330
-0.254349
-0.254367
-0.254386
-0.254404
-0.254423
-0.254441
-0.254459
-0.254478
-0.254496
-0.254515
-0.254533
-0.254551
-0.254570
-0.254588
-0.254606
-0.254625
-0.254643
-0.254661
-0.254680
-0.254698
-0.254716
-0.254735
-0.254753
-0.254771
-0.254789
-0.254808
-0.254826
-0.254844
-0.254862
-0.254880
-0.254899
-0.254917
-0.254935
-0.254953
-0.254971
-0.254989
-0.255008
-0.255026
-0.255044
-0.255062
-0.255080
-0.255098
-0.255116
-0.255134
-0.255152
-0.255170
-0.255188
-0.255206
-0.255224
-0.255242
-0.255260
-0.255278
-0.255296
-0.255314
-0.255332
-0.255350
-0.255368
-0.255386
-0.255404
-0.255422
-0.255440
-0.255458
-0.255475
-0.255493
-0.255511
-0.255529
-0.255547
-0.255565
-0.255582
-0.255600
-0.255618
-0.255636
-0.255654
-0.255671
-0.255689
-0.255707
-0.255725
-0.255742
-0.255760
-0.255778
-0.255795
-0.255813
-0.255831
-0.255849
-0.255866
-0.255884
-0.255901
-0.255919
-0.255937
-0.255954
-0.255972
-0.255989
-0.256007
-0.256025
-0.256042
-0.256060
-0.256077
-0.256095
-0.256112
-0.256130
-0.256147
-0.256165
-0.256182
-0.256200
-0.256217
-0.256235
-0.256252
-0.256270
-0.256287
-0.256304
-0.256322
-0.256339
-0.256357
-0.256374
-0.256391
-0.256409
-0.256426
-0.256443
-0.256461
-0.256478
-0.256495
-0.256513
-0.256530
-0.256547
-0.256564
-0.256582
-0.256599
-0.256616
-0.256633
-0.256651
-0.256668
-0.256685
-0.256702
-0.256719
-0.256736
-0.256754
-0.256771
-0.256788
-0.256805
-0.256822
-0.256839
-0.256856
-0.256873
-0.256890
-0.256908
-0.256925
-0.256942
-0.256959
-0.256976
-0.256993
-0.257010
-0.257027
-0.257044
-0.257061
-0.257078
-0.257095
-0.257112
-0.257128
-0.257145
-0.257162
-0.257179
-0.257196
-0.257213
-0.257230
-0.257247
-0.257264
-0.257280
-0.257297
-0.257314
-0.257331
-0.257348
-0.257365
-0.257381
-0.257398
-0.257415
-0.257432
-0.257448
-0.257465
-0.257482
-0.257499
-0.257515
-0.257532
-0.257549
-0.257565
-0.257582
-0.257599
-0.257615
-0.257632
-0.257649
-0.257665
-0.257682
-0.257698
-0.257715
-0.257732
-0.257748
-0.257765
-0.257781
-0.257798
-0.257814
-0.257831
-0.257847
-0.257864
-0.257880
-0.257897
-0.257913
-0.257930
-0.257946
-0.257963
-0.257979
-0.257995
-0.258012
-0.258028
-0.258045
-0.258061
-0.258077
-0.258094
-0.258110
-0.258126
-0.258143
-0.258159
-0.258175
-0.258192
-0.258208
-0.258224
-0.258241
-0.258257
-0.258273
-0.258289
-0.258306
-0.258322
-0.258338
-0.258354
-0.258370
-0.258387
-0.258403
-0.258419
-0.258435
-0.258451
-0.258467
-0.258483
-0.258500
-0.258516
-0.258532
-0.258548
-0.258564
-0.258580
-0.258596
-0.258612
-0.258628
-0.258644
-0.258660
-0.258676
-0.258692
-0.258708
-0.258724
-0.258740
-0.258756
-0.258772
-0.258788
-0.258804
-0.258820
-0.258836
-0.258852
-0.258867
-0.258883
-0.258899
-0.258915
-0.258931
-0.258947
-0.258963
-0.258978
-0.258994
-0.259010
-0.259026
-0.259042
-0.259057
-0.259073
-0.259089
-0.259105
-0.259120
-0.259136
-0.259152
-0.259167
-0.259183
-0.259199
-0.259214
-0.259230
-0.259246
-0.259261
-0.259277
-0.259293
-0.259308
-0.259324
-0.259339
-0.259355
-0.259371
-0.259386
-0.259402
-0.259417
-0.259433
-0.259448
-0.259464
-0.259479
-0.259495
-0.259510
-0.259526
-0.259541
-0.259557
-0.259572
-0.259587
-0.259603
-0.259618
-0.259634
-0.259649
-0.259664
-0.259680
-0.259695
-0.259710
-0.259726
-0.259741
-0.259756
-0.259772
-0.259787
-0.259802
-0.259818
-0.259833
-0.259848
-0.259863
-0.259879
-0.259894
-0.259909
-0.259924
-0.259939
-0.259955
-0.259970
-0.259985
-0.260000
-0.260015
-0.260030
-0.260046
-0.260061
-0.260076
-0.260091
-0.260106
-0.260121
-0.260136
-0.260151
-0.260166
-0.260181
-0.260196
-0.260211
-0.260226
-0.260241
-0.260256
-0.260271
-0.260286
-0.260301
-0.260316
-0.260331
-0.260346
-0.260361
-0.260376
-0.260391
-0.260406
-0.260421
-0.260435
-0.260450
-0.260465
-0.260480
-0.260495
-0.260510
-0.260524
-0.260539
-0.260554
-0.260569
-0.260584
-0.260598
-0.260613
-0.260628
-0.260643
-0.260657
-0.260672
-0.260687
-0.260701
-0.260716
-0.260731
-0.260745
-0.260760
-0.260775
-0.260789
-0.260804
-0.260818
-0.260833
-0.260848
-0.260862
-0.260877
-0.260891
-0.260906
-0.260920
-0.260935
-0.260949
-0.260964
-0.260978
-0.260993
-0.261007
-0.261022
-0.261036
-0.261051
-0.261065
-0.261080
-0.261094
-0.261109
-0.261123
-0.261137
-0.261152
-0.261166
-0.261180
-0.261195
-0.261209
-0.261223
-0.261238
-0.261252
-0.261266
-0.261281
-0.261295
-0.261309
-0.261323
-0.261338
-0.261352
-0.261366
-0.261380
-0.261395
-0.261409
-0.261423
-0.261437
-0.261451
-0.261465
-0.261480
-0.261494
-0.261508
-0.261522
-0.261536
-0.261550
-0.261564
-0.261578
-0.261592
-0.261607
-0.261621
-0.261635
-0.261649
-0.261663
-0.261677
-0.261691
-0.261705
-0.261719
-0.261733
-0.261747
-0.261760
-0.261774
-0.261788
-0.261802
-0.261816
-0.261830
-0.261844
-0.261858
-0.261872
-0.261886
-0.261899
-0.261913
-0.261927
-0.261941
-0.261955
-0.261968
-0.261982
-0.261996
-0.262010
-0.262024
-0.262037
-0.262051
-0.262065
-0.262078
-0.262092
-0.262106
-0.262120
-0.262133
-0.262147
-0.262161
-0.262174
-0.262188
-0.262201
-0.262215
-0.262229
-0.262242
-0.262256
-0.262269
-0.262283
-0.262297
-0.262310
-0.262324
-0.262337
-0.262351
-0.262364
-0.262378
-0.262391
-0.262405
-0.262418
-0.262432
-0.262445
-0.262458
-0.262472
-0.262485
-0.262499
-0.262512
-0.262525
-0.262539
-0.262552
-0.262566
-0.262579
-0.262592
-0.262606
-0.262619
-0.262632
-0.262645
-0.262659
-0.262672
-0.262685
-0.262699
-0.262712
-0.262725
-0.262738
-0.262751
-0.262765
-0.262778
-0.262791
-0.262804
-0.262817
-0.262831
-0.262844
-0.262857
-0.262870
-0.262883
-0.262896
-0.262909
-0.262922
-0.262935
-0.262948
-0.262962
-0.262975
-0.262988
-0.263001
-0.263014
-0.263027
-0.263040
-0.263053
-0.263066
-0.263079
-0.263092
-0.263104
-0.263117
-0.263130
-0.263143
-0.263156
-0.263169
-0.263182
-0.263195
-0.263208
-0.263220
-0.263233
-0.263246
-0.263259
-0.263272
-0.263285
-0.263297
-0.263310
-0.263323
-0.263336
-0.263348
-0.263361
-0.263374
-0.263387
-0.263399
-0.263412
-0.263425
-0.263437
-0.263450
-0.263463
-0.263475
-0.263488
-0.263501
-0.263513
-0.263526
-0.263538
-0.263551
-0.263564
-0.263576
-0.263589
-0.263601
-0.263614
-0.263626
-0.263639
-0.263651
-0.263664
-0.263676
-0.263689
-0.263701
-0.263714
-0.263726
-0.263739
-0.263751
-0.263764
-0.263776
-0.263788
-0.263801
-0.263813
-0.263825
-0.263838
-0.263850
-0.263863
-0.263875
-0.263887
-0.263899
-0.263912
-0.263924
-0.263936
-0.263949
-0.263961
-0.263973
-0.263985
-0.263998
-0.264010
-0.264022
-0.264034
-0.264046
-0.264059
-0.264071
-0.264083
-0.264095
-0.264107
-0.264119
-0.264131
-0.264143
-0.264156
-0.264168
-0.264180
-0.264192
-0.264204
-0.264216
-0.264228
-0.264240
-0.264252
-0.264264
-0.264276
-0.264288
-0.264300
-0.264312
-0.264324
-0.264336
-0.264348
-0.264360
-0.264372
-0.264383
-0.264395
-0.264407
-0.264419
-0.264431
-0.264443
-0.264455
-0.264466
-0.264478
-0.264490
-0.264502
-0.264514
-0.264525
-0.264537
-0.264549
-0.264561
-0.264573
-0.264584
-0.264596
-0.264608
-0.264619
-0.264631
-0.264643
-0.264654
-0.264666
-0.264678
-0.264689
-0.264701
-0.264713
-0.264724
-0.264736
-0.264747
-0.264759
-0.264771
-0.264782
-0.264794
-0.264805
-0.264817
-0.264828
-0.264840
-0.264851
-0.264863
-0.264874
-0.264886
-0.264897
-0.264909
-0.264920
-0.264931
-0.264943
-0.264954
-0.264966
-0.264977
-0.264988
-0.265000
-0.265011
-0.265022
-0.265034
-0.265045
-0.265056
-0.265068
-0.265079
-0.265090
-0.265102
-0.265113
-0.265124
-0.265135
-0.265147
-0.265158
-0.265169
-0.265180
-0.265191
-0.265203
-0.265214
-0.265225
-0.265236
-0.265247
-0.265258
-0.265270
-0.265281
-0.265292
-0.265303
-0.265314
-0.265325
-0.265336
-0.265347
-0.265358
-0.265369
-0.265380
-0.265391
-0.265402
-0.265413
-0.265424
-0.265435
-0.265446
-0.265457
-0.265468
-0.265479
-0.265490
-0.265501
-0.265512
-0.265523
-0.265533
-0.265544
-0.265555
-0.265566
-0.265577
-0.265588
-0.265599
-0.265609
-0.265620
-0.265631
-0.265642
-0.265652
-0.265663
-0.265674
-0.265685
-0.265695
-0.265706
-0.265717
-0.265728
-0.265738
-0.265749
-0.265760
-0.265770
-0.265781
-0.265792
-0.265802
-0.265813
-0.265823
-0.265834
-0.265845
-0.265855
-0.265866
-0.265876
-0.265887
-0.265897
-0.265908
-0.265918
-0.265929
-0.265939
-0.265950
-0.265960
-0.265971
-0.265981
-0.265992
-0.266002
-0.266013
-0.266023
-0.266033
-0.266044
-0.266054
-0.266064
-0.266075
-0.266085
-0.266096
-0.266106
-0.266116
-0.266126
-0.266137
-0.266147
-0.266157
-0.266168
-0.266178
-0.266188
-0.266198
-0.266209
-0.266219
-0.266229
-0.266239
-0.266249
-0.266260
-0.266270
-0.266280
-0.266290
-0.266300
-0.266310
-0.266320
-0.266331
-0.266341
-0.266351
-0.266361
-0.266371
-0.266381
-0.266391
-0.266401
-0.266411
-0.266421
-0.266431
-0.266441
-0.266451
-0.266461
-0.266471
-0.266481
-0.266491
-0.266501
-0.266511
-0.266521
-0.266531
-0.266540
-0.266550
-0.266560
-0.266570
-0.266580
-0.266590
-0.266600
-0.266609
-0.266619
-0.266629
-0.266639
-0.266649
-0.266658
-0.266668
-0.266678
-0.266688
-0.266697
-0.266707
-0.266717
-0.266727
-0.266736
-0.266746
-0.266756
-0.266765
-0.266775
-0.266785
-0.266794
-0.266804
-0.266813
-0.266823
-0.266833
-0.266842
-0.266852
-0.266861
-0.266871
-0.266880
-0.266890
-0.266899
-0.266909
-0.266918
-0.266928
-0.266937
-0.266947
-0.266956
-0.266966
-0.266975
-0.266985
-0.266994
-0.267003
-0.267013
-0.267022
-0.267032
-0.267041
-0.267050
-0.267060
-0.267069
-0.267078
-0.267088
-0.267097
-0.267106
-0.267116
-0.267125
-0.267134
-0.267143
-0.267153
-0.267162
-0.267171
-0.267180
-0.267189
-0.267199
-0.267208
-0.267217
-0.267226
-0.267235
-0.267244
-0.267254
-0.267263
-0.267272
-0.267281
-0.267290
-0.267299
-0.267308
-0.267317
-0.267326
-0.267335
-0.267344
-0.267353
-0.267362
-0.267371
-0.267380
-0.267389
-0.267398
-0.267407
-0.267416
-0.267425
-0.267434
-0.267443
-0.267452
-0.267461
-0.267470
-0.267478
-0.267487
-0.267496
-0.267505
-0.267514
-0.267523
-0.267532
-0.267540
-0.267549
-0.267558
-0.267567
-0.267575
-0.267584
-0.267593
-0.267602
-0.267610
-0.267619
-0.267628
-0.267636
-0.267645
-0.267654
-0.267662
-0.267671
-0.267680
-0.267688
-0.267697
-0.267706
-0.267714
-0.267723
-0.267731
-0.267740
-0.267749
-0.267757
-0.267766
-0.267774
-0.267783
-0.267791
-0.267800
-0.267808
-0.267817
-0.267825
-0.267834
-0.267842
-0.267850
-0.267859
-0.267867
-0.267876
-0.267884
-0.267892
-0.267901
-0.267909
-0.267918
-0.267926
-0.267934
-0.267943
-0.267951
-0.267959
-0.267967
-0.267976
-0.267984
-0.267992
-0.268001
-0.268009
-0.268017
-0.268025
-0.268033
-0.268042
-0.268050
-0.268058
-0.268066
-0.268074
-0.268083
-0.268091
-0.268099
-0.268107
-0.268115
-0.268123
-0.268131
-0.268139
-0.268147
-0.268155
-0.268163
-0.268171
-0.268180
-0.268188
-0.268196
-0.268204
-0.268212
-0.268220
-0.268227
-0.268235
-0.268243
-0.268251
-0.268259
-0.268267
-0.268275
-0.268283
-0.268291
-0.268299
-0.268307
-0.268314
-0.268322
-0.268330
-0.268338
-0.268346
-0.268354
-0.268361
-0.268369
-0.268377
-0.268385
-0.268392
-0.268400
-0.268408
-0.268416
-0.268423
-0.268431
-0.268439
-0.268446
-0.268454
-0.268462
-0.268469
-0.268477
-0.268485
-0.268492
-0.268500
-0.268507
-0.268515
-0.268523
-0.268530
-0.268538
-0.268545
-0.268553
-0.268560
-0.268568
-0.268575
-0.268583
-0.268590
-0.268598
-0.268605
-0.268613
-0.268620
-0.268628
-0.268635
-0.268642
-0.268650
-0.268657
-0.268665
-0.268672
-0.268679
-0.268687
-0.268694
-0.268701
-0.268709
-0.268716
-0.268723
-0.268731
-0.268738
-0.268745
-0.268752
-0.268760
-0.268767
-0.268774
-0.268781
-0.268789
-0.268796
-0.268803
-0.268810
-0.268817
-0.268824
-0.268832
-0.268839
-0.268846
-0.268853
-0.268860
-0.268867
-0.268874
-0.268881
-0.268888
-0.268896
-0.268903
-0.268910
-0.268917
-0.268924
-0.268931
-0.268938
-0.268945
-0.268952
-0.268959
-0.268966
-0.268972
-0.268979
-0.268986
-0.268993
-0.269000
-0.269007
-0.269014
-0.269021
-0.269028
-0.269034
-0.269041
-0.269048
-0.269055
-0.269062
-0.269069
-0.269075
-0.269082
-0.269089
-0.269096
-0.269102
-0.269109
-0.269116
-0.269123
-0.269129
-0.269136
-0.269143
-0.269149
-0.269156
-0.269163
-0.269169
-0.269176
-0.269183
-0.269189
-0.269196
-0.269202
-0.269209
-0.269216
-0.269222
-0.269229
-0.269235
-0.269242
-0.269248
-0.269255
-0.269261
-0.269268
-0.269274
-0.269281
-0.269287
-0.269294
-0.269300
-0.269307
-0.269313
-0.269319
-0.269326
-0.269332
-0.269339
-0.269345
-0.269351
-0.269358
-0.269364
-0.269370
-0.269377
-0.269383
-0.269389
-0.269395
-0.269402
-0.269408
-0.269414
-0.269421
-0.269427
-0.269433
-0.269439
-0.269445
-0.269452
-0.269458
-0.269464
-0.269470
-0.269476
-0.269482
-0.269489
-0.269495
-0.269501
-0.269507
-0.269513
-0.269519
-0.269525
-0.269531
-0.269537
-0.269543
-0.269549
-0.269555
-0.269561
-0.269567
-0.269573
-0.269579
-0.269585
-0.269591
-0.269597
-0.269603
-0.269609
-0.269615
-0.269621
-0.269627
-0.269633
-0.269639
-0.269644
-0.269650
-0.269656
-0.269662
-0.269668
-0.269674
-0.269679
-0.269685
-0.269691
-0.269697
-0.269703
-0.269708
-0.269714
-0.269720
-0.269726
-0.269731
-0.269737
-0.269743
-0.269748
-0.269754
-0.269760
-0.269765
-0.269771
-0.269777
-0.269782
-0.269788
-0.269793
-0.269799
-0.269805
-0.269810
-0.269816
-0.269821
-0.269827
-0.269832
-0.269838
-0.269843
-0.269849
-0.269854
-0.269860
-0.269865
-0.269871
-0.269876
-0.269882
-0.269887
-0.269892
-0.269898
-0.269903
-0.269909
-0.269914
-0.269919
-0.269925
-0.269930
-0.269935
-0.269941
-0.269946
-0.269951
-0.269957
-0.269962
-0.269967
-0.269972
-0.269978
-0.269983
-0.269988
-0.269993
-0.269999
-0.270004
-0.270009
-0.270014
-0.270019
-0.270024
-0.270030
-0.270035
-0.270040
-0.270045
-0.270050
-0.270055
-0.270060
-0.270065
-0.270070
-0.270075
-0.270081
-0.270086
-0.270091
-0.270096
-0.270101
-0.270106
-0.270111
-0.270116
-0.270121
-0.270125
-0.270130
-0.270135
-0.270140
-0.270145
-0.270150
-0.270155
-0.270160
-0.270165
-0.270170
-0.270174
-0.270179
-0.270184
-0.270189
-0.270194
-0.270199
-0.270203
-0.270208
-0.270213
-0.270218
-0.270222
-0.270227
-0.270232
-0.270237
-0.270241
-0.270246
-0.270251
-0.270255
-0.270260
-0.270265
-0.270269
-0.270274
-0.270279
-0.270283
-0.270288
-0.270292
-0.270297
-0.270302
-0.270306
-0.270311
-0.270315
-0.270320
-0.270324
-0.270329
-0.270333
-0.270338
-0.270342
-0.270347
-0.270351
-0.270356
-0.270360
-0.270364
-0.270369
-0.270373
-0.270378
-0.270382
-0.270386
-0.270391
-0.270395
-0.270400
-0.270404
-0.270408
-0.270412
-0.270417
-0.270421
-0.270425
-0.270430
-0.270434
-0.270438
-0.270442
-0.270447
-0.270451
-0.270455
-0.270459
-0.270463
-0.270468
-0.270472
-0.270476
-0.270480
-0.270484
-0.270488
-0.270493
-0.270497
-0.270501
-0.270505
-0.270509
-0.270513
-0.270517
-0.270521
-0.270525
-0.270529
-0.270533
-0.270537
-0.270541
-0.270545
-0.270549
-0.270553
-0.270557
-0.270561
-0.270565
-0.270569
-0.270573
-0.270577
-0.270581
-0.270584
-0.270588
-0.270592
-0.270596
-0.270600
-0.270604
-0.270608
-0.270611
-0.270615
-0.270619
-0.270623
-0.270627
-0.270630
-0.270634
-0.270638
-0.270641
-0.270645
-0.270649
-0.270653
-0.270656
-0.270660
-0.270664
-0.270667
-0.270671
-0.270675
-0.270678
-0.270682
-0.270685
-0.270689
-0.270693
-0.270696
-0.270700
-0.270703
-0.270707
-0.270710
-0.270714
-0.270717
-0.270721
-0.270724
-0.270728
-0.270731
-0.270735
-0.270738
-0.270742
-0.270745
-0.270749
-0.270752
-0.270755
-0.270759
-0.270762
-0.270766
-0.270769
-0.270772
-0.270776
-0.270779
-0.270782
-0.270786
-0.270789
-0.270792
-0.270795
-0.270799
-0.270802
-0.270805
-0.270808
-0.270812
-0.270815
-0.270818
-0.270821
-0.270824
-0.270828
-0.270831
-0.270834
-0.270837
-0.270840
-0.270843
-0.270846
-0.270850
-0.270853
-0.270856
-0.270859
-0.270862
-0.270865
-0.270868
-0.270871
-0.270874
-0.270877
-0.270880
-0.270883
-0.270886
-0.270889
-0.270892
-0.270895
-0.270898
-0.270901
-0.270904
-0.270907
-0.270909
-0.270912
-0.270915
-0.270918
-0.270921
-0.270924
-0.270927
-0.270929
-0.270932
-0.270935
-0.270938
-0.270941
-0.270943
-0.270946
-0.270949
-0.270952
-0.270954
-0.270957
-0.270960
-0.270963
-0.270965
-0.270968
-0.270971
-0.270973
-0.270976
-0.270979
-0.270981
-0.270984
-0.270986
-0.270989
-0.270992
-0.270994
-0.270997
-0.270999
-0.271002
-0.271004
-0.271007
-0.271009
-0.271012
-0.271014
-0.271017
-0.271019
-0.271022
-0.271024
-0.271027
-0.271029
-0.271032
-0.271034
-0.271036
-0.271039
-0.271041
-0.271044
-0.271046
-0.271048
-0.271051
-0.271053
-0.271055
-0.271058
-0.271060
-0.271062
-0.271064
-0.271067
-0.271069
-0.271071
-0.271073
-0.271076
-0.271078
-0.271080
-0.271082
-0.271084
-0.271087
-0.271089
-0.271091
-0.271093
-0.271095
-0.271097
-0.271099
-0.271102
-0.271104
-0.271106
-0.271108
-0.271110
-0.271112
-0.271114
-0.271116
-0.271118
-0.271120
-0.271122
-0.271124
-0.271126
-0.271128
-0.271130
-0.271132
-0.271134
-0.271136
-0.271138
-0.271140
-0.271141
-0.271143
-0.271145
-0.271147
-0.271149
-0.271151
-0.271153
-0.271154
-0.271156
-0.271158
-0.271160
-0.271162
-0.271163
-0.271165
-0.271167
-0.271169
-0.271170
-0.271172
-0.271174
-0.271176
-0.271177
-0.271179
-0.271181
-0.271182
-0.271184
-0.271186
-0.271187
-0.271189
-0.271190
-0.271192
-0.271194
-0.271195
-0.271197
-0.271198
-0.271200
-0.271201
-0.271203
-0.271204
-0.271206
-0.271207
-0.271209
-0.271210
-0.271212
-0.271213
-0.271215
-0.271216
-0.271218
-0.271219
-0.271221
-0.271222
-0.271223
-0.271225
-0.271226
-0.271227
-0.271229
-0.271230
-0.271231
-0.271233
-0.271234
-0.271235
-0.271237
-0.271238
-0.271239
-0.271240
-0.271242
-0.271243
-0.271244
-0.271245
-0.271246
-0.271248
-0.271249
-0.271250
-0.271251
-0.271252
-0.271253
-0.271255
-0.271256
-0.271257
-0.271258
-0.271259
-0.271260
-0.271261
-0.271262
-0.271263
-0.271264
-0.271265
-0.271266
-0.271267
-0.271268
-0.271269
-0.271270
-0.271271
-0.271272
-0.271273
-0.271274
-0.271275
-0.271276
-0.271277
-0.271278
-0.271278
-0.271279
-0.271280
-0.271281
-0.271282
-0.271283
-0.271284
-0.271284
-0.271285
-0.271286
-0.271287
-0.271287
-0.271288
-0.271289
-0.271290
-0.271290
-0.271291
-0.271292
-0.271293
-0.271293
-0.271294
-0.271295
-0.271295
-0.271296
-0.271296
-0.271297
-0.271298
-0.271298
-0.271299
-0.271299
-0.271300
-0.271301
-0.271301
-0.271302
-0.271302
-0.271303
-0.271303
-0.271304
-0.271304
-0.271305
-0.271305
-0.271306
-0.271306
-0.271307
-0.271307
-0.271307
-0.271308
-0.271308
-0.271309
-0.271309
-0.271309
-0.271310
-0.271310
-0.271310
-0.271311
-0.271311
-0.271311
-0.271312
-0.271312
-0.271312
-0.271312
-0.271313
-0.271313
-0.271313
-0.271313
-0.271314
-0.271314
-0.271314
-0.271314
-0.271314
-0.271314
-0.271315
-0.271315
-0.271315
-0.271315
-0.271315
-0.271315
-0.271315
-0.271315
-0.271315
-0.271315
-0.271315
-0.271316
-0.271316
-0.271316
-0.271316
-0.271316
-0.271316
-0.271316
-0.271315
-0.271315
-0.271315
-0.271315
-0.271315
-0.271315
-0.271315
-0.271315
-0.271315
-0.271315
-0.271315
-0.271314
-0.271314
-0.271314
-0.271314
-0.271314
-0.271313
-0.271313
-0.271313
-0.271313
-0.271313
-0.271312
-0.271312
-0.271312
-0.271311
-0.271311
-0.271311
-0.271311
-0.271310
-0.271310
-0.271310
-0.271309
-0.271309
-0.271308
-0.271308
-0.271308
-0.271307
-0.271307
-0.271306
-0.271306
-0.271306
-0.271305
-0.271305
-0.271304
-0.271304
-0.271303
-0.271303
-0.271302
-0.271302
-0.271301
-0.271300
-0.271300
-0.271299
-0.271299
-0.271298
-0.271298
-0.271297
-0.271296
-0.271296
-0.271295
-0.271294
-0.271294
-0.271293
-0.271292
-0.271292
-0.271291
-0.271290
-0.271290
-0.271289
-0.271288
-0.271287
-0.271287
-0.271286
-0.271285
-0.271284
-0.271283
-0.271283
-0.271282
-0.271281
-0.271280
-0.271279
-0.271278
-0.271277
-0.271277
-0.271276
-0.271275
-0.271274
-0.271273
-0.271272
-0.271271
-0.271270
-0.271269
-0.271268
-0.271267
-0.271266
-0.271265
-0.271264
-0.271263
-0.271262
-0.271261
-0.271260
-0.271259
-0.271258
-0.271257
-0.271255
-0.271254
-0.271253
-0.271252
-0.271251
-0.271250
-0.271249
-0.271247
-0.271246
-0.271245
-0.271244
-0.271243
-0.271241
-0.271240
-0.271239
-0.271238
-0.271236
-0.271235
-0.271234
-0.271232
-0.271231
-0.271230
-0.271228
-0.271227
-0.271226
-0.271224
-0.271223
-0.271222
-0.271220
-0.271219
-0.271217
-0.271216
-0.271215
-0.271213
-0.271212
-0.271210
-0.271209
-0.271207
-0.271206
-0.271204
-0.271203
-0.271201
-0.271200
-0.271198
-0.271197
-0.271195
-0.271193
-0.271192
-0.271190
-0.271189
-0.271187
-0.271185
-0.271184
-0.271182
-0.271180
-0.271179
-0.271177
-0.271175
-0.271174
-0.271172
-0.271170
-0.271168
-0.271167
-0.271165
-0.271163
-0.271161
-0.271160
-0.271158
-0.271156
-0.271154
-0.271152
-0.271151
-0.271149
-0.271147
-0.271145
-0.271143
-0.271141
-0.271139
-0.271137
-0.271135
-0.271134
-0.271132
-0.271130
-0.271128
-0.271126
-0.271124
-0.271122
-0.271120
-0.271118
-0.271116
-0.271114
-0.271112
-0.271110
-0.271108
-0.271105
-0.271103
-0.271101
-0.271099
-0.271097
-0.271095
-0.271093
-0.271091
-0.271088
-0.271086
-0.271084
-0.271082
-0.271080
-0.271078
-0.271075
-0.271073
-0.271071
-0.271069
-0.271066
-0.271064
-0.271062
-0.271060
-0.271057
-0.271055
-0.271053
-0.271050
-0.271048
-0.271046
-0.271043
-0.271041
-0.271038
-0.271036
-0.271034
-0.271031
-0.271029
-0.271026
-0.271024
-0.271021
-0.271019
-0.271017
-0.271014
-0.271012
-0.271009
-0.271007
-0.271004
-0.271001
-0.270999
-0.270996
-0.270994
-0.270991
-0.270989
-0.270986
-0.270983
-0.270981
-0.270978
-0.270976
-0.270973
-0.270970
-0.270968
-0.270965
-0.270962
-0.270960
-0.270957
-0.270954
-0.270951
-0.270949
-0.270946
-0.270943
-0.270940
-0.270938
-0.270935
-0.270932
-0.270929
-0.270926
-0.270923
-0.270921
-0.270918
-0.270915
-0.270912
-0.270909
-0.270906
-0.270903
-0.270900
-0.270897
-0.270895
-0.270892
-0.270889
-0.270886
-0.270883
-0.270880
-0.270877
-0.270874
-0.270871
-0.270868
-0.270865
-0.270862
-0.270859
-0.270855
-0.270852
-0.270849
-0.270846
-0.270843
-0.270840
-0.270837
-0.270834
-0.270831
-0.270827
-0.270824
-0.270821
-0.270818
-0.270815
-0.270811
-0.270808
-0.270805
-0.270802
-0.270798
-0.270795
-0.270792
-0.270789
-0.270785
-0.270782
-0.270779
-0.270775
-0.270772
-0.270769
-0.270765
-0.270762
-0.270759
-0.270755
-0.270752
-0.270748
-0.270745
-0.270742
-0.270738
-0.270735
-0.270731
-0.270728
-0.270724
-0.270721
-0.270717
-0.270714
-0.270710
-0.270707
-0.270703
-0.270700
-0.270696
-0.270692
-0.270689
-0.270685
-0.270682
-0.270678
-0.270674
-0.270671
-0.270667
-0.270663
-0.270660
-0.270656
-0.270652
-0.270649
-0.270645
-0.270641
-0.270638
-0.270634
-0.270630
-0.270626
-0.270623
-0.270619
-0.270615
-0.270611
-0.270607
-0.270604
-0.270600
-0.270596
-0.270592
-0.270588
-0.270584
-0.270580
-0.270577
-0.270573
-0.270569
-0.270565
-0.270561
-0.270557
-0.270553
-0.270549
-0.270545
-0.270541
-0.270537
-0.270533
-0.270529
-0.270525
-0.270521
-0.270517
-0.270513
-0.270509
-0.270505
-0.270501
-0.270497
-0.270493
-0.270488
-0.270484
-0.270480
-0.270476
-0.270472
-0.270468
-0.270463
-0.270459
-0.270455
-0.270451
-0.270447
-0.270442
-0.270438
-0.270434
-0.270430
-0.270425
-0.270421
-0.270417
-0.270413
-0.270408
-0.270404
-0.270400
-0.270395
-0.270391
-0.270387
-0.270382
-0.270378
-0.270373
-0.270369
-0.270365
-0.270360
-0.270356
-0.270351
-0.270347
-0.270342
-0.270338
-0.270333
-0.270329
-0.270324
-0.270320
-0.270315
-0.270311
-0.270306
-0.270302
-0.270297
-0.270293
-0.270288
-0.270283
-0.270279
-0.270274
-0.270270
-0.270265
-0.270260
-0.270256
-0.270251
-0.270246
-0.270242
-0.270237
-0.270232
-0.270227
-0.270223
-0.270218
-0.270213
-0.270208
-0.270204
-0.270199
-0.270194
-0.270189
-0.270184
-0.270180
-0.270175
-0.270170
-0.270165
-0.270160
-0.270155
-0.270150
-0.270146
-0.270141
-0.270136
-0.270131
-0.270126
-0.270121
-0.270116
-0.270111
-0.270106
-0.270101
-0.270096
-0.270091
-0.270086
-0.270081
-0.270076
-0.270071
-0.270066
-0.270061
-0.270056
-0.270051
-0.270046
-0.270040
-0.270035
-0.270030
-0.270025
-0.270020
-0.270015
-0.270010
-0.270004
-0.269999
-0.269994
-0.269989
-0.269984
-0.269978
-0.269973
-0.269968
-0.269963
-0.269957
-0.269952
-0.269947
-0.269941
-0.269936
-0.269931
-0.269925
-0.269920
-0.269915
-0.269909
-0.269904
-0.269899
-0.269893
-0.269888
-0.269882
-0.269877
-0.269871
-0.269866
-0.269861
-0.269855
-0.269850
-0.269844
-0.269839
-0.269833
-0.269828
-0.269822
-0.269817
-0.269811
-0.269805
-0.269800
-0.269794
-0.269789
-0.269783
-0.269777
-0.269772
-0.269766
-0.269761
-0.269755
-0.269749
-0.269744
-0.269738
-0.269732
-0.269727
-0.269721
-0.269715
-0.269709
-0.269704
-0.269698
-0.269692
-0.269686
-0.269681
-0.269675
-0.269669
-0.269663
-0.269657
-0.269651
-0.269646
-0.269640
-0.269634
-0.269628
-0.269622
-0.269616
-0.269610
-0.269604
-0.269598
-0.269593
-0.269587
-0.269581
-0.269575
-0.269569
-0.269563
-0.269557
-0.269551
-0.269545
-0.269539
-0.269533
-0.269527
-0.269520
-0.269514
-0.269508
-0.269502
-0.269496
-0.269490
-0.269484
-0.269478
-0.269472
-0.269465
-0.269459
-0.269453
-0.269447
-0.269441
-0.269435
-0.269428
-0.269422
-0.269416
-0.269410
-0.269403
-0.269397
-0.269391
-0.269385
-0.269378
-0.269372
-0.269366
-0.269359
-0.269353
-0.269347
-0.269340
-0.269334
-0.269328
-0.269321
-0.269315
-0.269308
-0.269302
-0.269296
-0.269289
-0.269283
-0.269276
-0.269270
-0.269263
-0.269257
-0.269250
-0.269244
-0.269237
-0.269231
-0.269224
-0.269218
-0.269211
-0.269204
-0.269198
-0.269191
-0.269185
-0.269178
-0.269171
-0.269165
-0.269158
-0.269152
-0.269145
-0.269138
-0.269131
-0.269125
-0.269118
-0.269111
-0.269105
-0.269098
-0.269091
-0.269084
-0.269078
-0.269071
-0.269064
-0.269057
-0.269051
-0.269044
-0.269037
-0.269030
-0.269023
-0.269016
-0.269009
-0.269003
-0.268996
-0.268989
-0.268982
-0.268975
-0.268968
-0.268961
-0.268954
-0.268947
-0.268940
-0.268933
-0.268926
-0.268919
-0.268912
-0.268905
-0.268898
-0.268891
-0.268884
-0.268877
-0.268870
-0.268863
-0.268856
-0.268849
-0.268842
-0.268834
-0.268827
-0.268820
-0.268813
-0.268806
-0.268799
-0.268792
-0.268784
-0.268777
-0.268770
-0.268763
-0.268755
-0.268748
-0.268741
-0.268734
-0.268726
-0.268719
-0.268712
-0.268705
-0.268697
-0.268690
-0.268683
-0.268675
-0.268668
-0.268661
-0.268653
-0.268646
-0.268638
-0.268631
-0.268624
-0.268616
-0.268609
-0.268601
-0.268594
-0.268586
-0.268579
-0.268571
-0.268564
-0.268556
-0.268549
-0.268541
-0.268534
-0.268526
-0.268519
-0.268511
-0.268503
-0.268496
-0.268488
-0.268481
-0.268473
-0.268465
-0.268458
-0.268450
-0.268442
-0.268435
-0.268427
-0.268419
-0.268412
-0.268404
-0.268396
-0.268389
-0.268381
-0.268373
-0.268365
-0.268358
-0.268350
-0.268342
-0.268334
-0.268326
-0.268319
-0.268311
-0.268303
-0.268295
-0.268287
-0.268279
-0.268271
-0.268263
-0.268256
-0.268248
-0.268240
-0.268232
-0.268224
-0.268216
-0.268208
-0.268200
-0.268192
-0.268184
-0.268176
-0.268168
-0.268160
-0.268152
-0.268144
-0.268136
-0.268128
-0.268120
-0.268112
-0.268103
-0.268095
-0.268087
-0.268079
-0.268071
-0.268063
-0.268055
-0.268046
-0.268038
-0.268030
-0.268022
-0.268014
-0.268005
-0.267997
-0.267989
-0.267981
-0.267973
-0.267964
-0.267956
-0.267948
-0.267939
-0.267931
-0.267923
-0.267914
-0.267906
-0.267898
