0.198256
0.198159
0.198062
0.197966
0.197869
0.197772
0.197676
0.197579
0.197482
0.197385
0.197289
0.197192
0.197095
0.196998
0.196902
0.196805
0.196708
0.196611
0.196515
0.196418
0.196321
0.196224
0.196128
0.196031
0.195934
0.195837
0.195741
0.195644
0.195547
0.195450
0.195353
0.195257
0.195160
0.195063
0.194966
0.194869
0.194773
0.194676
0.194579
0.194482
0.194385
0.194289
0.194192
0.194095
0.193998
0.193901
0.193804
0.193708
0.193611
0.193514
0.193417
0.193320
0.193223
0.193126
0.193029
0.192933
0.192836
0.192739
0.192642
0.192545
0.192448
0.192351
0.192254
0.192158
0.192061
0.191964
0.191867
0.191770
0.191673
0.191576
0.191479
0.191382
0.191285
0.191188
0.191091
0.190995
0.190898
0.190801
0.190704
0.190607
0.190510
0.190413
0.190316
0.190219
0.190122
0.190025
0.189928
0.189831
0.189734
0.189637
0.189540
0.189443
0.189346
0.189249
0.189152
0.189055
0.188958
0.188861
0.188764
0.188667
0.188570
0.188473
0.188376
0.188279
0.188182
0.188085
0.187988
0.187891
0.187794
0.187697
0.187600
0.187503
0.187406
0.187309
0.187212
0.187115
0.187018
0.186921
0.186823
0.186726
0.186629
0.186532
0.186435
0.186338
0.186241
0.186144
0.186047
0.185950
0.185853
0.185756
0.185658
0.185561
0.185464
0.185367
0.185270
0.185173
0.185076
0.184979
0.184881
0.184784
0.184687
0.184590
0.184493
0.184396
0.184299
0.184201
0.184104
0.184007
0.183910
0.183813
0.183716
0.183619
0.183521
0.183424
0.183327
0.183230
0.183133
0.183035
0.182938
0.182841
0.182744
0.182647
0.182549
0.182452
0.182355
0.182258
0.182161
0.182063
0.181966
0.181869
0.181772
0.181675
0.181577
0.181480
0.181383
0.181286
0.181188
0.181091
0.180994
0.180897
0.180799
0.180702
0.180605
0.180508
0.180410
0.180313
0.180216
0.180118
0.180021
0.179924
0.179827
0.179729
0.179632
0.179535
0.179437
0.179340
0.179243
0.179146
0.179048
0.178951
0.178854
0.178756
0.178659
0.178562
0.178464
0.178367
0.178270
0.178172
0.178075
0.177978
0.177880
0.177783
0.177686
0.177588
0.177491
0.177393
0.177296
0.177199
0.177101
0.177004
0.176907
0.176809
0.176712
0.176614
0.176517
0.176420
0.176322
0.176225
0.176128
0.176030
0.175933
0.175835
0.175738
0.175640
0.175543
0.175446
0.175348
0.175251
0.175153
0.175056
0.174959
0.174861
0.174764
0.174666
0.174569
0.174471
0.174374
0.174276
0.174179
0.174081
0.173984
0.173887
0.173789
0.173692
0.173594
0.173497
0.173399
0.173302
0.173204
0.173107
0.173009
0.172912
0.172814
0.172717
0.172619
0.172522
0.172424
0.172327
0.172229
0.172132
0.172034
0.171937
0.171839
0.171742
0.171644
0.171546
0.171449
0.171351
0.171254
0.171156
0.171059
0.170961
0.170864
0.170766
0.170669
0.170571
0.170473
0.170376
0.170278
0.170181
0.170083
0.169986
0.169888
0.169790
0.169693
0.169595
0.169498
0.169400
0.169302
0.169205
0.169107
0.169010
0.168912
0.168814
0.168717
0.168619
0.168521
0.168424
0.168326
0.168229
0.168131
0.168033
0.167936
0.167838
0.167740
0.167643
0.167545
0.167447
0.167350
0.167252
0.167154
0.167057
0.166959
0.166861
0.166764
0.166666
0.166568
0.166471
0.166373
0.166275
0.166178
0.166080
0.165982
0.165884
0.165787
0.165689
0.165591
0.165494
0.165396
0.165298
0.165201
0.165103
0.165005
0.164907
0.164810
0.164712
0.164614
0.164516
0.164419
0.164321
0.164223
0.164125
0.164028
0.163930
0.163832
0.163734
0.163637
0.163539
0.163441
0.163343
0.163246
0.163148
0.163050
0.162952
0.162854
0.162757
0.162659
0.162561
0.162463
0.162365
0.162268
0.162170
0.162072
0.161974
0.161876
0.161779
0.161681
0.161583
0.161485
0.161387
0.161289
0.161192
0.161094
0.160996
0.160898
0.160800
0.160702
0.160604
0.160507
0.160409
0.160311
0.160213
0.160115
0.160017
0.159919
0.159822
0.159724
0.159626
0.159528
0.159430
0.159332
0.159234
0.159136
0.159039
0.158941
0.158843
0.158745
0.158647
0.158549
0.158451
0.158353
0.158255
0.158157
0.158059
0.157961
0.157864
0.157766
0.157668
0.157570
0.157472
0.157374
0.157276
0.157178
0.157080
0.156982
0.156884
0.156786
0.156688
0.156590
0.156492
0.156394
0.156296
0.156198
0.156100
0.156002
0.155904
0.155806
0.155708
0.155610
0.155512
0.155415
0.155317
0.155219
0.155121
0.155022
0.154924
0.154826
0.154728
0.154630
0.154532
0.154434
0.154336
0.154238
0.154140
0.154042
0.153944
0.153846
0.153748
0.153650
0.153552
0.153454
0.153356
0.153258
0.153160
0.153062
0.152964
0.152866
0.152768
0.152670
0.152572
0.152473
0.152375
0.152277
0.152179
0.152081
0.151983
0.151885
0.151787
0.151689
0.151591
0.151493
0.151394
0.151296
0.151198
0.151100
0.151002
0.150904
0.150806
0.150708
0.150610
0.150511
0.150413
0.150315
0.150217
0.150119
0.150021
0.149923
0.149824
0.149726
0.149628
0.149530
0.149432
0.149334
0.149236
0.149137
0.149039
0.148941
0.148843
0.148745
0.148647
0.148548
0.148450
0.148352
0.148254
0.148156
0.148057
0.147959
0.147861
0.147763
0.147665
0.147566
0.147468
0.147370
0.147272
0.147174
0.147075
0.146977
0.146879
0.146781
0.146682
0.146584
0.146486
0.146388
0.146290
0.146191
0.146093
0.145995
0.145897
0.145798
0.145700
0.145602
0.145504
0.145405
0.145307
0.145209
0.145110
0.145012
0.144914
0.144816
0.144717
0.144619
0.144521
0.144423
0.144324
0.144226
0.144128
0.144029
0.143931
0.143833
0.143734
0.143636
0.143538
0.143440
0.143341
0.143243
0.143145
0.143046
0.142948
0.142850
0.142751
0.142653
0.142555
0.142456
0.142358
0.142260
0.142161
0.142063
0.141965
0.141866
0.141768
0.141670
0.141571
0.141473
0.141374
0.141276
0.141178
0.141079
0.140981
0.140883
0.140784
0.140686
0.140587
0.140489
0.140391
0.140292
0.140194
0.140096
0.139997
0.139899
0.139800
0.139702
0.139604
0.139505
0.139407
0.139308
0.139210
0.139111
0.139013
0.138915
0.138816
0.138718
0.138619
0.138521
0.138422
0.138324
0.138226
0.138127
0.138029
0.137930
0.137832
0.137733
0.137635
0.137536
0.137438
0.137340
0.137241
0.137143
0.137044
0.136946
0.136847
0.136749
0.136650
0.136552
0.136453
0.136355
0.136256
0.136158
0.136059
0.135961
0.135862
0.135764
0.135665
0.135567
0.135468
0.135370
0.135271
0.135173
0.135074
0.134976
0.134877
0.134779
0.134680
0.134582
0.134483
0.134385
0.134286
0.134187
0.134089
0.133990
0.133892
0.133793
0.133695
0.133596
0.133498
0.133399
0.133300
0.133202
0.133103
0.133005
0.132906
0.132808
0.132709
0.132611
0.132512
0.132413
0.132315
0.132216
0.132118
0.132019
0.131920
0.131822
0.131723
0.131625
0.131526
0.131427
0.131329
0.131230
0.131132
0.131033
0.130934
0.130836
0.130737
0.130638
0.130540
0.130441
0.130343
0.130244
0.130145
0.130047
0.129948
0.129849
0.129751
0.129652
0.129553
0.129455
0.129356
0.129258
0.129159
0.129060
0.128962
0.128863
0.128764
0.128666
0.128567
0.128468
0.128369
0.128271
0.128172
0.128073
0.127975
0.127876
0.127777
0.127679
0.127580
0.127481
0.127383
0.127284
0.127185
0.127086
0.126988
0.126889
0.126790
0.126692
0.126593
0.126494
0.126395
0.126297
0.126198
0.126099
0.126001
0.125902
0.125803
0.125704
0.125606
0.125507
0.125408
0.125309
0.125211
0.125112
0.125013
0.124914
0.124816
0.124717
0.124618
0.124519
0.124421
0.124322
0.124223
0.124124
0.124025
0.123927
0.123828
0.123729
0.123630
0.123532
0.123433
0.123334
0.123235
0.123136
0.123038
0.122939
0.122840
0.122741
0.122642
0.122544
0.122445
0.122346
0.122247
0.122148
0.122050
0.121951
0.121852
0.121753
0.121654
0.121555
0.121457
0.121358
0.121259
0.121160
0.121061
0.120962
0.120864
0.120765
0.120666
0.120567
0.120468
0.120369
0.120270
0.120172
0.120073
0.119974
0.119875
0.119776
0.119677
0.119578
0.119479
0.119381
0.119282
0.119183
0.119084
0.118985
0.118886
0.118787
0.118688
0.118589
0.118491
0.118392
0.118293
0.118194
0.118095
0.117996
0.117897
0.117798
0.117699
0.117600
0.117501
0.117403
0.117304
0.117205
0.117106
0.117007
0.116908
0.116809
0.116710
0.116611
0.116512
0.116413
0.116314
0.116215
0.116116
0.116017
0.115918
0.115820
0.115721
0.115622
0.115523
0.115424
0.115325
0.115226
0.115127
0.115028
0.114929
0.114830
0.114731
0.114632
0.114533
0.114434
0.114335
0.114236
0.114137
0.114038
0.113939
0.113840
0.113741
0.113642
0.113543
0.113444
0.113345
0.113246
0.113147
0.113048
0.112949
0.112850
0.112751
0.112652
0.112553
0.112454
0.112355
0.112256
0.112157
0.112058
0.111959
0.111860
0.111761
0.111662
0.111562
0.111463
0.111364
0.111265
0.111166
0.111067
0.110968
0.110869
0.110770
0.110671
0.110572
0.110473
0.110374
0.110275
0.110176
0.110077
0.109978
0.109878
0.109779
0.109680
0.109581
0.109482
0.109383
0.109284
0.109185
0.109086
0.108987
0.108888
0.108788
0.108689
0.108590
0.108491
0.108392
0.108293
0.108194
0.108095
0.107996
0.107896
0.107797
0.107698
0.107599
0.107500
0.107401
0.107302
0.107203
0.107103
0.107004
0.106905
0.106806
0.106707
0.106608
0.106509
0.106409
0.106310
0.106211
0.106112
0.106013
0.105914
0.105815
0.105715
0.105616
0.105517
0.105418
0.105319
0.105220
0.105120
0.105021
0.104922
0.104823
0.104724
0.104624
0.104525
0.104426
0.104327
0.104228
0.104129
0.104029
0.103930
0.103831
0.103732
0.103633
0.103533
0.103434
0.103335
0.103236
0.103136
0.103037
0.102938
0.102839
0.102740
0.102640
0.102541
0.102442
0.102343
0.102244
0.102144
0.102045
0.101946
0.101847
0.101747
0.101648
0.101549
0.101450
0.101350
0.101251
0.101152
0.101053
0.100953
0.100854
0.100755
0.100656
0.100556
0.100457
0.100358
0.100259
0.100159
0.100060
0.099961
0.099861
0.099762
0.099663
0.099564
0.099464
0.099365
0.099266
0.099167
0.099067
0.098968
0.098869
0.098769
0.098670
0.098571
0.098471
0.098372
0.098273
0.098174
0.098074
0.097975
0.097876
0.097776
0.097677
0.097578
0.097478
0.097379
0.097280
0.097180
0.097081
0.096982
0.096882
0.096783
0.096684
0.096584
0.096485
0.096386
0.096286
0.096187
0.096088
0.095988
0.095889
0.095790
0.095690
0.095591
0.095492
0.095392
0.095293
0.095194
0.095094
0.094995
0.094895
0.094796
0.094697
0.094597
0.094498
0.094399
0.094299
0.094200
0.094101
0.094001
0.093902
0.093802
0.093703
0.093604
0.093504
0.093405
0.093305
0.093206
0.093107
0.093007
0.092908
0.092808
0.092709
0.092610
0.092510
0.092411
0.092311
0.092212
0.092113
0.092013
0.091914
0.091814
0.091715
0.091616
0.091516
0.091417
0.091317
0.091218
0.091118
0.091019
0.090920
0.090820
0.090721
0.090621
0.090522
0.090422
0.090323
0.090223
0.090124
0.090025
0.089925
0.089826
0.089726
0.089627
0.089527
0.089428
0.089328
0.089229
0.089129
0.089030
0.088931
0.088831
0.088732
0.088632
0.088533
0.088433
0.088334
0.088234
0.088135
0.088035
0.087936
0.087836
0.087737
0.087637
0.087538
0.087438
0.087339
0.087239
0.087140
0.087040
0.086941
0.086841
0.086742
0.086642
0.086543
0.086443
0.086344
0.086244
0.086145
0.086045
0.085946
0.085846
0.085747
0.085647
0.085548
0.085448
0.085349
0.085249
0.085150
0.085050
0.084950
0.084851
0.084751
0.084652
0.084552
0.084453
0.084353
0.084254
0.084154
0.084055
0.083955
0.083856
0.083756
0.083656
0.083557
0.083457
0.083358
0.083258
0.083159
0.083059
0.082959
0.082860
0.082760
0.082661
0.082561
0.082462
0.082362
0.082263
0.082163
0.082063
0.081964
0.081864
0.081765
0.081665
0.081565
0.081466
0.081366
0.081267
0.081167
0.081067
0.080968
0.080868
0.080769
0.080669
0.080569
0.080470
0.080370
0.080271
0.080171
0.080071
0.079972
0.079872
0.079773
0.079673
0.079573
0.079474
0.079374
0.079275
0.079175
0.079075
0.078976
0.078876
0.078776
0.078677
0.078577
0.078478
0.078378
0.078278
0.078179
0.078079
0.077979
0.077880
0.077780
0.077680
0.077581
0.077481
0.077381
0.077282
0.077182
0.077082
0.076983
0.076883
0.076784
0.076684
0.076584
0.076485
0.076385
0.076285
0.076186
0.076086
0.075986
0.075887
0.075787
0.075687
0.075587
0.075488
0.075388
0.075288
0.075189
0.075089
0.074989
0.074890
0.074790
0.074690
0.074591
0.074491
0.074391
0.074292
0.074192
0.074092
0.073992
0.073893
0.073793
0.073693
0.073594
0.073494
0.073394
0.073295
0.073195
0.073095
0.072995
0.072896
0.072796
0.072696
0.072597
0.072497
0.072397
0.072297
0.072198
0.072098
0.071998
0.071898
0.071799
0.071699
0.071599
0.071500
0.071400
0.071300
0.071200
0.071101
0.071001
0.070901
0.070801
0.070702
0.070602
0.070502
0.070402
0.070303
0.070203
0.070103
0.070003
0.069904
0.069804
0.069704
0.069604
0.069505
0.069405
0.069305
0.069205
0.069106
0.069006
0.068906
0.068806
0.068706
0.068607
0.068507
0.068407
0.068307
0.068208
0.068108
0.068008
0.067908
0.067808
0.067709
0.067609
0.067509
0.067409
0.067309
0.067210
0.067110
0.067010
0.066910
0.066811
0.066711
0.066611
0.066511
0.066411
0.066311
0.066212
0.066112
0.066012
0.065912
0.065812
0.065713
0.065613
0.065513
0.065413
0.065313
0.065214
0.065114
0.065014
0.064914
0.064814
0.064714
0.064615
0.064515
0.064415
0.064315
0.064215
0.064115
0.064016
0.063916
0.063816
0.063716
0.063616
0.063516
0.063417
0.063317
0.063217
0.063117
0.063017
0.062917
0.062818
0.062718
0.062618
0.062518
0.062418
0.062318
0.062218
0.062119
0.062019
0.061919
0.061819
0.061719
0.061619
0.061519
0.061420
0.061320
0.061220
0.061120
0.061020
0.060920
0.060820
0.060720
0.060621
0.060521
0.060421
0.060321
0.060221
0.060121
0.060021
0.059921
0.059822
0.059722
0.059622
0.059522
0.059422
0.059322
0.059222
0.059122
0.059022
0.058923
0.058823
0.058723
0.058623
0.058523
0.058423
0.058323
0.058223
0.058123
0.058023
0.057924
0.057824
0.057724
0.057624
0.057524
0.057424
0.057324
0.057224
0.057124
0.057024
0.056924
0.056825
0.056725
0.056625
0.056525
0.056425
0.056325
0.056225
0.056125
0.056025
0.055925
0.055825
0.055725
0.055625
0.055525
0.055426
0.055326
0.055226
0.055126
0.055026
0.054926
0.054826
0.054726
0.054626
0.054526
0.054426
0.054326
0.054226
0.054126
0.054026
0.053926
0.053826
0.053726
0.053627
0.053527
0.053427
0.053327
0.053227
0.053127
0.053027
0.052927
0.052827
0.052727
0.052627
0.052527
0.052427
0.052327
0.052227
0.052127
0.052027
0.051927
0.051827
0.051727
0.051627
0.051527
0.051427
0.051327
0.051227
0.051127
0.051027
0.050927
0.050827
0.050727
0.050627
0.050527
0.050427
0.050327
0.050228
0.050128
0.050028
0.049928
0.049828
0.049728
0.049628
0.049528
0.049428
0.049328
0.049228
0.049128
0.049028
0.048928
0.048828
0.048728
0.048628
0.048528
0.048428
0.048328
0.048228
0.048128
0.048028
0.047928
0.047827
0.047727
0.047627
0.047527
0.047427
0.047327
0.047227
0.047127
0.047027
0.046927
0.046827
0.046727
0.046627
0.046527
0.046427
0.046327
0.046227
0.046127
0.046027
0.045927
0.045827
0.045727
0.045627
0.045527
0.045427
0.045327
0.045227
0.045127
0.045027
0.044927
0.044827
0.044727
0.044627
0.044527
0.044427
0.044326
0.044226
0.044126
0.044026
0.043926
0.043826
0.043726
0.043626
0.043526
0.043426
0.043326
0.043226
0.043126
0.043026
0.042926
0.042826
0.042726
0.042626
0.042526
0.042425
0.042325
0.042225
0.042125
0.042025
0.041925
0.041825
0.041725
0.041625
0.041525
0.041425
0.041325
0.041225
0.041125
0.041025
0.040924
0.040824
0.040724
0.040624
0.040524
0.040424
0.040324
0.040224
0.040124
0.040024
0.039924
0.039824
0.039723
0.039623
0.039523
0.039423
0.039323
0.039223
0.039123
0.039023
0.038923
0.038823
0.038723
0.038623
0.038522
0.038422
0.038322
0.038222
0.038122
0.038022
0.037922
0.037822
0.037722
0.037622
0.037521
0.037421
0.037321
0.037221
0.037121
0.037021
0.036921
0.036821
0.036721
0.036621
0.036520
0.036420
0.036320
0.036220
0.036120
0.036020
0.035920
0.035820
0.035720
0.035619
0.035519
0.035419
0.035319
0.035219
0.035119
0.035019
0.034919
0.034818
0.034718
0.034618
0.034518
0.034418
0.034318
0.034218
0.034118
0.034017
0.033917
0.033817
0.033717
0.033617
0.033517
0.033417
0.033317
0.033216
0.033116
0.033016
0.032916
0.032816
0.032716
0.032616
0.032515
0.032415
0.032315
0.032215
0.032115
0.032015
0.031915
0.031814
0.031714
0.031614
0.031514
0.031414
0.031314
0.031214
0.031113
0.031013
0.030913
0.030813
0.030713
0.030613
0.030513
0.030412
0.030312
0.030212
0.030112
0.030012
0.029912
0.029812
0.029711
0.029611
0.029511
0.029411
0.029311
0.029211
0.029110
0.029010
0.028910
0.028810
0.028710
0.028610
0.028509
0.028409
0.028309
0.028209
0.028109
0.028009
0.027908
0.027808
0.027708
0.027608
0.027508
0.027408
0.027307
0.027207
0.027107
0.027007
0.026907
0.026807
0.026706
0.026606
0.026506
0.026406
0.026306
0.026206
0.026105
0.026005
0.025905
0.025805
0.025705
0.025605
0.025504
0.025404
0.025304
0.025204
0.025104
0.025003
0.024903
0.024803
0.024703
0.024603
0.024503
0.024402
0.024302
0.024202
0.024102
0.024002
0.023901
0.023801
0.023701
0.023601
0.023501
0.023400
0.023300
0.023200
0.023100
0.023000
0.022900
0.022799
0.022699
0.022599
0.022499
0.022399
0.022298
0.022198
0.022098
0.021998
0.021898
0.021797
0.021697
0.021597
0.021497
0.021397
0.021296
0.021196
0.021096
0.020996
0.020896
0.020795
0.020695
0.020595
0.020495
0.020395
0.020294
0.020194
0.020094
0.019994
0.019894
0.019793
0.019693
0.019593
0.019493
0.019392
0.019292
0.019192
0.019092
0.018992
0.018891
0.018791
0.018691
0.018591
0.018491
0.018390
0.018290
0.018190
0.018090
0.017990
0.017889
0.017789
0.017689
0.017589
0.017488
0.017388
0.017288
0.017188
0.017088
0.016987
0.016887
0.016787
0.016687
0.016587
0.016486
0.016386
0.016286
0.016186
0.016085
0.015985
0.015885
0.015785
0.015685
0.015584
0.015484
0.015384
0.015284
0.015183
0.015083
0.014983
0.014883
0.014783
0.014682
0.014582
0.014482
0.014382
0.014281
0.014181
0.014081
0.013981
0.013880
0.013780
0.013680
0.013580
0.013480
0.013379
0.013279
0.013179
0.013079
0.012978
0.012878
0.012778
0.012678
0.012578
0.012477
0.012377
0.012277
0.012177
0.012076
0.011976
0.011876
0.011776
0.011675
0.011575
0.011475
0.011375
0.011274
0.011174
0.011074
0.010974
0.010874
0.010773
0.010673
0.010573
0.010473
0.010372
0.010272
0.010172
0.010072
0.009971
0.009871
0.009771
0.009671
0.009570
0.009470
0.009370
0.009270
0.009170
0.009069
0.008969
0.008869
0.008769
0.008668
0.008568
0.008468
0.008368
0.008267
0.008167
0.008067
0.007967
0.007866
0.007766
0.007666
0.007566
0.007465
0.007365
0.007265
0.007165
0.007064
0.006964
0.006864
0.006764
0.006663
0.006563
0.006463
0.006363
0.006262
0.006162
0.006062
0.005962
0.005862
0.005761
0.005661
0.005561
0.005461
0.005360
0.005260
0.005160
0.005060
0.004959
0.004859
0.004759
0.004659
0.004558
0.004458
0.004358
0.004258
0.004157
0.004057
0.003957
0.003857
0.003756
0.003656
0.003556
0.003456
0.003355
0.003255
0.003155
0.003055
0.002954
0.002854
0.002754
0.002654
0.002553
0.002453
0.002353
0.002253
0.002152
0.002052
0.001952
0.001852
0.001751
0.001651
0.001551
0.001451
0.001350
0.001250
0.001150
0.001050
0.000949
0.000849
0.000749
0.000649
0.000548
0.000448
0.000348
0.000248
0.000147
0.000047
-0.000053
-0.000153
-0.000254
-0.000354
-0.000454
-0.000554
-0.000655
-0.000755
-0.000855
-0.000955
-0.001056
-0.001156
-0.001256
-0.001356
-0.001457
-0.001557
-0.001657
-0.001757
-0.001858
-0.001958
-0.002058
-0.002158
-0.002259
-0.002359
-0.002459
-0.002559
-0.002660
-0.002760
-0.002860
-0.002960
-0.003061
-0.003161
-0.003261
-0.003361
-0.003462
-0.003562
-0.003662
-0.003762
-0.003863
-0.003963
-0.004063
-0.004163
-0.004264
-0.004364
-0.004464
-0.004564
-0.004665
-0.004765
-0.004865
-0.004965
-0.005066
-0.005166
-0.005266
-0.005366
-0.005467
-0.005567
-0.005667
-0.005767
-0.005867
-0.005968
-0.006068
-0.006168
-0.006268
-0.006369
-0.006469
-0.006569
-0.006669
-0.006770
-0.006870
-0.006970
-0.007070
-0.007171
-0.007271
-0.007371
-0.007471
-0.007572
-0.007672
-0.007772
-0.007872
-0.007973
-0.008073
-0.008173
-0.008273
-0.008374
-0.008474
-0.008574
-0.008674
-0.008775
-0.008875
-0.008975
-0.009075
-0.009176
-0.009276
-0.009376
-0.009476
-0.009577
-0.009677
-0.009777
-0.009877
-0.009977
-0.010078
-0.010178
-0.010278
-0.010378
-0.010479
-0.010579
-0.010679
-0.010779
-0.010880
-0.010980
-0.011080
-0.011180
-0.011281
-0.011381
-0.011481
-0.011581
-0.011682
-0.011782
-0.011882
-0.011982
-0.012082
-0.012183
-0.012283
-0.012383
-0.012483
-0.012584
-0.012684
-0.012784
-0.012884
-0.012985
-0.013085
-0.013185
-0.013285
-0.013385
-0.013486
-0.013586
-0.013686
-0.013786
-0.013887
-0.013987
-0.014087
-0.014187
-0.014288
-0.014388
-0.014488
-0.014588
-0.014688
-0.014789
-0.014889
-0.014989
-0.015089
-0.015190
-0.015290
-0.015390
-0.015490
-0.015590
-0.015691
-0.015791
-0.015891
-0.015991
-0.016092
-0.016192
-0.016292
-0.016392
-0.016492
-0.016593
-0.016693
-0.016793
-0.016893
-0.016994
-0.017094
-0.017194
-0.017294
-0.017394
-0.017495
-0.017595
-0.017695
-0.017795
-0.017896
-0.017996
-0.018096
-0.018196
-0.018296
-0.018397
-0.018497
-0.018597
-0.018697
-0.018797
-0.018898
-0.018998
-0.019098
-0.019198
-0.019299
-0.019399
-0.019499
-0.019599
-0.019699
-0.019800
-0.019900
-0.020000
-0.020100
-0.020200
-0.020301
-0.020401
-0.020501
-0.020601
-0.020701
-0.020802
-0.020902
-0.021002
-0.021102
-0.021202
-0.021303
-0.021403
-0.021503
-0.021603
-0.021703
-0.021804
-0.021904
-0.022004
-0.022104
-0.022204
-0.022305
-0.022405
-0.022505
-0.022605
-0.022705
-0.022806
-0.022906
-0.023006
-0.023106
-0.023206
-0.023307
-0.023407
-0.023507
-0.023607
-0.023707
-0.023808
-0.023908
-0.024008
-0.024108
-0.024208
-0.024309
-0.024409
-0.024509
-0.024609
-0.024709
-0.024809
-0.024910
-0.025010
-0.025110
-0.025210
-0.025310
-0.025411
-0.025511
-0.025611
-0.025711
-0.025811
-0.025911
-0.026012
-0.026112
-0.026212
-0.026312
-0.026412
-0.026513
-0.026613
-0.026713
-0.026813
-0.026913
-0.027013
-0.027114
-0.027214
-0.027314
-0.027414
-0.027514
-0.027614
-0.027715
-0.027815
-0.027915
-0.028015
-0.028115
-0.028215
-0.028316
-0.028416
-0.028516
-0.028616
-0.028716
-0.028816
-0.028917
-0.029017
-0.029117
-0.029217
-0.029317
-0.029417
-0.029518
-0.029618
-0.029718
-0.029818
-0.029918
-0.030018
-0.030118
-0.030219
-0.030319
-0.030419
-0.030519
-0.030619
-0.030719
-0.030819
-0.030920
-0.031020
-0.031120
-0.031220
-0.031320
-0.031420
-0.031521
-0.031621
-0.031721
-0.031821
-0.031921
-0.032021
-0.032121
-0.032221
-0.032322
-0.032422
-0.032522
-0.032622
-0.032722
-0.032822
-0.032922
-0.033023
-0.033123
-0.033223
-0.033323
-0.033423
-0.033523
-0.033623
-0.033723
-0.033824
-0.033924
-0.034024
-0.034124
-0.034224
-0.034324
-0.034424
-0.034524
-0.034625
-0.034725
-0.034825
-0.034925
-0.035025
-0.035125
-0.035225
-0.035325
-0.035426
-0.035526
-0.035626
-0.035726
-0.035826
-0.035926
-0.036026
-0.036126
-0.036226
-0.036327
-0.036427
-0.036527
-0.036627
-0.036727
-0.036827
-0.036927
-0.037027
-0.037127
-0.037227
-0.037328
-0.037428
-0.037528
-0.037628
-0.037728
-0.037828
-0.037928
-0.038028
-0.038128
-0.038228
-0.038329
-0.038429
-0.038529
-0.038629
-0.038729
-0.038829
-0.038929
-0.039029
-0.039129
-0.039229
-0.039329
-0.039429
-0.039530
-0.039630
-0.039730
-0.039830
-0.039930
-0.040030
-0.040130
-0.040230
-0.040330
-0.040430
-0.040530
-0.040630
-0.040730
-0.040831
-0.040931
-0.041031
-0.041131
-0.041231
-0.041331
-0.041431
-0.041531
-0.041631
-0.041731
-0.041831
-0.041931
-0.042031
-0.042131
-0.042231
-0.042331
-0.042432
-0.042532
-0.042632
-0.042732
-0.042832
-0.042932
-0.043032
-0.043132
-0.043232
-0.043332
-0.043432
-0.043532
-0.043632
-0.043732
-0.043832
-0.043932
-0.044032
-0.044132
-0.044232
-0.044332
-0.044432
-0.044532
-0.044632
-0.044732
-0.044833
-0.044933
-0.045033
-0.045133
-0.045233
-0.045333
-0.045433
-0.045533
-0.045633
-0.045733
-0.045833
-0.045933
-0.046033
-0.046133
-0.046233
-0.046333
-0.046433
-0.046533
-0.046633
-0.046733
-0.046833
-0.046933
-0.047033
-0.047133
-0.047233
-0.047333
-0.047433
-0.047533
-0.047633
-0.047733
-0.047833
-0.047933
-0.048033
-0.048133
-0.048233
-0.048333
-0.048433
-0.048533
-0.048633
-0.048733
-0.048833
-0.048933
-0.049033
-0.049133
-0.049233
-0.049333
-0.049433
-0.049533
-0.049633
-0.049733
-0.049833
-0.049933
-0.050033
-0.050133
-0.050233
-0.050333
-0.050433
-0.050533
-0.050632
-0.050732
-0.050832
-0.050932
-0.051032
-0.051132
-0.051232
-0.051332
-0.051432
-0.051532
-0.051632
-0.051732
-0.051832
-0.051932
-0.052032
-0.052132
-0.052232
-0.052332
-0.052432
-0.052532
-0.052632
-0.052732
-0.052831
-0.052931
-0.053031
-0.053131
-0.053231
-0.053331
-0.053431
-0.053531
-0.053631
-0.053731
-0.053831
-0.053931
-0.054031
-0.054131
-0.054231
-0.054330
-0.054430
-0.054530
-0.054630
-0.054730
-0.054830
-0.054930
-0.055030
-0.055130
-0.055230
-0.055330
-0.055430
-0.055529
-0.055629
-0.055729
-0.055829
-0.055929
-0.056029
-0.056129
-0.056229
-0.056329
-0.056429
-0.056528
-0.056628
-0.056728
-0.056828
-0.056928
-0.057028
-0.057128
-0.057228
-0.057328
-0.057427
-0.057527
-0.057627
-0.057727
-0.057827
-0.057927
-0.058027
-0.058127
-0.058226
-0.058326
-0.058426
-0.058526
-0.058626
-0.058726
-0.058826
-0.058926
-0.059025
-0.059125
-0.059225
-0.059325
-0.059425
-0.059525
-0.059625
-0.059724
-0.059824
-0.059924
-0.060024
-0.060124
-0.060224
-0.060323
-0.060423
-0.060523
-0.060623
-0.060723
-0.060823
-0.060923
-0.061022
-0.061122
-0.061222
-0.061322
-0.061422
-0.061522
-0.061621
-0.061721
-0.061821
-0.061921
-0.062021
-0.062120
-0.062220
-0.062320
-0.062420
-0.062520
-0.062620
-0.062719
-0.062819
-0.062919
-0.063019
-0.063119
-0.063218
-0.063318
-0.063418
-0.063518
-0.063618
-0.063717
-0.063817
-0.063917
-0.064017
-0.064117
-0.064216
-0.064316
-0.064416
-0.064516
-0.064615
-0.064715
-0.064815
-0.064915
-0.065015
-0.065114
-0.065214
-0.065314
-0.065414
-0.065513
-0.065613
-0.065713
-0.065813
-0.065912
-0.066012
-0.066112
-0.066212
-0.066311
-0.066411
-0.066511
-0.066611
-0.066710
-0.066810
-0.066910
-0.067010
-0.067109
-0.067209
-0.067309
-0.067409
-0.067508
-0.067608
-0.067708
-0.067808
-0.067907
-0.068007
-0.068107
-0.068207
-0.068306
-0.068406
-0.068506
-0.068605
-0.068705
-0.068805
-0.068905
-0.069004
-0.069104
-0.069204
-0.069303
-0.069403
-0.069503
-0.069603
-0.069702
-0.069802
-0.069902
-0.070001
-0.070101
-0.070201
-0.070300
-0.070400
-0.070500
-0.070599
-0.070699
-0.070799
-0.070899
-0.070998
-0.071098
-0.071198
-0.071297
-0.071397
-0.071497
-0.071596
-0.071696
-0.071796
-0.071895
-0.071995
-0.072095
-0.072194
-0.072294
-0.072394
-0.072493
-0.072593
-0.072692
-0.072792
-0.072892
-0.072991
-0.073091
-0.073191
-0.073290
-0.073390
-0.073490
-0.073589
-0.073689
-0.073789
-0.073888
-0.073988
-0.074087
-0.074187
-0.074287
-0.074386
-0.074486
-0.074586
-0.074685
-0.074785
-0.074884
-0.074984
-0.075084
-0.075183
-0.075283
-0.075382
-0.075482
-0.075582
-0.075681
-0.075781
-0.075880
-0.075980
-0.076080
-0.076179
-0.076279
-0.076378
-0.076478
-0.076577
-0.076677
-0.076777
-0.076876
-0.076976
-0.077075
-0.077175
-0.077275
-0.077374
-0.077474
-0.077573
-0.077673
-0.077772
-0.077872
-0.077971
-0.078071
-0.078171
-0.078270
-0.078370
-0.078469
-0.078569
-0.078668
-0.078768
-0.078867
-0.078967
-0.079066
-0.079166
-0.079265
-0.079365
-0.079465
-0.079564
-0.079664
-0.079763
-0.079863
-0.079962
-0.080062
-0.080161
-0.080261
-0.080360
-0.080460
-0.080559
-0.080659
-0.080758
-0.080858
-0.080957
-0.081057
-0.081156
-0.081256
-0.081355
-0.081455
-0.081554
-0.081654
-0.081753
-0.081853
-0.081952
-0.082052
-0.082151
-0.082251
-0.082350
-0.082449
-0.082549
-0.082648
-0.082748
-0.082847
-0.082947
-0.083046
-0.083146
-0.083245
-0.083345
-0.083444
-0.083543
-0.083643
-0.083742
-0.083842
-0.083941
-0.084041
-0.084140
-0.084240
-0.084339
-0.084438
-0.084538
-0.084637
-0.084737
-0.084836
-0.084936
-0.085035
-0.085134
-0.085234
-0.085333
-0.085433
-0.085532
-0.085631
-0.085731
-0.085830
-0.085930
-0.086029
-0.086128
-0.086228
-0.086327
-0.086427
-0.086526
-0.086625
-0.086725
-0.086824
-0.086923
-0.087023
-0.087122
-0.087222
-0.087321
-0.087420
-0.087520
-0.087619
-0.087718
-0.087818
-0.087917
-0.088016
-0.088116
-0.088215
-0.088314
-0.088414
-0.088513
-0.088613
-0.088712
-0.088811
-0.088911
-0.089010
-0.089109
-0.089209
-0.089308
-0.089407
-0.089506
-0.089606
-0.089705
-0.089804
-0.089904
-0.090003
-0.090102
-0.090202
-0.090301
-0.090400
-0.090500
-0.090599
-0.090698
-0.090797
-0.090897
-0.090996
-0.091095
-0.091195
-0.091294
-0.091393
-0.091492
-0.091592
-0.091691
-0.091790
-0.091890
-0.091989
-0.092088
-0.092187
-0.092287
-0.092386
-0.092485
-0.092584
-0.092684
-0.092783
-0.092882
-0.092981
-0.093081
-0.093180
-0.093279
-0.093378
-0.093477
-0.093577
-0.093676
-0.093775
-0.093874
-0.093974
-0.094073
-0.094172
-0.094271
-0.094370
-0.094470
-0.094569
-0.094668
-0.094767
-0.094866
-0.094966
-0.095065
-0.095164
-0.095263
-0.095362
-0.095462
-0.095561
-0.095660
-0.095759
-0.095858
-0.095958
-0.096057
-0.096156
-0.096255
-0.096354
-0.096453
-0.096552
-0.096652
-0.096751
-0.096850
-0.096949
-0.097048
-0.097147
-0.097247
-0.097346
-0.097445
-0.097544
-0.097643
-0.097742
-0.097841
-0.097940
-0.098040
-0.098139
-0.098238
-0.098337
-0.098436
-0.098535
-0.098634
-0.098733
-0.098832
-0.098932
-0.099031
-0.099130
-0.099229
-0.099328
-0.099427
-0.099526
-0.099625
-0.099724
-0.099823
-0.099922
-0.100022
-0.100121
-0.100220
-0.100319
-0.100418
-0.100517
-0.100616
-0.100715
-0.100814
-0.100913
-0.101012
-0.101111
-0.101210
-0.101309
-0.101408
-0.101507
-0.101606
-0.101705
-0.101804
-0.101903
-0.102002
-0.102101
-0.102200
-0.102299
-0.102399
-0.102498
-0.102597
-0.102696
-0.102795
-0.102894
-0.102993
-0.103092
-0.103191
-0.103289
-0.103388
-0.103487
-0.103586
-0.103685
-0.103784
-0.103883
-0.103982
-0.104081
-0.104180
-0.104279
-0.104378
-0.104477
-0.104576
-0.104675
-0.104774
-0.104873
-0.104972
-0.105071
-0.105170
-0.105269
-0.105368
-0.105467
-0.105566
-0.105664
-0.105763
-0.105862
-0.105961
-0.106060
-0.106159
-0.106258
-0.106357
-0.106456
-0.106555
-0.106654
-0.106752
-0.106851
-0.106950
-0.107049
-0.107148
-0.107247
-0.107346
-0.107445
-0.107544
-0.107642
-0.107741
-0.107840
-0.107939
-0.108038
-0.108137
-0.108236
-0.108334
-0.108433
-0.108532
-0.108631
-0.108730
-0.108829
-0.108928
-0.109026
-0.109125
-0.109224
-0.109323
-0.109422
-0.109520
-0.109619
-0.109718
-0.109817
-0.109916
-0.110015
-0.110113
-0.110212
-0.110311
-0.110410
-0.110509
-0.110607
-0.110706
-0.110805
-0.110904
-0.111002
-0.111101
-0.111200
-0.111299
-0.111398
-0.111496
-0.111595
-0.111694
-0.111793
-0.111891
-0.111990
-0.112089
-0.112188
-0.112286
-0.112385
-0.112484
-0.112583
-0.112681
-0.112780
-0.112879
-0.112977
-0.113076
-0.113175
-0.113274
-0.113372
-0.113471
-0.113570
-0.113668
-0.113767
-0.113866
-0.113965
-0.114063
-0.114162
-0.114261
-0.114359
-0.114458
-0.114557
-0.114655
-0.114754
-0.114853
-0.114951
-0.115050
-0.115149
-0.115247
-0.115346
-0.115445
-0.115543
-0.115642
-0.115740
-0.115839
-0.115938
-0.116036
-0.116135
-0.116234
-0.116332
-0.116431
-0.116529
-0.116628
-0.116727
-0.116825
-0.116924
-0.117023
-0.117121
-0.117220
-0.117318
-0.117417
-0.117515
-0.117614
-0.117713
-0.117811
-0.117910
-0.118008
-0.118107
-0.118206
-0.118304
-0.118403
-0.118501
-0.118600
-0.118698
-0.118797
-0.118895
-0.118994
-0.119092
-0.119191
-0.119290
-0.119388
-0.119487
-0.119585
-0.119684
-0.119782
-0.119881
-0.119979
-0.120078
-0.120176
-0.120275
-0.120373
-0.120472
-0.120570
-0.120669
-0.120767
-0.120866
-0.120964
-0.121063
-0.121161
-0.121260
-0.121358
-0.121456
-0.121555
-0.121653
-0.121752
-0.121850
-0.121949
-0.122047
-0.122146
-0.122244
-0.122342
-0.122441
-0.122539
-0.122638
-0.122736
-0.122835
-0.122933
-0.123031
-0.123130
-0.123228
-0.123327
-0.123425
-0.123523
-0.123622
-0.123720
-0.123819
-0.123917
-0.124015
-0.124114
-0.124212
-0.124310
-0.124409
-0.124507
-0.124606
-0.124704
-0.124802
-0.124901
-0.124999
-0.125097
-0.125196
-0.125294
-0.125392
-0.125491
-0.125589
-0.125687
-0.125786
-0.125884
-0.125982
-0.126081
-0.126179
-0.126277
-0.126376
-0.126474
-0.126572
-0.126670
-0.126769
-0.126867
-0.126965
-0.127064
-0.127162
-0.127260
-0.127358
-0.127457
-0.127555
-0.127653
-0.127751
-0.127850
-0.127948
-0.128046
-0.128144
-0.128243
-0.128341
-0.128439
-0.128537
-0.128636
-0.128734
-0.128832
-0.128930
-0.129028
-0.129127
-0.129225
-0.129323
-0.129421
-0.129519
-0.129618
-0.129716
-0.129814
-0.129912
-0.130010
-0.130109
-0.130207
-0.130305
-0.130403
-0.130501
-0.130599
-0.130698
-0.130796
-0.130894
-0.130992
-0.131090
-0.131188
-0.131286
-0.131385
-0.131483
-0.131581
-0.131679
-0.131777
-0.131875
-0.131973
-0.132071
-0.132169
-0.132268
-0.132366
-0.132464
-0.132562
-0.132660
-0.132758
-0.132856
-0.132954
-0.133052
-0.133150
-0.133248
-0.133346
-0.133444
-0.133542
-0.133641
-0.133739
-0.133837
-0.133935
-0.134033
-0.134131
-0.134229
-0.134327
-0.134425
-0.134523
-0.134621
-0.134719
-0.134817
-0.134915
-0.135013
-0.135111
-0.135209
-0.135307
-0.135405
-0.135503
-0.135601
-0.135699
-0.135797
-0.135895
-0.135993
-0.136091
-0.136189
-0.136287
-0.136384
-0.136482
-0.136580
-0.136678
-0.136776
-0.136874
-0.136972
-0.137070
-0.137168
-0.137266
-0.137364
-0.137462
-0.137560
-0.137658
-0.137755
-0.137853
-0.137951
-0.138049
-0.138147
-0.138245
-0.138343
-0.138441
-0.138538
-0.138636
-0.138734
-0.138832
-0.138930
-0.139028
-0.139126
-0.139223
-0.139321
-0.139419
-0.139517
-0.139615
-0.139713
-0.139810
-0.139908
-0.140006
-0.140104
-0.140202
-0.140299
-0.140397
-0.140495
-0.140593
-0.140691
-0.140788
-0.140886
-0.140984
-0.141082
-0.141180
-0.141277
-0.141375
-0.141473
-0.141571
-0.141668
-0.141766
-0.141864
-0.141962
-0.142059
-0.142157
-0.142255
-0.142352
-0.142450
-0.142548
-0.142646
-0.142743
-0.142841
-0.142939
-0.143036
-0.143134
-0.143232
-0.143329
-0.143427
-0.143525
-0.143623
-0.143720
-0.143818
-0.143916
-0.144013
-0.144111
-0.144208
-0.144306
-0.144404
-0.144501
-0.144599
-0.144697
-0.144794
-0.144892
-0.144990
-0.145087
-0.145185
-0.145282
-0.145380
-0.145478
-0.145575
-0.145673
-0.145770
-0.145868
-0.145965
-0.146063
-0.146161
-0.146258
-0.146356
-0.146453
-0.146551
-0.146648
-0.146746
-0.146844
-0.146941
-0.147039
-0.147136
-0.147234
-0.147331
-0.147429
-0.147526
-0.147624
-0.147721
-0.147819
-0.147916
-0.148014
-0.148111
-0.148209
-0.148306
-0.148404
-0.148501
-0.148599
-0.148696
-0.148794
-0.148891
-0.148988
-0.149086
-0.149183
-0.149281
-0.149378
-0.149476
-0.149573
-0.149671
-0.149768
-0.149865
-0.149963
-0.150060
-0.150158
-0.150255
-0.150352
-0.150450
-0.150547
-0.150645
-0.150742
-0.150839
-0.150937
-0.151034
-0.151131
-0.151229
-0.151326
-0.151424
-0.151521
-0.151618
-0.151716
-0.151813
-0.151910
-0.152008
-0.152105
-0.152202
-0.152300
-0.152397
-0.152494
-0.152591
-0.152689
-0.152786
-0.152883
-0.152981
-0.153078
-0.153175
-0.153272
-0.153370
-0.153467
-0.153564
-0.153662
-0.153759
-0.153856
-0.153953
-0.154050
-0.154148
-0.154245
-0.154342
-0.154439
-0.154537
-0.154634
-0.154731
-0.154828
-0.154925
-0.155023
-0.155120
-0.155217
-0.155314
-0.155411
-0.155509
-0.155606
-0.155703
-0.155800
-0.155897
-0.155994
-0.156092
-0.156189
-0.156286
-0.156383
-0.156480
-0.156577
-0.156674
-0.156771
-0.156869
-0.156966
-0.157063
-0.157160
-0.157257
-0.157354
-0.157451
-0.157548
-0.157645
-0.157742
-0.157840
-0.157937
-0.158034
-0.158131
-0.158228
-0.158325
-0.158422
-0.158519
-0.158616
-0.158713
-0.158810
-0.158907
-0.159004
-0.159101
-0.159198
-0.159295
-0.159392
-0.159489
-0.159586
-0.159683
-0.159780
-0.159877
-0.159974
-0.160071
-0.160168
-0.160265
-0.160362
-0.160459
-0.160556
-0.160653
-0.160750
-0.160847
-0.160944
-0.161040
-0.161137
-0.161234
-0.161331
-0.161428
-0.161525
-0.161622
-0.161719
-0.161816
-0.161913
-0.162009
-0.162106
-0.162203
-0.162300
-0.162397
-0.162494
-0.162591
-0.162688
-0.162784
-0.162881
-0.162978
-0.163075
-0.163172
-0.163269
-0.163365
-0.163462
-0.163559
-0.163656
-0.163753
-0.163849
-0.163946
-0.164043
-0.164140
-0.164237
-0.164333
-0.164430
-0.164527
-0.164624
-0.164720
-0.164817
-0.164914
-0.165011
-0.165107
-0.165204
-0.165301
-0.165398
-0.165494
-0.165591
-0.165688
-0.165784
-0.165881
-0.165978
-0.166074
-0.166171
-0.166268
-0.166364
-0.166461
-0.166558
-0.166654
-0.166751
-0.166848
-0.166944
-0.167041
-0.167138
-0.167234
-0.167331
-0.167428
-0.167524
-0.167621
-0.167717
-0.167814
-0.167911
-0.168007
-0.168104
-0.168200
-0.168297
-0.168394
-0.168490
-0.168587
-0.168683
-0.168780
-0.168876
-0.168973
-0.169069
-0.169166
-0.169263
-0.169359
-0.169456
-0.169552
-0.169649
-0.169745
-0.169842
-0.169938
-0.170035
-0.170131
-0.170228
-0.170324
-0.170421
-0.170517
-0.170614
-0.170710
-0.170806
-0.170903
-0.170999
-0.171096
-0.171192
-0.171289
-0.171385
-0.171482
-0.171578
-0.171674
-0.171771
-0.171867
-0.171964
-0.172060
-0.172156
-0.172253
-0.172349
-0.172445
-0.172542
-0.172638
-0.172735
-0.172831
-0.172927
-0.173024
-0.173120
-0.173216
-0.173313
-0.173409
-0.173505
-0.173602
-0.173698
-0.173794
-0.173891
-0.173987
-0.174083
-0.174179
-0.174276
-0.174372
-0.174468
-0.174564
-0.174661
-0.174757
-0.174853
-0.174949
-0.175046
-0.175142
-0.175238
-0.175334
-0.175431
-0.175527
-0.175623
-0.175719
-0.175815
-0.175912
-0.176008
-0.176104
-0.176200
-0.176296
-0.176393
-0.176489
-0.176585
-0.176681
-0.176777
-0.176873
-0.176969
-0.177066
-0.177162
-0.177258
-0.177354
-0.177450
-0.177546
-0.177642
-0.177738
-0.177835
-0.177931
-0.178027
-0.178123
-0.178219
-0.178315
-0.178411
-0.178507
-0.178603
-0.178699
-0.178795
-0.178891
-0.178987
-0.179083
-0.179179
-0.179275
-0.179371
-0.179467
-0.179563
-0.179659
-0.179755
-0.179851
-0.179947
-0.180043
-0.180139
-0.180235
-0.180331
-0.180427
-0.180523
-0.180619
-0.180715
-0.180811
-0.180907
-0.181003
-0.181099
-0.181195
-0.181291
-0.181386
-0.181482
-0.181578
-0.181674
-0.181770
-0.181866
-0.181962
-0.182058
-0.182153
-0.182249
-0.182345
-0.182441
-0.182537
-0.182633
-0.182729
-0.182824
-0.182920
-0.183016
-0.183112
-0.183208
-0.183303
-0.183399
-0.183495
-0.183591
-0.183687
-0.183782
-0.183878
-0.183974
-0.184070
-0.184165
-0.184261
-0.184357
-0.184453
-0.184548
-0.184644
-0.184740
-0.184835
-0.184931
-0.185027
-0.185123
-0.185218
-0.185314
-0.185410
-0.185505
-0.185601
-0.185697
-0.185792
-0.185888
-0.185984
-0.186079
-0.186175
-0.186270
-0.186366
-0.186462
-0.186557
-0.186653
-0.186749
-0.186844
-0.186940
-0.187035
-0.187131
-0.187226
-0.187322
-0.187418
-0.187513
-0.187609
-0.187704
-0.187800
-0.187895
-0.187991
-0.188086
-0.188182
-0.188277
-0.188373
-0.188468
-0.188564
-0.188659
-0.188755
-0.188850
-0.188946
-0.189041
-0.189137
-0.189232
-0.189328
-0.189423
-0.189519
-0.189614
-0.189710
-0.189805
-0.189900
-0.189996
-0.190091
-0.190187
-0.190282
-0.190377
-0.190473
-0.190568
-0.190664
-0.190759
-0.190854
-0.190950
-0.191045
-0.191140
-0.191236
-0.191331
-0.191426
-0.191522
-0.191617
-0.191712
-0.191808
-0.191903
-0.191998
-0.192094
-0.192189
-0.192284
-0.192379
-0.192475
-0.192570
-0.192665
-0.192760
-0.192856
-0.192951
-0.193046
-0.193141
-0.193237
-0.193332
-0.193427
-0.193522
-0.193617
-0.193713
-0.193808
-0.193903
-0.193998
-0.194093
-0.194189
-0.194284
-0.194379
-0.194474
-0.194569
-0.194664
-0.194759
-0.194855
-0.194950
-0.195045
-0.195140
-0.195235
-0.195330
-0.195425
-0.195520
-0.195615
-0.195710
-0.195806
-0.195901
-0.195996
-0.196091
-0.196186
-0.196281
-0.196376
-0.196471
-0.196566
-0.196661
-0.196756
-0.196851
-0.196946
-0.197041
-0.197136
-0.197231
-0.197326
-0.197421
-0.197516
-0.197611
-0.197706
-0.197801
-0.197896
-0.197991
-0.198085
-0.198180
-0.198275
-0.198370
-0.198465
-0.198560
-0.198655
-0.198750
-0.198845
-0.198940
-0.199034
-0.199129
-0.199224
-0.199319
-0.199414
-0.199509
-0.199604
-0.199698
-0.199793
-0.199888
-0.199983
-0.200078
-0.200172
-0.200267
-0.200362
-0.200457
-0.200552
-0.200646
-0.200741
-0.200836
-0.200931
-0.201025
-0.201120
-0.201215
-0.201310
-0.201404
-0.201499
-0.201594
-0.201688
-0.201783
-0.201878
-0.201972
-0.202067
-0.202162
-0.202256
-0.202351
-0.202446
-0.202540
-0.202635
-0.202730
-0.202824
-0.202919
-0.203014
-0.203108
-0.203203
-0.203297
-0.203392
-0.203487
-0.203581
-0.203676
-0.203770
-0.203865
-0.203959
-0.204054
-0.204148
-0.204243
-0.204338
-0.204432
-0.204527
-0.204621
-0.204716
-0.204810
-0.204905
-0.204999
-0.205094
-0.205188
-0.205282
-0.205377
-0.205471
-0.205566
-0.205660
-0.205755
-0.205849
-0.205944
-0.206038
-0.206132
-0.206227
-0.206321
-0.206416
-0.206510
