-0.085137
-0.085253
-0.085369
-0.085485
-0.085600
-0.085716
-0.085831
-0.085946
-0.086061
-0.086175
-0.086290
-0.086404
-0.086518
-0.086632
-0.086745
-0.086859
-0.086972
-0.087085
-0.087197
-0.087310
-0.087422
-0.087534
-0.087646
-0.087758
-0.087869
-0.087980
-0.088091
-0.088202
-0.088313
-0.088423
-0.088533
-0.088643
-0.088753
-0.088862
-0.088971
-0.089080
-0.089189
-0.089298
-0.089406
-0.089514
-0.089622
-0.089730
-0.089838
-0.089945
-0.090052
-0.090159
-0.090266
-0.090372
-0.090478
-0.090584
-0.090690
-0.090795
-0.090901
-0.091006
-0.091111
-0.091215
-0.091320
-0.091424
-0.091528
-0.091632
-0.091735
-0.091839
-0.091942
-0.092044
-0.092147
-0.092249
-0.092352
-0.092454
-0.092555
-0.092657
-0.092758
-0.092859
-0.092960
-0.093061
-0.093161
-0.093261
-0.093361
-0.093461
-0.093560
-0.093659
-0.093758
-0.093857
-0.093955
-0.094054
-0.094152
-0.094250
-0.094347
-0.094445
-0.094542
-0.094639
-0.094735
-0.094832
-0.094928
-0.095024
-0.095120
-0.095215
-0.095310
-0.095405
-0.095500
-0.095595
-0.095689
-0.095783
-0.095877
-0.095971
-0.096064
-0.096157
-0.096250
-0.096343
-0.096435
-0.096527
-0.096619
-0.096711
-0.096802
-0.096894
-0.096985
-0.097075
-0.097166
-0.097256
-0.097346
-0.097436
-0.097526
-0.097615
-0.097704
-0.097793
-0.097881
-0.097970
-0.098058
-0.098146
-0.098233
-0.098321
-0.098408
-0.098495
-0.098581
-0.098668
-0.098754
-0.098840
-0.098926
-0.099011
-0.099096
-0.099181
-0.099266
-0.099350
-0.099434
-0.099518
-0.099602
-0.099686
-0.099769
-0.099852
-0.099934
-0.100017
-0.100099
-0.100181
-0.100263
-0.100344
-0.100426
-0.100507
-0.100587
-0.100668
-0.100748
-0.100828
-0.100908
-0.100987
-0.101066
-0.101145
-0.101224
-0.101303
-0.101381
-0.101459
-0.101537
-0.101614
-0.101691
-0.101768
-0.101845
-0.101921
-0.101998
-0.102074
-0.102149
-0.102225
-0.102300
-0.102375
-0.102449
-0.102524
-0.102598
-0.102672
-0.102746
-0.102819
-0.102892
-0.102965
-0.103038
-0.103110
-0.103182
-0.103254
-0.103326
-0.103397
-0.103468
-0.103539
-0.103610
-0.103680
-0.103750
-0.103820
-0.103889
-0.103959
-0.104028
-0.104096
-0.104165
-0.104233
-0.104301
-0.104369
-0.104436
-0.104503
-0.104570
-0.104637
-0.104703
-0.104770
-0.104836
-0.104901
-0.104967
-0.105032
-0.105096
-0.105161
-0.105225
-0.105289
-0.105353
-0.105417
-0.105480
-0.105543
-0.105606
-0.105668
-0.105730
-0.105792
-0.105854
-0.105916
-0.105977
-0.106038
-0.106098
-0.106159
-0.106219
-0.106278
-0.106338
-0.106397
-0.106456
-0.106515
-0.106574
-0.106632
-0.106690
-0.106747
-0.106805
-0.106862
-0.106919
-0.106976
-0.107032
-0.107088
-0.107144
-0.107199
-0.107255
-0.107310
-0.107364
-0.107419
-0.107473
-0.107527
-0.107581
-0.107634
-0.107687
-0.107740
-0.107793
-0.107845
-0.107897
-0.107949
-0.108000
-0.108052
-0.108102
-0.108153
-0.108204
-0.108254
-0.108304
-0.108353
-0.108403
-0.108452
-0.108500
-0.108549
-0.108597
-0.108645
-0.108693
-0.108740
-0.108787
-0.108834
-0.108881
-0.108927
-0.108973
-0.109019
-0.109064
-0.109110
-0.109155
-0.109199
-0.109244
-0.109288
-0.109332
-0.109375
-0.109419
-0.109462
-0.109504
-0.109547
-0.109589
-0.109631
-0.109673
-0.109714
-0.109755
-0.109796
-0.109836
-0.109877
-0.109917
-0.109956
-0.109996
-0.110035
-0.110074
-0.110112
-0.110151
-0.110189
-0.110227
-0.110264
-0.110301
-0.110338
-0.110375
-0.110411
-0.110447
-0.110483
-0.110519
-0.110554
-0.110589
-0.110624
-0.110658
-0.110692
-0.110726
-0.110760
-0.110793
-0.110826
-0.110859
-0.110891
-0.110924
-0.110956
-0.110987
-0.111019
-0.111050
-0.111080
-0.111111
-0.111141
-0.111171
-0.111201
-0.111230
-0.111259
-0.111288
-0.111317
-0.111345
-0.111373
-0.111401
-0.111428
-0.111455
-0.111482
-0.111509
-0.111535
-0.111561
-0.111587
-0.111612
-0.111637
-0.111662
-0.111687
-0.111711
-0.111735
-0.111759
-0.111782
-0.111806
-0.111828
-0.111851
-0.111873
-0.111895
-0.111917
-0.111939
-0.111960
-0.111981
-0.112002
-0.112022
-0.112042
-0.112062
-0.112081
-0.112101
-0.112119
-0.112138
-0.112157
-0.112175
-0.112192
-0.112210
-0.112227
-0.112244
-0.112261
-0.112277
-0.112293
-0.112309
-0.112325
-0.112340
-0.112355
-0.112370
-0.112384
-0.112398
-0.112412
-0.112425
-0.112439
-0.112452
-0.112464
-0.112477
-0.112489
-0.112501
-0.112512
-0.112524
-0.112535
-0.112545
-0.112556
-0.112566
-0.112576
-0.112585
-0.112594
-0.112603
-0.112612
-0.112621
-0.112629
-0.112637
-0.112644
-0.112651
-0.112658
-0.112665
-0.112671
-0.112678
-0.112683
-0.112689
-0.112694
-0.112699
-0.112704
-0.112708
-0.112713
-0.112716
-0.112720
-0.112723
-0.112726
-0.112729
-0.112731
-0.112733
-0.112735
-0.112737
-0.112738
-0.112739
-0.112740
-0.112740
-0.112740
-0.112740
-0.112740
-0.112739
-0.112738
-0.112737
-0.112735
-0.112733
-0.112731
-0.112729
-0.112726
-0.112723
-0.112720
-0.112716
-0.112712
-0.112708
-0.112704
-0.112699
-0.112694
-0.112689
-0.112683
-0.112677
-0.112671
-0.112664
-0.112658
-0.112651
-0.112643
-0.112636
-0.112628
-0.112620
-0.112611
-0.112603
-0.112594
-0.112584
-0.112575
-0.112565
-0.112555
-0.112544
-0.112533
-0.112522
-0.112511
-0.112500
-0.112488
-0.112476
-0.112463
-0.112450
-0.112437
-0.112424
-0.112410
-0.112397
-0.112382
-0.112368
-0.112353
-0.112338
-0.112323
-0.112307
-0.112292
-0.112275
-0.112259
-0.112242
-0.112225
-0.112208
-0.112190
-0.112172
-0.112154
-0.112136
-0.112117
-0.112098
-0.112079
-0.112059
-0.112040
-0.112019
-0.111999
-0.111978
-0.111957
-0.111936
-0.111914
-0.111893
-0.111870
-0.111848
-0.111825
-0.111802
-0.111779
-0.111756
-0.111732
-0.111708
-0.111683
-0.111659
-0.111634
-0.111608
-0.111583
-0.111557
-0.111531
-0.111505
-0.111478
-0.111451
-0.111424
-0.111396
-0.111368
-0.111340
-0.111312
-0.111283
-0.111254
-0.111225
-0.111196
-0.111166
-0.111136
-0.111106
-0.111075
-0.111044
-0.111013
-0.110982
-0.110950
-0.110918
-0.110885
-0.110853
-0.110820
-0.110787
-0.110753
-0.110720
-0.110686
-0.110651
-0.110617
-0.110582
-0.110547
-0.110512
-0.110476
-0.110440
-0.110404
-0.110367
-0.110330
-0.110293
-0.110256
-0.110218
-0.110181
-0.110142
-0.110104
-0.110065
-0.110026
-0.109987
-0.109947
-0.109907
-0.109867
-0.109827
-0.109786
-0.109745
-0.109704
-0.109662
-0.109621
-0.109578
-0.109536
-0.109493
-0.109451
-0.109407
-0.109364
-0.109320
-0.109276
-0.109232
-0.109187
-0.109142
-0.109097
-0.109052
-0.109006
-0.108960
-0.108914
-0.108867
-0.108821
-0.108774
-0.108726
-0.108679
-0.108631
-0.108583
-0.108534
-0.108485
-0.108436
-0.108387
-0.108338
-0.108288
-0.108238
-0.108187
-0.108137
-0.108086
-0.108035
-0.107983
-0.107932
-0.107880
-0.107827
-0.107775
-0.107722
-0.107669
-0.107615
-0.107562
-0.107508
-0.107454
-0.107399
-0.107345
-0.107290
-0.107234
-0.107179
-0.107123
-0.107067
-0.107010
-0.106954
-0.106897
-0.106840
-0.106782
-0.106725
-0.106667
-0.106608
-0.106550
-0.106491
-0.106432
-0.106373
-0.106313
-0.106253
-0.106193
-0.106133
-0.106072
-0.106011
-0.105950
-0.105889
-0.105827
-0.105765
-0.105703
-0.105640
-0.105577
-0.105514
-0.105451
-0.105387
-0.105323
-0.105259
-0.105195
-0.105130
-0.105065
-0.105000
-0.104935
-0.104869
-0.104803
-0.104737
-0.104670
-0.104604
-0.104536
-0.104469
-0.104402
-0.104334
-0.104266
-0.104197
-0.104129
-0.104060
-0.103991
-0.103921
-0.103852
-0.103782
-0.103711
-0.103641
-0.103570
-0.103499
-0.103428
-0.103357
-0.103285
-0.103213
-0.103141
-0.103068
-0.102995
-0.102922
-0.102849
-0.102775
-0.102701
-0.102627
-0.102553
-0.102478
-0.102404
-0.102328
-0.102253
-0.102177
-0.102102
-0.102025
-0.101949
-0.101872
-0.101795
-0.101718
-0.101641
-0.101563
-0.101485
-0.101407
-0.101329
-0.101250
-0.101171
-0.101092
-0.101012
-0.100932
-0.100852
-0.100772
-0.100692
-0.100611
-0.100530
-0.100449
-0.100367
-0.100286
-0.100204
-0.100121
-0.100039
-0.099956
-0.099873
-0.099790
-0.099706
-0.099623
-0.099539
-0.099454
-0.099370
-0.099285
-0.099200
-0.099115
-0.099029
-0.098944
-0.098858
-0.098771
-0.098685
-0.098598
-0.098511
-0.098424
-0.098336
-0.098249
-0.098161
-0.098073
-0.097984
-0.097895
-0.097806
-0.097717
-0.097628
-0.097538
-0.097448
-0.097358
-0.097268
-0.097177
-0.097086
-0.096995
-0.096903
-0.096812
-0.096720
-0.096628
-0.096535
-0.096443
-0.096350
-0.096257
-0.096164
-0.096070
-0.095976
-0.095882
-0.095788
-0.095693
-0.095599
-0.095504
-0.095408
-0.095313
-0.095217
-0.095121
-0.095025
-0.094929
-0.094832
-0.094735
-0.094638
-0.094541
-0.094443
-0.094345
-0.094247
-0.094149
-0.094050
-0.093951
-0.093852
-0.093753
-0.093654
-0.093554
-0.093454
-0.093354
-0.093253
-0.093153
-0.093052
-0.092951
-0.092849
-0.092748
-0.092646
-0.092544
-0.092442
-0.092339
-0.092237
-0.092134
-0.092030
-0.091927
-0.091823
-0.091719
-0.091615
-0.091511
-0.091406
-0.091302
-0.091197
-0.091091
-0.090986
-0.090880
-0.090774
-0.090668
-0.090562
-0.090455
-0.090348
-0.090241
-0.090134
-0.090027
-0.089919
-0.089811
-0.089703
-0.089594
-0.089486
-0.089377
-0.089268
-0.089159
-0.089049
-0.088940
-0.088830
-0.088719
-0.088609
-0.088499
-0.088388
-0.088277
-0.088165
-0.088054
-0.087942
-0.087830
-0.087718
-0.087606
-0.087493
-0.087381
-0.087268
-0.087154
-0.087041
-0.086927
-0.086814
-0.086700
-0.086585
-0.086471
-0.086356
-0.086241
-0.086126
-0.086011
-0.085895
-0.085779
-0.085663
-0.085547
-0.085431
-0.085314
-0.085197
-0.085080
-0.084963
-0.084846
-0.084728
-0.084610
-0.084492
-0.084374
-0.084255
-0.084137
-0.084018
-0.083899
-0.083779
-0.083660
-0.083540
-0.083420
-0.083300
-0.083179
-0.083059
-0.082938
-0.082817
-0.082696
-0.082575
-0.082453
-0.082331
-0.082209
-0.082087
-0.081965
-0.081842
-0.081719
-0.081596
-0.081473
-0.081350
-0.081226
-0.081102
-0.080978
-0.080854
-0.080730
-0.080605
-0.080480
-0.080356
-0.080230
-0.080105
-0.079979
-0.079854
-0.079728
-0.079602
-0.079475
-0.079349
-0.079222
-0.079095
-0.078968
-0.078840
-0.078713
-0.078585
-0.078457
-0.078329
-0.078201
-0.078072
-0.077944
-0.077815
-0.077686
-0.077557
-0.077427
-0.077298
-0.077168
-0.077038
-0.076908
-0.076777
-0.076647
-0.076516
-0.076385
-0.076254
-0.076123
-0.075991
-0.075859
-0.075728
-0.075596
-0.075463
-0.075331
-0.075198
-0.075065
-0.074933
-0.074799
-0.074666
-0.074533
-0.074399
-0.074265
-0.074131
-0.073997
-0.073862
-0.073728
-0.073593
-0.073458
-0.073323
-0.073187
-0.073052
-0.072916
-0.072780
-0.072644
-0.072508
-0.072372
-0.072235
-0.072099
-0.071962
-0.071825
-0.071687
-0.071550
-0.071412
-0.071275
-0.071137
-0.070998
-0.070860
-0.070722
-0.070583
-0.070444
-0.070305
-0.070166
-0.070027
-0.069887
-0.069748
-0.069608
-0.069468
-0.069328
-0.069187
-0.069047
-0.068906
-0.068765
-0.068624
-0.068483
-0.068342
-0.068200
-0.068059
-0.067917
-0.067775
-0.067633
-0.067491
-0.067348
-0.067205
-0.067063
-0.066920
-0.066776
-0.066633
-0.066490
-0.066346
-0.066202
-0.066058
-0.065914
-0.065770
-0.065626
-0.065481
-0.065336
-0.065192
-0.065047
-0.064901
-0.064756
-0.064610
-0.064465
-0.064319
-0.064173
-0.064027
-0.063881
-0.063734
-0.063588
-0.063441
-0.063294
-0.063147
-0.063000
-0.062852
-0.062705
-0.062557
-0.062409
-0.062262
-0.062113
-0.061965
-0.061817
-0.061668
-0.061520
-0.061371
-0.061222
-0.061073
-0.060923
-0.060774
-0.060624
-0.060475
-0.060325
-0.060175
-0.060025
-0.059874
-0.059724
-0.059573
-0.059423
-0.059272
-0.059121
-0.058970
-0.058818
-0.058667
-0.058515
-0.058364
-0.058212
-0.058060
-0.057908
-0.057755
-0.057603
-0.057450
-0.057298
-0.057145
-0.056992
-0.056839
-0.056686
-0.056532
-0.056379
-0.056225
-0.056072
-0.055918
-0.055764
-0.055609
-0.055455
-0.055301
-0.055146
-0.054992
-0.054837
-0.054682
-0.054527
-0.054371
-0.054216
-0.054061
-0.053905
-0.053749
-0.053594
-0.053438
-0.053281
-0.053125
-0.052969
-0.052812
-0.052656
-0.052499
-0.052342
-0.052185
-0.052028
-0.051871
-0.051714
-0.051556
-0.051399
-0.051241
-0.051083
-0.050925
-0.050767
-0.050609
-0.050450
-0.050292
-0.050134
-0.049975
-0.049816
-0.049657
-0.049498
-0.049339
-0.049180
-0.049020
-0.048861
-0.048701
-0.048542
-0.048382
-0.048222
-0.048062
-0.047902
-0.047741
-0.047581
-0.047420
-0.047260
-0.047099
-0.046938
-0.046777
-0.046616
-0.046455
-0.046294
-0.046132
-0.045971
-0.045809
-0.045647
-0.045486
-0.045324
-0.045162
-0.045000
-0.044837
-0.044675
-0.044513
-0.044350
-0.044187
-0.044025
-0.043862
-0.043699
-0.043536
-0.043372
-0.043209
-0.043046
-0.042882
-0.042719
-0.042555
-0.042391
-0.042227
-0.042063
-0.041899
-0.041735
-0.041571
-0.041406
-0.041242
-0.041077
-0.040913
-0.040748
-0.040583
-0.040418
-0.040253
-0.040088
-0.039923
-0.039758
-0.039592
-0.039427
-0.039261
-0.039095
-0.038930
-0.038764
-0.038598
-0.038432
-0.038266
-0.038099
-0.037933
-0.037767
-0.037600
-0.037434
-0.037267
-0.037100
-0.036933
-0.036766
-0.036599
-0.036432
-0.036265
-0.036098
-0.035930
-0.035763
-0.035596
-0.035428
-0.035260
-0.035093
-0.034925
-0.034757
-0.034589
-0.034421
-0.034253
-0.034084
-0.033916
-0.033748
-0.033579
-0.033411
-0.033242
-0.033073
-0.032904
-0.032736
-0.032567
-0.032398
-0.032229
-0.032059
-0.031890
-0.031721
-0.031552
-0.031382
-0.031213
-0.031043
-0.030873
-0.030704
-0.030534
-0.030364
-0.030194
-0.030024
-0.029854
-0.029684
-0.029513
-0.029343
-0.029173
-0.029002
-0.028832
-0.028661
-0.028491
-0.028320
-0.028149
-0.027979
-0.027808
-0.027637
-0.027466
-0.027295
-0.027123
-0.026952
-0.026781
-0.026610
-0.026438
-0.026267
-0.026095
-0.025924
-0.025752
-0.025581
-0.025409
-0.025237
-0.025065
-0.024893
-0.024721
-0.024549
-0.024377
-0.024205
-0.024033
-0.023861
-0.023688
-0.023516
-0.023344
-0.023171
-0.022999
-0.022826
-0.022654
-0.022481
-0.022308
-0.022135
-0.021963
-0.021790
-0.021617
-0.021444
-0.021271
-0.021098
-0.020925
-0.020752
-0.020578
-0.020405
-0.020232
-0.020059
-0.019885
-0.019712
-0.019538
-0.019365
-0.019191
-0.019018
-0.018844
-0.018670
-0.018497
-0.018323
-0.018149
-0.017975
-0.017801
-0.017627
-0.017453
-0.017279
-0.017105
-0.016931
-0.016757
-0.016583
-0.016409
-0.016234
-0.016060
-0.015886
-0.015712
-0.015537
-0.015363
-0.015188
-0.015014
-0.014839
-0.014665
-0.014490
-0.014316
-0.014141
-0.013966
-0.013792
-0.013617
-0.013442
-0.013267
-0.013092
-0.012918
-0.012743
-0.012568
-0.012393
-0.012218
-0.012043
-0.011868
-0.011693
-0.011518
-0.011343
-0.011167
-0.010992
-0.010817
-0.010642
-0.010467
-0.010291
-0.010116
-0.009941
-0.009766
-0.009590
-0.009415
-0.009240
-0.009064
-0.008889
-0.008713
-0.008538
-0.008362
-0.008187
-0.008011
-0.007836
-0.007660
-0.007485
-0.007309
-0.007134
-0.006958
-0.006782
-0.006607
-0.006431
-0.006256
-0.006080
-0.005904
-0.005728
-0.005553
-0.005377
-0.005201
-0.005026
-0.004850
-0.004674
-0.004498
-0.004323
-0.004147
-0.003971
-0.003795
-0.003619
-0.003443
-0.003268
-0.003092
-0.002916
-0.002740
-0.002564
-0.002388
-0.002213
-0.002037
-0.001861
-0.001685
-0.001509
-0.001333
-0.001157
-0.000981
-0.000805
-0.000630
-0.000454
-0.000278
-0.000102
0.000074
0.000250
0.000426
0.000602
0.000777
0.000953
0.001129
0.001305
0.001481
0.001657
0.001833
0.002009
0.002184
0.002360
0.002536
0.002712
0.002888
0.003064
0.003239
0.003415
0.003591
0.003767
0.003943
0.004118
0.004294
0.004470
0.004646
0.004821
0.004997
0.005173
0.005348
0.005524
0.005700
0.005875
0.006051
0.006227
0.006402
0.006578
0.006753
0.006929
0.007104
0.007280
0.007455
0.007631
0.007806
0.007982
0.008157
0.008333
0.008508
0.008684
0.008859
0.009034
0.009210
0.009385
0.009560
0.009735
0.009911
0.010086
0.010261
0.010436
0.010611
0.010786
0.010962
0.011137
0.011312
0.011487
0.011662
0.011837
0.012012
0.012186
0.012361
0.012536
0.012711
0.012886
0.013061
0.013235
0.013410
0.013585
0.013759
0.013934
0.014109
0.014283
0.014458
0.014632
0.014807
0.014981
0.015155
0.015330
0.015504
0.015678
0.015853
0.016027
0.016201
0.016375
0.016549
0.016723
0.016897
0.017071
0.017245
0.017419
0.017593
0.017767
0.017941
0.018114
0.018288
0.018462
0.018635
0.018809
0.018982
0.019156
0.019329
0.019503
0.019676
0.019850
0.020023
0.020196
0.020369
0.020542
0.020716
0.020889
0.021062
0.021235
0.021408
0.021580
0.021753
0.021926
0.022099
0.022271
0.022444
0.022617
0.022789
0.022962
0.023134
0.023306
0.023479
0.023651
0.023823
0.023995
0.024168
0.024340
0.024512
0.024684
0.024856
0.025027
0.025199
0.025371
0.025543
0.025714
0.025886
0.026057
0.026229
0.026400
0.026571
0.026743
0.026914
0.027085
0.027256
0.027427
0.027598
0.027769
0.027940
0.028111
0.028282
0.028452
0.028623
0.028793
0.028964
0.029134
0.029305
0.029475
0.029645
0.029815
0.029986
0.030156
0.030326
0.030495
0.030665
0.030835
0.031005
0.031174
0.031344
0.031513
0.031683
0.031852
0.032022
0.032191
0.032360
0.032529
0.032698
0.032867
0.033036
0.033205
0.033373
0.033542
0.033711
0.033879
0.034048
0.034216
0.034384
0.034552
0.034721
0.034889
0.035057
0.035225
0.035392
0.035560
0.035728
0.035895
0.036063
0.036230
0.036398
0.036565
0.036732
0.036899
0.037066
0.037233
0.037400
0.037567
0.037734
0.037900
0.038067
0.038233
0.038400
0.038566
0.038732
0.038899
0.039065
0.039231
0.039397
0.039562
0.039728
0.039894
0.040059
0.040225
0.040390
0.040555
0.040721
0.040886
0.041051
0.041216
0.041381
0.041545
0.041710
0.041875
0.042039
0.042204
0.042368
0.042532
0.042696
0.042860
0.043024
0.043188
0.043352
0.043516
0.043679
0.043843
0.044006
0.044169
0.044333
0.044496
0.044659
0.044822
0.044984
0.045147
0.045310
0.045472
0.045635
0.045797
0.045959
0.046122
0.046284
0.046446
0.046607
0.046769
0.046931
0.047092
0.047254
0.047415
0.047576
0.047738
0.047899
0.048060
0.048220
0.048381
0.048542
0.048702
0.048863
0.049023
0.049183
0.049343
0.049503
0.049663
0.049823
0.049983
0.050142
0.050302
0.050461
0.050621
0.050780
0.050939
0.051098
0.051257
0.051415
0.051574
0.051733
0.051891
0.052049
0.052207
0.052365
0.052523
0.052681
0.052839
0.052997
0.053154
0.053312
0.053469
0.053626
0.053783
0.053940
0.054097
0.054254
0.054410
0.054567
0.054723
0.054879
0.055036
0.055192
0.055348
0.055503
0.055659
0.055815
0.055970
0.056125
0.056281
0.056436
0.056591
0.056746
0.056900
0.057055
0.057209
0.057364
0.057518
0.057672
0.057826
0.057980
0.058134
0.058288
0.058441
0.058595
0.058748
0.058901
0.059054
0.059207
0.059360
0.059512
0.059665
0.059817
0.059970
0.060122
0.060274
0.060426
0.060578
0.060729
0.060881
0.061032
0.061183
0.061335
0.061486
0.061637
0.061787
0.061938
0.062088
0.062239
0.062389
0.062539
0.062689
0.062839
0.062989
0.063138
0.063288
0.063437
0.063586
0.063735
0.063884
0.064033
0.064182
0.064330
0.064479
0.064627
0.064775
0.064923
0.065071
0.065219
0.065366
0.065514
0.065661
0.065808
0.065955
0.066102
0.066249
0.066396
0.066542
0.066689
0.066835
0.066981
0.067127
0.067273
0.067418
0.067564
0.067709
0.067855
0.068000
0.068145
0.068289
0.068434
0.068579
0.068723
0.068867
0.069011
0.069155
0.069299
0.069443
0.069586
0.069730
0.069873
0.070016
0.070159
0.070302
0.070445
0.070587
0.070730
0.070872
0.071014
0.071156
0.071298
0.071439
0.071581
0.071722
0.071864
0.072005
0.072145
0.072286
0.072427
0.072567
0.072708
0.072848
0.072988
0.073128
0.073267
0.073407
0.073546
0.073686
0.073825
0.073964
0.074103
0.074241
0.074380
0.074518
0.074656
0.074794
0.074932
0.075070
0.075208
0.075345
0.075482
0.075619
0.075756
0.075893
0.076030
0.076166
0.076303
0.076439
0.076575
0.076711
0.076847
0.076982
0.077118
0.077253
0.077388
0.077523
0.077658
0.077792
0.077927
0.078061
0.078195
0.078329
0.078463
0.078597
0.078730
0.078863
0.078997
0.079130
0.079263
0.079395
0.079528
0.079660
0.079792
0.079924
0.080056
0.080188
0.080320
0.080451
0.080582
0.080713
0.080844
0.080975
0.081105
0.081236
0.081366
0.081496
0.081626
0.081756
0.081885
0.082015
0.082144
0.082273
0.082402
0.082531
0.082659
0.082788
0.082916
0.083044
0.083172
0.083300
0.083427
0.083555
0.083682
0.083809
0.083936
0.084063
0.084189
0.084316
0.084442
0.084568
0.084694
0.084819
0.084945
0.085070
0.085195
0.085320
0.085445
0.085570
0.085694
0.085819
0.085943
0.086067
0.086191
0.086314
0.086438
0.086561
0.086684
0.086807
0.086930
0.087052
0.087175
0.087297
0.087419
0.087541
0.087662
0.087784
0.087905
0.088026
0.088147
0.088268
0.088389
0.088509
0.088630
0.088750
0.088870
0.088989
0.089109
0.089228
0.089347
0.089466
0.089585
0.089704
0.089822
0.089941
0.090059
0.090177
0.090294
0.090412
0.090529
0.090647
0.090764
0.090880
0.090997
0.091114
0.091230
0.091346
0.091462
0.091578
0.091693
0.091809
0.091924
0.092039
0.092154
0.092268
0.092383
0.092497
0.092611
0.092725
0.092839
0.092952
0.093066
0.093179
0.093292
0.093404
0.093517
0.093629
0.093742
0.093854
0.093966
0.094077
0.094189
0.094300
0.094411
0.094522
0.094633
0.094743
0.094853
0.094964
0.095074
0.095183
0.095293
0.095402
0.095511
0.095620
0.095729
0.095838
0.095946
0.096055
0.096163
0.096271
0.096378
0.096486
0.096593
0.096700
0.096807
0.096914
0.097020
0.097126
0.097233
0.097338
0.097444
0.097550
0.097655
0.097760
0.097865
0.097970
0.098075
0.098179
0.098283
0.098387
0.098491
0.098594
0.098698
0.098801
0.098904
0.099007
0.099109
0.099212
0.099314
0.099416
0.099518
0.099620
0.099721
0.099822
0.099923
0.100024
0.100125
0.100225
0.100325
0.100425
0.100525
0.100625
0.100724
0.100824
0.100923
0.101021
0.101120
0.101219
0.101317
0.101415
0.101513
0.101610
0.101708
0.101805
0.101902
0.101999
0.102095
0.102192
0.102288
0.102384
0.102480
0.102576
0.102671
0.102766
0.102861
0.102956
0.103051
0.103145
0.103239
0.103333
0.103427
0.103521
0.103614
0.103707
0.103800
0.103893
0.103985
0.104078
0.104170
0.104262
0.104354
0.104445
0.104537
0.104628
0.104719
0.104809
0.104900
0.104990
0.105080
0.105170
0.105260
0.105349
0.105438
0.105528
0.105616
0.105705
0.105793
0.105882
0.105970
0.106057
0.106145
0.106232
0.106320
0.106407
0.106493
0.106580
0.106666
0.106752
0.106838
0.106924
0.107010
0.107095
0.107180
0.107265
0.107349
0.107434
0.107518
0.107602
0.107686
0.107770
0.107853
0.107936
0.108019
0.108102
0.108184
0.108267
0.108349
0.108431
0.108512
0.108594
0.108675
0.108756
0.108837
0.108918
0.108998
0.109078
0.109158
0.109238
0.109318
0.109397
0.109476
0.109555
0.109634
0.109712
0.109791
0.109869
0.109946
0.110024
0.110102
0.110179
0.110256
0.110332
0.110409
0.110485
0.110561
0.110637
0.110713
0.110789
0.110864
0.110939
0.111014
0.111088
0.111163
0.111237
0.111311
0.111385
0.111458
0.111531
0.111604
0.111677
0.111750
0.111822
0.111895
0.111967
0.112038
0.112110
0.112181
0.112252
0.112323
0.112394
0.112464
0.112535
0.112605
0.112674
0.112744
0.112813
0.112883
0.112951
0.113020
0.113089
0.113157
0.113225
0.113293
0.113360
0.113428
0.113495
0.113562
0.113629
0.113695
0.113761
0.113827
0.113893
0.113959
0.114024
0.114089
0.114154
0.114219
0.114284
0.114348
0.114412
0.114476
0.114539
0.114603
0.114666
0.114729
0.114792
0.114854
0.114916
0.114978
0.115040
0.115102
0.115163
0.115224
0.115285
0.115346
0.115407
0.115467
0.115527
0.115587
0.115646
0.115706
0.115765
0.115824
0.115882
0.115941
0.115999
0.116057
0.116115
0.116172
0.116230
0.116287
0.116344
0.116400
0.116457
0.116513
0.116569
0.116625
0.116680
0.116736
0.116791
0.116846
0.116900
0.116955
0.117009
0.117063
0.117117
0.117170
0.117223
0.117276
0.117329
0.117382
0.117434
0.117486
0.117538
0.117590
0.117641
0.117693
0.117744
0.117794
0.117845
0.117895
0.117945
0.117995
0.118045
0.118094
0.118143
0.118192
0.118241
0.118289
0.118338
0.118386
0.118434
0.118481
0.118528
0.118576
0.118622
0.118669
0.118716
0.118762
0.118808
0.118853
0.118899
0.118944
0.118989
0.119034
0.119079
0.119123
0.119167
0.119211
0.119255
0.119298
0.119341
0.119384
0.119427
0.119470
0.119512
0.119554
0.119596
0.119637
0.119679
0.119720
0.119761
0.119801
0.119842
0.119882
0.119922
0.119962
0.120001
0.120041
0.120080
0.120118
0.120157
0.120195
0.120234
0.120271
0.120309
0.120347
0.120384
0.120421
0.120457
0.120494
0.120530
0.120566
0.120602
0.120638
0.120673
0.120708
0.120743
0.120778
0.120812
0.120846
0.120880
0.120914
0.120947
0.120981
0.121014
0.121046
0.121079
0.121111
0.121143
0.121175
0.121207
0.121238
0.121269
0.121300
0.121331
0.121361
0.121392
0.121422
0.121451
0.121481
0.121510
0.121539
0.121568
0.121597
0.121625
0.121653
0.121681
0.121709
0.121736
0.121763
0.121790
0.121817
0.121843
0.121869
0.121896
0.121921
0.121947
0.121972
0.121997
0.122022
0.122047
0.122071
0.122095
0.122119
0.122143
0.122166
0.122189
0.122212
0.122235
0.122257
0.122280
0.122302
0.122324
0.122345
0.122366
0.122387
0.122408
0.122429
0.122449
0.122469
0.122489
0.122509
0.122528
0.122548
0.122567
0.122585
0.122604
0.122622
0.122640
0.122658
0.122675
0.122693
0.122710
0.122727
0.122743
0.122760
0.122776
0.122792
0.122807
0.122823
0.122838
0.122853
0.122868
0.122882
0.122896
0.122910
0.122924
0.122938
0.122951
0.122964
0.122977
0.122990
0.123002
0.123014
0.123026
0.123038
0.123049
0.123060
0.123071
0.123082
0.123092
0.123103
0.123113
0.123122
0.123132
0.123141
0.123150
0.123159
0.123168
0.123176
0.123184
0.123192
0.123200
0.123207
0.123214
0.123221
0.123228
0.123234
0.123241
0.123247
0.123252
0.123258
0.123263
0.123268
0.123273
0.123278
0.123282
0.123286
0.123290
0.123294
0.123297
0.123300
0.123303
0.123306
0.123308
0.123310
0.123312
0.123314
0.123316
0.123317
0.123318
0.123319
0.123319
0.123320
0.123320
0.123320
0.123319
0.123319
0.123318
0.123317
0.123315
0.123314
0.123312
0.123310
0.123308
0.123305
0.123302
0.123299
0.123296
0.123293
0.123289
0.123285
0.123281
0.123277
0.123272
0.123267
0.123262
0.123257
0.123251
0.123245
0.123239
0.123233
0.123226
0.123220
0.123213
0.123205
0.123198
0.123190
0.123182
0.123174
0.123166
0.123157
0.123148
0.123139
0.123130
0.123120
0.123110
0.123100
0.123090
0.123079
0.123069
0.123058
0.123046
0.123035
0.123023
0.123011
0.122999
0.122987
0.122974
0.122961
0.122948
0.122935
0.122921
0.122907
0.122893
0.122879
0.122864
0.122850
0.122835
0.122819
0.122804
0.122788
0.122772
0.122756
0.122740
0.122723
0.122706
0.122689
0.122672
0.122654
0.122636
0.122618
0.122600
0.122581
0.122563
0.122544
0.122524
0.122505
0.122485
0.122465
0.122445
0.122425
0.122404
0.122383
0.122362
0.122341
0.122319
0.122297
0.122275
0.122253
0.122231
0.122208
0.122185
0.122162
0.122138
0.122115
0.122091
0.122066
0.122042
0.122017
0.121993
0.121968
0.121942
0.121917
0.121891
0.121865
0.121839
0.121812
0.121785
0.121758
0.121731
0.121704
0.121676
0.121648
0.121620
0.121592
0.121563
0.121534
0.121505
0.121476
0.121447
0.121417
0.121387
0.121357
0.121326
0.121296
0.121265
0.121234
0.121202
0.121171
0.121139
0.121107
0.121074
0.121042
0.121009
0.120976
0.120943
0.120909
0.120876
0.120842
0.120808
0.120773
0.120739
0.120704
0.120669
0.120633
0.120598
0.120562
0.120526
0.120490
0.120453
0.120417
0.120380
0.120343
0.120305
0.120268
0.120230
0.120192
0.120153
0.120115
0.120076
0.120037
0.119998
0.119958
0.119919
0.119879
0.119838
0.119798
0.119757
0.119717
0.119676
0.119634
0.119593
0.119551
0.119509
0.119467
0.119424
0.119382
0.119339
0.119296
0.119252
0.119209
0.119165
0.119121
0.119076
0.119032
0.118987
0.118942
0.118897
0.118852
0.118806
0.118760
0.118714
0.118668
0.118621
0.118574
0.118527
0.118480
0.118433
0.118385
0.118337
0.118289
0.118240
0.118192
0.118143
0.118094
0.118045
0.117995
0.117945
0.117895
0.117845
0.117795
0.117744
0.117693
0.117642
0.117591
0.117539
0.117487
0.117435
0.117383
0.117331
0.117278
0.117225
0.117172
0.117119
0.117065
0.117011
0.116957
0.116903
0.116848
0.116794
0.116739
0.116684
0.116628
0.116573
0.116517
0.116461
0.116405
0.116348
0.116291
0.116234
0.116177
0.116120
0.116062
0.116004
0.115946
0.115888
0.115829
0.115771
0.115712
0.115653
0.115593
0.115534
0.115474
0.115414
0.115353
0.115293
0.115232
0.115171
0.115110
0.115048
0.114987
0.114925
0.114863
0.114801
0.114738
0.114675
0.114612
0.114549
0.114486
0.114422
0.114358
0.114294
0.114230
0.114166
0.114101
0.114036
0.113971
0.113905
0.113840
0.113774
0.113708
0.113642
0.113575
0.113509
0.113442
0.113375
0.113307
0.113240
0.113172
0.113104
0.113036
0.112967
0.112898
0.112830
0.112760
0.112691
0.112622
0.112552
0.112482
0.112412
0.112341
0.112271
0.112200
0.112129
0.112058
0.111986
0.111914
0.111842
0.111770
0.111698
0.111625
0.111553
0.111480
0.111406
0.111333
0.111259
0.111186
0.111111
0.111037
0.110963
0.110888
0.110813
0.110738
0.110662
0.110587
0.110511
0.110435
0.110359
0.110282
0.110206
0.110129
0.110052
0.109975
0.109897
0.109819
0.109742
0.109663
0.109585
0.109506
0.109428
0.109349
0.109270
0.109190
0.109111
0.109031
0.108951
0.108870
0.108790
0.108709
0.108628
0.108547
0.108466
0.108384
0.108303
0.108221
0.108139
0.108056
0.107974
0.107891
0.107808
0.107725
0.107641
0.107558
0.107474
0.107390
0.107306
0.107221
0.107137
0.107052
0.106967
0.106881
0.106796
0.106710
0.106624
0.106538
0.106452
0.106365
0.106279
0.106192
0.106105
0.106017
0.105930
0.105842
0.105754
0.105666
0.105577
0.105489
0.105400
0.105311
0.105222
0.105132
0.105043
0.104953
0.104863
0.104773
0.104682
0.104592
0.104501
0.104410
0.104319
0.104227
0.104136
0.104044
0.103952
0.103859
0.103767
0.103674
0.103581
0.103488
0.103395
0.103302
0.103208
0.103114
0.103020
0.102926
0.102831
0.102737
0.102642
0.102547
0.102451
0.102356
0.102260
0.102164
0.102068
0.101972
0.101876
0.101779
0.101682
0.101585
0.101488
0.101390
0.101293
0.101195
0.101097
0.100999
0.100900
0.100801
0.100703
0.100604
0.100504
0.100405
0.100305
0.100205
0.100105
0.100005
0.099905
0.099804
0.099703
0.099602
0.099501
0.099400
0.099298
0.099196
0.099094
0.098992
0.098890
0.098787
0.098685
0.098582
0.098479
0.098375
0.098272
0.098168
0.098064
0.097960
0.097856
0.097751
0.097646
0.097542
0.097437
0.097331
0.097226
0.097120
0.097014
0.096908
0.096802
0.096696
0.096589
0.096482
0.096375
0.096268
0.096161
0.096053
0.095946
0.095838
0.095730
0.095621
0.095513
0.095404
0.095295
0.095186
0.095077
0.094968
0.094858
0.094748
0.094638
0.094528
0.094418
0.094307
0.094197
0.094086
0.093975
0.093864
0.093752
0.093640
0.093529
0.093417
0.093304
0.093192
0.093079
0.092967
0.092854
0.092741
0.092627
0.092514
0.092400
0.092286
0.092172
0.092058
0.091944
0.091829
0.091714
0.091600
0.091484
0.091369
0.091254
0.091138
0.091022
0.090906
0.090790
0.090674
0.090557
0.090440
0.090323
0.090206
0.090089
0.089972
0.089854
0.089736
0.089618
0.089500
0.089382
0.089263
0.089145
0.089026
0.088907
0.088787
0.088668
0.088548
0.088429
0.088309
0.088189
0.088068
0.087948
0.087827
0.087707
0.087586
0.087464
0.087343
0.087222
0.087100
0.086978
0.086856
0.086734
0.086612
0.086489
0.086366
0.086244
0.086120
0.085997
0.085874
0.085750
0.085627
0.085503
0.085379
0.085254
0.085130
0.085005
0.084881
0.084756
0.084631
0.084505
0.084380
0.084254
0.084129
0.084003
0.083877
0.083750
0.083624
0.083497
0.083371
0.083244
0.083117
0.082989
0.082862
0.082734
0.082607
0.082479
0.082351
0.082222
0.082094
0.081966
0.081837
0.081708
0.081579
0.081450
0.081320
0.081191
0.081061
0.080931
0.080801
0.080671
0.080540
0.080410
0.080279
0.080148
0.080017
0.079886
0.079755
0.079623
0.079492
0.079360
0.079228
0.079096
0.078964
0.078831
0.078699
0.078566
0.078433
0.078300
0.078167
0.078033
0.077900
0.077766
0.077632
0.077498
0.077364
0.077230
0.077095
0.076961
0.076826
0.076691
0.076556
0.076421
0.076285
0.076150
0.076014
0.075878
0.075742
0.075606
0.075470
0.075333
0.075196
0.075060
0.074923
0.074786
0.074648
0.074511
0.074374
0.074236
0.074098
0.073960
0.073822
0.073684
0.073545
0.073407
0.073268
0.073129
0.072990
0.072851
0.072712
0.072572
0.072433
0.072293
0.072153
0.072013
0.071873
0.071732
0.071592
0.071451
0.071311
0.071170
0.071029
0.070887
0.070746
0.070605
0.070463
0.070321
0.070179
0.070037
0.069895
0.069753
0.069610
0.069468
0.069325
0.069182
0.069039
0.068896
0.068752
0.068609
0.068465
0.068322
0.068178
0.068034
0.067889
0.067745
0.067601
0.067456
0.067311
0.067167
0.067022
0.066877
0.066731
0.066586
0.066440
0.066295
0.066149
0.066003
0.065857
0.065711
0.065564
0.065418
0.065271
0.065125
0.064978
0.064831
0.064684
0.064536
0.064389
0.064241
0.064094
0.063946
0.063798
0.063650
0.063502
0.063354
0.063205
0.063057
0.062908
0.062759
0.062610
0.062461
0.062312
0.062162
0.062013
0.061863
0.061714
0.061564
0.061414
0.061264
0.061114
0.060963
0.060813
0.060662
0.060511
0.060361
0.060210
0.060058
0.059907
0.059756
0.059604
0.059453
0.059301
0.059149
0.058997
0.058845
0.058693
0.058541
0.058388
0.058236
0.058083
0.057930
0.057777
0.057624
0.057471
0.057318
0.057165
0.057011
0.056857
0.056704
0.056550
0.056396
0.056242
0.056088
0.055933
0.055779
0.055624
0.055470
0.055315
0.055160
0.055005
0.054850
0.054695
0.054539
0.054384
0.054228
0.054072
0.053917
0.053761
0.053605
0.053449
0.053292
0.053136
0.052980
0.052823
0.052666
0.052509
0.052353
0.052196
0.052038
0.051881
0.051724
0.051566
0.051409
0.051251
0.051093
0.050936
0.050778
0.050620
0.050461
0.050303
0.050145
0.049986
0.049828
0.049669
0.049510
0.049351
0.049192
0.049033
0.048874
0.048714
0.048555
0.048395
0.048236
0.048076
0.047916
0.047756
0.047596
0.047436
0.047276
0.047116
0.046955
0.046795
0.046634
0.046473
0.046313
0.046152
0.045991
0.045829
0.045668
0.045507
0.045346
0.045184
0.045023
0.044861
0.044699
0.044537
0.044375
0.044213
0.044051
0.043889
0.043726
0.043564
0.043402
0.043239
0.043076
0.042913
0.042751
0.042588
0.042425
0.042261
0.042098
0.041935
0.041771
0.041608
0.041444
0.041281
0.041117
0.040953
0.040789
0.040625
0.040461
0.040297
0.040133
0.039968
0.039804
0.039639
0.039475
0.039310
0.039145
0.038980
0.038815
0.038650
0.038485
0.038320
0.038155
0.037989
0.037824
0.037658
0.037493
0.037327
0.037161
0.036996
0.036830
0.036664
0.036498
0.036331
0.036165
0.035999
0.035833
0.035666
0.035500
0.035333
0.035166
0.035000
0.034833
0.034666
0.034499
0.034332
0.034165
0.033997
0.033830
0.033663
0.033495
0.033328
0.033160
0.032993
0.032825
0.032657
0.032489
0.032322
0.032154
0.031986
0.031817
0.031649
0.031481
0.031313
0.031144
0.030976
0.030807
0.030639
0.030470
0.030301
0.030133
0.029964
0.029795
0.029626
0.029457
0.029288
0.029119
0.028949
0.028780
0.028611
0.028441
0.028272
0.028102
0.027933
0.027763
0.027593
0.027424
0.027254
0.027084
0.026914
0.026744
0.026574
0.026404
0.026234
0.026063
0.025893
0.025723
0.025552
0.025382
0.025211
0.025041
0.024870
0.024699
0.024529
0.024358
0.024187
0.024016
0.023845
0.023674
0.023503
0.023332
0.023161
0.022990
0.022818
0.022647
0.022476
0.022304
0.022133
0.021961
0.021790
0.021618
0.021447
0.021275
0.021103
0.020931
0.020760
0.020588
0.020416
0.020244
0.020072
0.019900
0.019728
0.019556
0.019383
0.019211
0.019039
0.018867
0.018694
0.018522
0.018349
0.018177
0.018004
0.017832
0.017659
0.017487
0.017314
0.017141
0.016969
0.016796
0.016623
0.016450
0.016277
0.016104
0.015931
0.015758
0.015585
0.015412
0.015239
0.015066
0.014893
0.014720
0.014546
0.014373
0.014200
0.014026
0.013853
0.013680
0.013506
0.013333
0.013159
0.012986
0.012812
0.012639
0.012465
0.012291
0.012118
0.011944
0.011770
0.011597
0.011423
0.011249
0.011075
0.010901
0.010727
0.010553
0.010380
0.010206
0.010032
0.009858
0.009684
0.009510
0.009336
0.009161
0.008987
0.008813
0.008639
0.008465
0.008291
0.008117
0.007942
0.007768
0.007594
0.007420
0.007245
0.007071
0.006897
0.006722
0.006548
0.006374
0.006199
0.006025
0.005850
0.005676
0.005501
0.005327
0.005153
0.004978
0.004804
0.004629
0.004454
0.004280
0.004105
0.003931
0.003756
0.003582
0.003407
0.003233
0.003058
0.002883
0.002709
0.002534
0.002359
0.002185
0.002010
0.001836
0.001661
0.001486
0.001312
0.001137
0.000962
0.000788
0.000613
0.000438
0.000263
0.000089
-0.000086
-0.000261
-0.000435
-0.000610
-0.000785
-0.000959
-0.001134
-0.001309
-0.001483
-0.001658
-0.001833
-0.002007
-0.002182
-0.002357
-0.002532
-0.002706
-0.002881
-0.003056
-0.003230
-0.003405
-0.003579
-0.003754
-0.003929
-0.004103
-0.004278
-0.004453
-0.004627
-0.004802
-0.004976
-0.005151
-0.005325
-0.005500
-0.005675
-0.005849
-0.006024
-0.006198
-0.006373
-0.006547
-0.006722
-0.006896
-0.007070
-0.007245
-0.007419
-0.007594
-0.007768
-0.007942
-0.008117
-0.008291
-0.008465
-0.008640
-0.008814
-0.008988
-0.009163
-0.009337
-0.009511
-0.009685
-0.009859
-0.010034
-0.010208
-0.010382
-0.010556
-0.010730
-0.010904
-0.011078
-0.011252
-0.011426
-0.011600
-0.011774
-0.011948
-0.012122
-0.012295
-0.012469
-0.012643
-0.012817
-0.012991
-0.013164
-0.013338
-0.013512
-0.013685
-0.013859
-0.014033
-0.014206
-0.014380
-0.014553
-0.014727
-0.014900
-0.015073
-0.015247
-0.015420
-0.015593
-0.015767
-0.015940
-0.016113
-0.016286
-0.016459
-0.016632
-0.016805
-0.016978
-0.017151
-0.017324
-0.017497
-0.017670
-0.017843
-0.018016
-0.018189
-0.018361
-0.018534
-0.018707
-0.018879
-0.019052
-0.019224
-0.019397
-0.019569
-0.019742
-0.019914
-0.020086
-0.020259
-0.020431
-0.020603
-0.020775
-0.020947
-0.021119
-0.021291
-0.021463
-0.021635
-0.021807
-0.021979
-0.022150
-0.022322
-0.022494
-0.022665
-0.022837
-0.023009
-0.023180
-0.023351
-0.023523
-0.023694
-0.023865
-0.024037
-0.024208
-0.024379
-0.024550
-0.024721
-0.024892
-0.025063
-0.025234
-0.025404
-0.025575
-0.025746
-0.025916
-0.026087
-0.026257
-0.026428
-0.026598
-0.026769
-0.026939
-0.027109
-0.027279
-0.027449
-0.027619
-0.027789
-0.027959
-0.028129
-0.028299
-0.028468
-0.028638
-0.028808
-0.028977
-0.029147
-0.029316
-0.029485
-0.029655
-0.029824
-0.029993
-0.030162
-0.030331
-0.030500
-0.030669
-0.030838
-0.031006
-0.031175
-0.031344
-0.031512
-0.031681
-0.031849
-0.032017
-0.032186
-0.032354
-0.032522
-0.032690
-0.032858
-0.033026
-0.033194
-0.033361
-0.033529
-0.033697
-0.033864
-0.034032
-0.034199
-0.034366
-0.034533
-0.034701
-0.034868
-0.035035
-0.035201
-0.035368
-0.035535
-0.035702
-0.035868
-0.036035
-0.036201
-0.036368
-0.036534
-0.036700
-0.036866
-0.037032
-0.037198
-0.037364
-0.037530
-0.037695
-0.037861
-0.038026
-0.038192
-0.038357
-0.038522
-0.038688
-0.038853
-0.039018
-0.039183
-0.039347
-0.039512
-0.039677
-0.039841
-0.040006
-0.040170
-0.040334
-0.040499
-0.040663
-0.040827
-0.040991
-0.041154
-0.041318
-0.041482
-0.041645
-0.041809
-0.041972
-0.042135
-0.042298
-0.042462
-0.042624
-0.042787
-0.042950
-0.043113
-0.043275
-0.043438
-0.043600
-0.043763
-0.043925
-0.044087
-0.044249
-0.044411
-0.044572
-0.044734
-0.044896
-0.045057
-0.045219
-0.045380
-0.045541
-0.045702
-0.045863
-0.046024
-0.046185
-0.046345
-0.046506
-0.046666
-0.046827
-0.046987
-0.047147
-0.047307
-0.047467
-0.047627
-0.047786
-0.047946
-0.048105
-0.048265
-0.048424
-0.048583
-0.048742
-0.048901
-0.049060
-0.049219
-0.049377
-0.049536
-0.049694
-0.049852
-0.050010
-0.050168
-0.050326
-0.050484
-0.050642
-0.050799
-0.050957
-0.051114
-0.051271
-0.051428
-0.051585
-0.051742
-0.051899
-0.052055
-0.052212
-0.052368
-0.052525
-0.052681
-0.052837
-0.052993
-0.053148
-0.053304
-0.053459
-0.053615
-0.053770
-0.053925
-0.054080
-0.054235
-0.054390
-0.054545
-0.054699
-0.054853
-0.055008
-0.055162
-0.055316
-0.055470
-0.055624
-0.055777
-0.055931
-0.056084
-0.056237
-0.056390
-0.056543
-0.056696
-0.056849
-0.057002
-0.057154
-0.057306
-0.057458
-0.057611
-0.057762
-0.057914
-0.058066
-0.058217
-0.058369
-0.058520
-0.058671
-0.058822
-0.058973
-0.059124
-0.059274
-0.059425
-0.059575
-0.059725
-0.059875
-0.060025
-0.060175
-0.060324
-0.060474
-0.060623
-0.060772
-0.060921
-0.061070
-0.061219
-0.061368
-0.061516
-0.061664
-0.061813
-0.061961
-0.062108
-0.062256
-0.062404
-0.062551
-0.062699
-0.062846
-0.062993
-0.063140
-0.063286
-0.063433
-0.063579
-0.063726
-0.063872
-0.064018
-0.064164
-0.064309
-0.064455
-0.064600
-0.064745
-0.064890
-0.065035
-0.065180
-0.065325
-0.065469
-0.065613
-0.065758
-0.065902
-0.066045
-0.066189
-0.066333
-0.066476
-0.066619
-0.066762
-0.066905
-0.067048
-0.067191
-0.067333
-0.067475
