6.362843
6.362166
6.361490
6.360813
6.360137
6.359460
6.358783
6.358107
6.357430
6.356753
6.356076
6.355398
6.354721
6.354044
6.353367
6.352689
6.352012
6.351334
6.350657
6.349979
6.349301
6.348623
6.347945
6.347267
6.346589
6.345911
6.345233
6.344555
6.343876
6.343198
6.342519
6.341841
6.341162
6.340483
6.339805
6.339126
6.338447
6.337768
6.337089
6.336410
6.335730
6.335051
6.334372
6.333692
6.333013
6.332333
6.331653
6.330974
6.330294
6.329614
6.328934
6.328254
6.327574
6.326894
6.326214
6.325533
6.324853
6.324173
6.323492
6.322811
6.322131
6.321450
6.320769
6.320088
6.319407
6.318726
6.318045
6.317364
6.316683
6.316002
6.315320
6.314639
6.313957
6.313276
6.312594
6.311912
6.311230
6.310549
6.309867
6.309185
6.308502
6.307820
6.307138
6.306456
6.305773
6.305091
6.304408
6.303726
6.303043
6.302360
6.301678
6.300995
6.300312
6.299629
6.298946
6.298262
6.297579
6.296896
6.296212
6.295529
6.294845
6.294162
6.293478
6.292794
6.292111
6.291427
6.290743
6.290059
6.289375
6.288690
6.288006
6.287322
6.286637
6.285953
6.285268
6.284584
6.283899
6.283214
6.282530
6.281845
6.281160
6.280475
6.279790
6.279105
6.278419
6.277734
6.277049
6.276363
6.275678
6.274992
6.274306
6.273621
6.272935
6.272249
6.271563
6.270877
6.270191
6.269505
6.268818
6.268132
6.267446
6.266759
6.266073
6.265386
6.264699
6.264013
6.263326
6.262639
6.261952
6.261265
6.260578
6.259891
6.259204
6.258516
6.257829
6.257141
6.256454
6.255766
6.255079
6.254391
6.253703
6.253015
6.252327
6.251639
6.250951
6.250263
6.249575
6.248886
6.248198
6.247510
6.246821
6.246133
6.245444
6.244755
6.244066
6.243377
6.242689
6.242000
6.241310
6.240621
6.239932
6.239243
6.238553
6.237864
6.237174
6.236485
6.235795
6.235106
6.234416
6.233726
6.233036
6.232346
6.231656
6.230966
6.230276
6.229585
6.228895
6.228204
6.227514
6.226823
6.226133
6.225442
6.224751
6.224060
6.223370
6.222679
6.221987
6.221296
6.220605
6.219914
6.219223
6.218531
6.217840
6.217148
6.216456
6.215765
6.215073
6.214381
6.213689
6.212997
6.212305
6.211613
6.210921
6.210229
6.209536
6.208844
6.208152
6.207459
6.206766
6.206074
6.205381
6.204688
6.203995
6.203302
6.202609
6.201916
6.201223
6.200530
6.199836
6.199143
6.198450
6.197756
6.197063
6.196369
6.195675
6.194981
6.194287
6.193594
6.192900
6.192205
6.191511
6.190817
6.190123
6.189428
6.188734
6.188039
6.187345
6.186650
6.185956
6.185261
6.184566
6.183871
6.183176
6.182481
6.181786
6.181091
6.180395
6.179700
6.179005
6.178309
6.177614
6.176918
6.176222
6.175526
6.174831
6.174135
6.173439
6.172743
6.172047
6.171350
6.170654
6.169958
6.169262
6.168565
6.167869
6.167172
6.166475
6.165779
6.165082
6.164385
6.163688
6.162991
6.162294
6.161597
6.160899
6.160202
6.159505
6.158807
6.158110
6.157412
6.156715
6.156017
6.155319
6.154621
6.153923
6.153225
6.152527
6.151829
6.151131
6.150433
6.149734
6.149036
6.148337
6.147639
6.146940
6.146242
6.145543
6.144844
6.144145
6.143446
6.142747
6.142048
6.141349
6.140650
6.139950
6.139251
6.138552
6.137852
6.137152
6.136453
6.135753
6.135053
6.134353
6.133653
6.132953
6.132253
6.131553
6.130853
6.130153
6.129452
6.128752
6.128051
6.127351
6.126650
6.125950
6.125249
6.124548
6.123847
6.123146
6.122445
6.121744
6.121043
6.120342
6.119640
6.118939
6.118237
6.117536
6.116834
6.116133
6.115431
6.114729
6.114027
6.113325
6.112623
6.111921
6.111219
6.110517
6.109815
6.109112
6.108410
6.107707
6.107005
6.106302
6.105599
6.104897
6.104194
6.103491
6.102788
6.102085
6.101382
6.100679
6.099975
6.099272
6.098569
6.097865
6.097162
6.096458
6.095754
6.095051
6.094347
6.093643
6.092939
6.092235
6.091531
6.090827
6.090123
6.089418
6.088714
6.088010
6.087305
6.086601
6.085896
6.085191
6.084487
6.083782
6.083077
6.082372
6.081667
6.080962
6.080257
6.079551
6.078846
6.078141
6.077435
6.076730
6.076024
6.075318
6.074613
6.073907
6.073201
6.072495
6.071789
6.071083
6.070377
6.069671
6.068965
6.068258
6.067552
6.066845
6.066139
6.065432
6.064726
6.064019
6.063312
6.062605
6.061898
6.061191
6.060484
6.059777
6.059070
6.058362
6.057655
6.056948
6.056240
6.055533
6.054825
6.054117
6.053409
6.052702
6.051994
6.051286
6.050578
6.049870
6.049161
6.048453
6.047745
6.047036
6.046328
6.045620
6.044911
6.044202
6.043494
6.042785
6.042076
6.041367
6.040658
6.039949
6.039240
6.038531
6.037821
6.037112
6.036403
6.035693
6.034984
6.034274
6.033564
6.032855
6.032145
6.031435
6.030725
6.030015
6.029305
6.028595
6.027885
6.027174
6.026464
6.025754
6.025043
6.024332
6.023622
6.022911
6.022200
6.021490
6.020779
6.020068
6.019357
6.018646
6.017934
6.017223
6.016512
6.015801
6.015089
6.014378
6.013666
6.012954
6.012243
6.011531
6.010819
6.010107
6.009395
6.008683
6.007971
6.007259
6.006547
6.005834
6.005122
6.004410
6.003697
6.002984
6.002272
6.001559
6.000846
6.000133
5.999421
5.998708
5.997995
5.997281
5.996568
5.995855
5.995142
5.994428
5.993715
5.993001
5.992288
5.991574
5.990860
5.990147
5.989433
5.988719
5.988005
5.987291
5.986577
5.985862
5.985148
5.984434
5.983719
5.983005
5.982290
5.981576
5.980861
5.980146
5.979432
5.978717
5.978002
5.977287
5.976572
5.975857
5.975141
5.974426
5.973711
5.972995
5.972280
5.971564
5.970849
5.970133
5.969417
5.968702
5.967986
5.967270
5.966554
5.965838
5.965122
5.964405
5.963689
5.962973
5.962256
5.961540
5.960823
5.960107
5.959390
5.958673
5.957956
5.957240
5.956523
5.955806
5.955089
5.954371
5.953654
5.952937
5.952220
5.951502
5.950785
5.950067
5.949350
5.948632
5.947914
5.947196
5.946478
5.945760
5.945042
5.944324
5.943606
5.942888
5.942170
5.941451
5.940733
5.940015
5.939296
5.938577
5.937859
5.937140
5.936421
5.935702
5.934983
5.934264
5.933545
5.932826
5.932107
5.931388
5.930668
5.929949
5.929229
5.928510
5.927790
5.927071
5.926351
5.925631
5.924911
5.924191
5.923471
5.922751
5.922031
5.921311
5.920591
5.919870
5.919150
5.918429
5.917709
5.916988
5.916268
5.915547
5.914826
5.914105
5.913384
5.912663
5.911942
5.911221
5.910500
5.909779
5.909057
5.908336
5.907614
5.906893
5.906171
5.905450
5.904728
5.904006
5.903284
5.902562
5.901840
5.901118
5.900396
5.899674
5.898952
5.898229
5.897507
5.896785
5.896062
5.895339
5.894617
5.893894
5.893171
5.892448
5.891726
5.891003
5.890280
5.889556
5.888833
5.888110
5.887387
5.886663
5.885940
5.885216
5.884493
5.883769
5.883045
5.882322
5.881598
5.880874
5.880150
5.879426
5.878702
5.877978
5.877253
5.876529
5.875805
5.875080
5.874356
5.873631
5.872907
5.872182
5.871457
5.870732
5.870008
5.869283
5.868558
5.867833
5.867107
5.866382
5.865657
5.864932
5.864206
5.863481
5.862755
5.862029
5.861304
5.860578
5.859852
5.859126
5.858400
5.857674
5.856948
5.856222
5.855496
5.854770
5.854044
5.853317
5.852591
5.851864
5.851138
5.850411
5.849684
5.848957
5.848231
5.847504
5.846777
5.846050
5.845322
5.844595
5.843868
5.843141
5.842413
5.841686
5.840958
5.840231
5.839503
5.838776
5.838048
5.837320
5.836592
5.835864
5.835136
5.834408
5.833680
5.832952
5.832223
5.831495
5.830767
5.830038
5.829310
5.828581
5.827852
5.827124
5.826395
5.825666
5.824937
5.824208
5.823479
5.822750
5.822021
5.821291
5.820562
5.819833
5.819103
5.818374
5.817644
5.816914
5.816185
5.815455
5.814725
5.813995
5.813265
5.812535
5.811805
5.811075
5.810345
5.809614
5.808884
5.808154
5.807423
5.806693
5.805962
5.805231
5.804501
5.803770
5.803039
5.802308
5.801577
5.800846
5.800115
5.799383
5.798652
5.797921
5.797189
5.796458
5.795726
5.794995
5.794263
5.793532
5.792800
5.792068
5.791336
5.790604
5.789872
5.789140
5.788408
5.787675
5.786943
5.786211
5.785478
5.784746
5.784013
5.783281
5.782548
5.781815
5.781082
5.780350
5.779617
5.778884
5.778151
5.777417
5.776684
5.775951
5.775218
5.774484
5.773751
5.773017
5.772284
5.771550
5.770816
5.770083
5.769349
5.768615
5.767881
5.767147
5.766413
5.765679
5.764944
5.764210
5.763476
5.762741
5.762007
5.761272
5.760538
5.759803
5.759068
5.758333
5.757599
5.756864
5.756129
5.755394
5.754658
5.753923
5.753188
5.752453
5.751717
5.750982
5.750246
5.749511
5.748775
5.748039
5.747304
5.746568
5.745832
5.745096
5.744360
5.743624
5.742888
5.742152
5.741415
5.740679
5.739943
5.739206
5.738470
5.737733
5.736996
5.736260
5.735523
5.734786
5.734049
5.733312
5.732575
5.731838
5.731101
5.730364
5.729626
5.728889
5.728151
5.727414
5.726676
5.725939
5.725201
5.724463
5.723726
5.722988
5.722250
5.721512
5.720774
5.720036
5.719297
5.718559
5.717821
5.717083
5.716344
5.715606
5.714867
5.714128
5.713390
5.712651
5.711912
5.711173
5.710434
5.709695
5.708956
5.708217
5.707478
5.706739
5.705999
5.705260
5.704520
5.703781
5.703041
5.702302
5.701562
5.700822
5.700082
5.699343
5.698603
5.697863
5.697122
5.696382
5.695642
5.694902
5.694161
5.693421
5.692681
5.691940
5.691200
5.690459
5.689718
5.688977
5.688237
5.687496
5.686755
5.686014
5.685273
5.684531
5.683790
5.683049
5.682308
5.681566
5.680825
5.680083
5.679341
5.678600
5.677858
5.677116
5.676374
5.675633
5.674891
5.674149
5.673406
5.672664
5.671922
5.671180
5.670437
5.669695
5.668953
5.668210
5.667467
5.666725
5.665982
5.665239
5.664496
5.663753
5.663010
5.662267
5.661524
5.660781
5.660038
5.659295
5.658551
5.657808
5.657064
5.656321
5.655577
5.654834
5.654090
5.653346
5.652602
5.651858
5.651114
5.650370
5.649626
5.648882
5.648138
5.647393
5.646649
5.645905
5.645160
5.644416
5.643671
5.642926
5.642182
5.641437
5.640692
5.639947
5.639202
5.638457
5.637712
5.636967
5.636221
5.635476
5.634731
5.633985
5.633240
5.632494
5.631749
5.631003
5.630257
5.629512
5.628766
5.628020
5.627274
5.626528
5.625782
5.625035
5.624289
5.623543
5.622797
5.622050
5.621304
5.620557
5.619811
5.619064
5.618317
5.617570
5.616824
5.616077
5.615330
5.614583
5.613836
5.613088
5.612341
5.611594
5.610847
5.610099
5.609352
5.608604
5.607857
5.607109
5.606361
5.605613
5.604866
5.604118
5.603370
5.602622
5.601874
5.601125
5.600377
5.599629
5.598881
5.598132
5.597384
5.596635
5.595887
5.595138
5.594389
5.593640
5.592892
5.592143
5.591394
5.590645
5.589896
5.589147
5.588397
5.587648
5.586899
5.586149
5.585400
5.584650
5.583901
5.583151
5.582401
5.581652
5.580902
5.580152
5.579402
5.578652
5.577902
5.577152
5.576402
5.575651
5.574901
5.574151
5.573400
5.572650
5.571899
5.571149
5.570398
5.569647
5.568896
5.568146
5.567395
5.566644
5.565893
5.565141
5.564390
5.563639
5.562888
5.562136
5.561385
5.560634
5.559882
5.559130
5.558379
5.557627
5.556875
5.556123
5.555371
5.554620
5.553867
5.553115
5.552363
5.551611
5.550859
5.550106
5.549354
5.548602
5.547849
5.547096
5.546344
5.545591
5.544838
5.544086
5.543333
5.542580
5.541827
5.541074
5.540320
5.539567
5.538814
5.538061
5.537307
5.536554
5.535800
5.535047
5.534293
5.533540
5.532786
5.532032
5.531278
5.530524
5.529770
5.529016
5.528262
5.527508
5.526754
5.525999
5.525245
5.524491
5.523736
5.522982
5.522227
5.521472
5.520718
5.519963
5.519208
5.518453
5.517698
5.516943
5.516188
5.515433
5.514678
5.513923
5.513167
5.512412
5.511656
5.510901
5.510145
5.509390
5.508634
5.507878
5.507122
5.506367
5.505611
5.504855
5.504099
5.503343
5.502586
5.501830
5.501074
5.500317
5.499561
5.498805
5.498048
5.497291
5.496535
5.495778
5.495021
5.494264
5.493508
5.492751
5.491994
5.491237
5.490479
5.489722
5.488965
5.488208
5.487450
5.486693
5.485935
5.485178
5.484420
5.483662
5.482905
5.482147
5.481389
5.480631
5.479873
5.479115
5.478357
5.477599
5.476841
5.476082
5.475324
5.474566
5.473807
5.473049
5.472290
5.471531
5.470773
5.470014
5.469255
5.468496
5.467737
5.466978
5.466219
5.465460
5.464701
5.463942
5.463182
5.462423
5.461664
5.460904
5.460145
5.459385
5.458625
5.457866
5.457106
5.456346
5.455586
5.454826
5.454066
5.453306
5.452546
5.451786
5.451025
5.450265
5.449505
5.448744
5.447984
5.447223
5.446463
5.445702
5.444941
5.444180
5.443419
5.442659
5.441898
5.441137
5.440375
5.439614
5.438853
5.438092
5.437330
5.436569
5.435808
5.435046
5.434284
5.433523
5.432761
5.431999
5.431238
5.430476
5.429714
5.428952
5.428190
5.427428
5.426665
5.425903
5.425141
5.424379
5.423616
5.422854
5.422091
5.421329
5.420566
5.419803
5.419040
5.418278
5.417515
5.416752
5.415989
5.415226
5.414463
5.413699
5.412936
5.412173
5.411410
5.410646
5.409883
5.409119
5.408356
5.407592
5.406828
5.406064
5.405301
5.404537
5.403773
5.403009
5.402245
5.401481
5.400716
5.399952
5.399188
5.398423
5.397659
5.396895
5.396130
5.395365
5.394601
5.393836
5.393071
5.392306
5.391541
5.390777
5.390012
5.389246
5.388481
5.387716
5.386951
5.386186
5.385420
5.384655
5.383889
5.383124
5.382358
5.381592
5.380827
5.380061
5.379295
5.378529
5.377763
5.376997
5.376231
5.375465
5.374699
5.373933
5.373166
5.372400
5.371633
5.370867
5.370100
5.369334
5.368567
5.367800
5.367034
5.366267
5.365500
5.364733
5.363966
5.363199
5.362432
5.361665
5.360897
5.360130
5.359363
5.358595
5.357828
5.357060
5.356293
5.355525
5.354757
5.353989
5.353222
5.352454
5.351686
5.350918
5.350150
5.349382
5.348613
5.347845
5.347077
5.346309
5.345540
5.344772
5.344003
5.343234
5.342466
5.341697
5.340928
5.340160
5.339391
5.338622
5.337853
5.337084
5.336315
5.335545
5.334776
5.334007
5.333237
5.332468
5.331699
5.330929
5.330159
5.329390
5.328620
5.327850
5.327081
5.326311
5.325541
5.324771
5.324001
5.323231
5.322460
5.321690
5.320920
5.320150
5.319379
5.318609
5.317838
5.317068
5.316297
5.315526
5.314756
5.313985
5.313214
5.312443
5.311672
5.310901
5.310130
5.309359
5.308588
5.307816
5.307045
5.306274
5.305502
5.304731
5.303959
5.303187
5.302416
5.301644
5.300872
5.300100
5.299329
5.298557
5.297785
5.297012
5.296240
5.295468
5.294696
5.293924
5.293151
5.292379
5.291606
5.290834
5.290061
5.289289
5.288516
5.287743
5.286970
5.286197
5.285424
5.284651
5.283878
5.283105
5.282332
5.281559
5.280786
5.280012
5.279239
5.278465
5.277692
5.276918
5.276145
5.275371
5.274597
5.273823
5.273050
5.272276
5.271502
5.270728
5.269954
5.269179
5.268405
5.267631
5.266857
5.266082
5.265308
5.264533
5.263759
5.262984
5.262209
5.261435
5.260660
5.259885
5.259110
5.258335
5.257560
5.256785
5.256010
5.255235
5.254460
5.253684
5.252909
5.252134
5.251358
5.250583
5.249807
5.249031
5.248256
5.247480
5.246704
5.245928
5.245152
5.244376
5.243600
5.242824
5.242048
5.241272
5.240496
5.239719
5.238943
5.238167
5.237390
5.236614
5.235837
5.235060
5.234284
5.233507
5.232730
5.231953
5.231176
5.230399
5.229622
5.228845
5.228068
5.227291
5.226513
5.225736
5.224959
5.224181
5.223404
5.222626
5.221848
5.221071
5.220293
5.219515
5.218737
5.217959
5.217181
5.216403
5.215625
5.214847
5.214069
5.213291
5.212512
5.211734
5.210956
5.210177
5.209399
5.208620
5.207841
5.207063
5.206284
5.205505
5.204726
5.203947
5.203168
5.202389
5.201610
5.200831
5.200052
5.199273
5.198493
5.197714
5.196934
5.196155
5.195375
5.194596
5.193816
5.193036
5.192257
5.191477
5.190697
5.189917
5.189137
5.188357
5.187577
5.186797
5.186016
5.185236
5.184456
5.183675
5.182895
5.182114
5.181334
5.180553
5.179773
5.178992
5.178211
5.177430
5.176649
5.175868
5.175087
5.174306
5.173525
5.172744
5.171963
5.171182
5.170400
5.169619
5.168837
5.168056
5.167274
5.166493
5.165711
5.164929
5.164147
5.163366
5.162584
5.161802
5.161020
5.160238
5.159455
5.158673
5.157891
5.157109
5.156326
5.155544
5.154761
5.153979
5.153196
5.152414
5.151631
5.150848
5.150066
5.149283
5.148500
5.147717
5.146934
5.146151
5.145368
5.144584
5.143801
5.143018
5.142234
5.141451
5.140668
5.139884
5.139100
5.138317
5.137533
5.136749
5.135966
5.135182
5.134398
5.133614
5.132830
5.132046
5.131262
5.130477
5.129693
5.128909
5.128125
5.127340
5.126556
5.125771
5.124987
5.124202
5.123417
5.122633
5.121848
5.121063
5.120278
5.119493
5.118708
5.117923
5.117138
5.116353
5.115567
5.114782
5.113997
5.113211
5.112426
5.111640
5.110855
5.110069
5.109283
5.108498
5.107712
5.106926
5.106140
5.105354
5.104568
5.103782
5.102996
5.102210
5.101424
5.100637
5.099851
5.099065
5.098278
5.097492
5.096705
5.095918
5.095132
5.094345
5.093558
5.092771
5.091984
5.091197
5.090410
5.089623
5.088836
5.088049
5.087262
5.086475
5.085687
5.084900
5.084112
5.083325
5.082537
5.081750
5.080962
5.080174
5.079387
5.078599
5.077811
5.077023
5.076235
5.075447
5.074659
5.073871
5.073082
5.072294
5.071506
5.070718
5.069929
5.069141
5.068352
5.067563
5.066775
5.065986
5.065197
5.064409
5.063620
5.062831
5.062042
5.061253
5.060464
5.059675
5.058885
5.058096
5.057307
5.056517
5.055728
5.054939
5.054149
5.053359
5.052570
5.051780
5.050990
5.050201
5.049411
5.048621
5.047831
5.047041
5.046251
5.045461
5.044671
5.043880
5.043090
5.042300
5.041509
5.040719
5.039928
5.039138
5.038347
5.037557
5.036766
5.035975
5.035184
5.034393
5.033602
5.032811
5.032020
5.031229
5.030438
5.029647
5.028856
5.028064
5.027273
5.026482
5.025690
5.024899
5.024107
5.023315
5.022524
5.021732
5.020940
5.020148
5.019356
5.018564
5.017772
5.016980
5.016188
5.015396
5.014604
5.013811
5.013019
5.012227
5.011434
5.010642
5.009849
5.009057
5.008264
5.007471
5.006678
5.005886
5.005093
5.004300
5.003507
5.002714
5.001921
5.001128
5.000334
4.999541
4.998748
4.997954
4.997161
4.996368
4.995574
4.994780
4.993987
4.993193
4.992399
4.991606
4.990812
4.990018
4.989224
4.988430
4.987636
4.986842
4.986048
4.985253
4.984459
4.983665
4.982870
4.982076
4.981281
4.980487
4.979692
4.978898
4.978103
4.977308
4.976513
4.975719
4.974924
4.974129
4.973334
4.972539
4.971743
4.970948
4.970153
4.969358
4.968562
4.967767
4.966972
4.966176
4.965381
4.964585
4.963789
4.962994
4.962198
4.961402
4.960606
4.959810
4.959014
4.958218
4.957422
4.956626
4.955830
4.955033
4.954237
4.953441
4.952644
4.951848
4.951051
4.950255
4.949458
4.948662
4.947865
4.947068
4.946271
4.945474
4.944677
4.943880
4.943083
4.942286
4.941489
4.940692
4.939895
4.939097
4.938300
4.937503
4.936705
4.935908
4.935110
4.934312
4.933515
4.932717
4.931919
4.931121
4.930324
4.929526
4.928728
4.927930
4.927131
4.926333
4.925535
4.924737
4.923939
4.923140
4.922342
4.921543
4.920745
4.919946
4.919148
4.918349
4.917550
4.916751
4.915953
4.915154
4.914355
4.913556
4.912757
4.911958
4.911158
4.910359
4.909560
4.908761
4.907961
4.907162
4.906362
4.905563
4.904763
4.903964
4.903164
4.902364
4.901564
4.900765
4.899965
4.899165
4.898365
4.897565
4.896765
4.895965
4.895164
4.894364
4.893564
4.892763
4.891963
4.891163
4.890362
4.889561
4.888761
4.887960
4.887159
4.886359
4.885558
4.884757
4.883956
4.883155
4.882354
4.881553
4.880752
4.879951
4.879149
4.878348
4.877547
4.876745
4.875944
4.875142
4.874341
4.873539
4.872737
4.871936
4.871134
4.870332
4.869530
4.868728
4.867926
4.867124
4.866322
4.865520
4.864718
4.863916
4.863113
4.862311
4.861509
4.860706
4.859904
4.859101
4.858299
4.857496
4.856693
4.855891
4.855088
4.854285
4.853482
4.852679
4.851876
4.851073
4.850270
4.849467
4.848663
4.847860
4.847057
4.846253
4.845450
4.844647
4.843843
4.843039
4.842236
4.841432
4.840628
4.839825
4.839021
4.838217
4.837413
4.836609
4.835805
4.835001
4.834197
4.833392
4.832588
4.831784
4.830980
4.830175
4.829371
4.828566
4.827762
4.826957
4.826152
4.825348
4.824543
4.823738
4.822933
4.822128
4.821323
4.820518
4.819713
4.818908
4.818103
4.817298
4.816492
4.815687
4.814882
4.814076
4.813271
4.812465
4.811660
4.810854
4.810048
4.809242
4.808437
4.807631
4.806825
4.806019
4.805213
4.804407
4.803601
4.802795
4.801989
4.801182
4.800376
4.799570
4.798763
4.797957
4.797150
4.796344
4.795537
4.794730
4.793924
4.793117
4.792310
4.791503
4.790696
4.789889
4.789082
4.788275
4.787468
4.786661
4.785854
4.785046
4.784239
4.783432
4.782624
4.781817
4.781009
4.780202
4.779394
4.778586
4.777779
4.776971
4.776163
4.775355
4.774547
4.773739
4.772931
4.772123
4.771315
4.770507
4.769699
4.768890
4.768082
4.767274
4.766465
4.765657
4.764848
4.764040
4.763231
4.762422
4.761613
4.760805
4.759996
4.759187
4.758378
4.757569
4.756760
4.755951
4.755142
4.754332
4.753523
4.752714
4.751905
4.751095
4.750286
4.749476
4.748667
4.747857
4.747047
4.746238
4.745428
4.744618
4.743808
4.742998
4.742188
4.741378
4.740568
4.739758
4.738948
4.738138
4.737328
4.736517
4.735707
4.734897
4.734086
4.733276
4.732465
4.731654
4.730844
4.730033
4.729222
4.728412
4.727601
4.726790
4.725979
4.725168
4.724357
4.723546
4.722734
4.721923
4.721112
4.720301
4.719489
4.718678
4.717866
4.717055
4.716243
4.715432
4.714620
4.713808
4.712997
4.712185
4.711373
4.710561
4.709749
4.708937
4.708125
4.707313
4.706501
4.705689
4.704876
4.704064
4.703252
4.702439
4.701627
4.700814
4.700002
4.699189
4.698376
4.697564
4.696751
4.695938
4.695125
4.694312
4.693499
4.692686
4.691873
4.691060
4.690247
4.689434
4.688621
4.687807
4.686994
4.686181
4.685367
4.684554
4.683740
4.682926
4.682113
4.681299
4.680485
4.679672
4.678858
4.678044
4.677230
4.676416
4.675602
4.674788
4.673974
4.673159
4.672345
4.671531
4.670717
4.669902
4.669088
4.668273
4.667459
4.666644
4.665829
4.665015
4.664200
4.663385
4.662570
4.661755
4.660941
4.660126
4.659311
4.658495
4.657680
4.656865
4.656050
4.655235
4.654419
4.653604
4.652788
4.651973
4.651157
4.650342
4.649526
4.648711
4.647895
4.647079
4.646263
4.645447
4.644631
4.643816
4.643000
4.642183
4.641367
4.640551
4.639735
4.638919
4.638102
4.637286
4.636470
4.635653
4.634837
4.634020
4.633203
4.632387
4.631570
4.630753
4.629937
4.629120
4.628303
4.627486
4.626669
4.625852
4.625035
4.624218
4.623400
4.622583
4.621766
4.620949
4.620131
4.619314
4.618496
4.617679
4.616861
4.616044
4.615226
4.614408
4.613590
4.612773
4.611955
4.611137
4.610319
4.609501
4.608683
4.607865
4.607046
4.606228
4.605410
4.604592
4.603773
4.602955
4.602136
4.601318
4.600499
4.599681
4.598862
4.598043
4.597225
4.596406
4.595587
4.594768
4.593949
4.593130
4.592311
4.591492
4.590673
4.589854
4.589035
4.588215
4.587396
4.586577
4.585757
4.584938
4.584118
4.583299
4.582479
4.581659
4.580840
4.580020
4.579200
4.578380
4.577560
4.576740
4.575920
4.575100
4.574280
4.573460
4.572640
4.571820
4.570999
4.570179
4.569359
4.568538
4.567718
4.566897
4.566076
4.565256
4.564435
4.563614
4.562794
4.561973
4.561152
4.560331
4.559510
4.558689
4.557868
4.557047
4.556226
4.555405
4.554583
4.553762
4.552941
4.552119
4.551298
4.550476
4.549655
4.548833
4.548012
4.547190
4.546368
4.545546
4.544725
4.543903
4.543081
4.542259
4.541437
4.540615
4.539793
4.538971
4.538148
4.537326
4.536504
4.535681
4.534859
4.534037
4.533214
4.532392
4.531569
4.530746
4.529924
4.529101
4.528278
4.527455
4.526632
4.525809
4.524987
4.524164
4.523340
4.522517
4.521694
4.520871
4.520048
4.519224
4.518401
4.517578
4.516754
4.515931
4.515107
4.514284
4.513460
4.512636
4.511813
4.510989
4.510165
4.509341
4.508517
4.507693
4.506869
4.506045
4.505221
4.504397
4.503573
4.502748
4.501924
4.501100
4.500275
4.499451
4.498627
4.497802
4.496977
4.496153
4.495328
4.494503
4.493679
4.492854
4.492029
4.491204
4.490379
4.489554
4.488729
4.487904
4.487079
4.486254
4.485428
4.484603
4.483778
4.482952
4.482127
4.481302
4.480476
4.479650
4.478825
4.477999
4.477173
4.476348
4.475522
4.474696
4.473870
4.473044
4.472218
4.471392
4.470566
4.469740
4.468914
4.468088
4.467261
4.466435
4.465609
4.464782
4.463956
4.463129
4.462303
4.461476
4.460650
4.459823
4.458996
4.458169
4.457343
4.456516
4.455689
4.454862
4.454035
4.453208
4.452381
4.451553
4.450726
4.449899
4.449072
4.448244
4.447417
4.446590
4.445762
4.444935
4.444107
4.443279
4.442452
4.441624
4.440796
4.439968
4.439141
4.438313
4.437485
4.436657
4.435829
4.435001
4.434172
4.433344
4.432516
4.431688
4.430859
4.430031
4.429203
4.428374
4.427546
4.426717
4.425889
4.425060
4.424231
4.423403
4.422574
4.421745
4.420916
4.420087
4.419258
4.418429
4.417600
4.416771
4.415942
4.415113
4.414283
4.413454
4.412625
4.411795
4.410966
4.410137
4.409307
4.408478
4.407648
4.406818
4.405989
4.405159
4.404329
4.403499
4.402669
4.401839
4.401009
4.400179
4.399349
4.398519
4.397689
4.396859
4.396029
4.395198
4.394368
4.393538
4.392707
4.391877
4.391046
4.390216
4.389385
4.388554
4.387724
4.386893
4.386062
4.385231
4.384400
4.383569
4.382738
4.381907
4.381076
4.380245
4.379414
4.378583
4.377752
4.376920
4.376089
4.375257
4.374426
4.373595
4.372763
4.371931
4.371100
4.370268
4.369436
4.368605
4.367773
4.366941
4.366109
4.365277
4.364445
4.363613
4.362781
4.361949
4.361117
4.360285
4.359452
4.358620
4.357788
4.356955
4.356123
4.355290
4.354458
4.353625
4.352793
4.351960
4.351127
4.350295
4.349462
4.348629
4.347796
4.346963
4.346130
4.345297
4.344464
4.343631
4.342798
4.341965
4.341131
4.340298
4.339465
4.338631
4.337798
4.336964
4.336131
4.335297
4.334464
4.333630
4.332796
4.331963
4.331129
4.330295
4.329461
4.328627
4.327793
4.326959
4.326125
4.325291
4.324457
4.323623
4.322788
4.321954
4.321120
4.320285
4.319451
4.318616
4.317782
4.316947
4.316113
4.315278
4.314443
4.313609
4.312774
4.311939
4.311104
4.310269
4.309434
4.308599
4.307764
4.306929
4.306094
4.305259
4.304424
4.303588
4.302753
4.301918
4.301082
4.300247
4.299411
4.298576
4.297740
4.296905
4.296069
4.295233
4.294397
4.293562
4.292726
4.291890
4.291054
4.290218
4.289382
4.288546
4.287710
4.286873
4.286037
4.285201
4.284365
4.283528
4.282692
4.281856
4.281019
4.280183
4.279346
4.278509
4.277673
4.276836
4.275999
4.275162
4.274326
4.273489
4.272652
4.271815
4.270978
4.270141
4.269304
4.268467
4.267629
4.266792
4.265955
4.265118
4.264280
4.263443
4.262605
4.261768
4.260930
4.260093
4.259255
4.258417
4.257580
4.256742
4.255904
4.255066
4.254228
4.253391
4.252553
4.251715
4.250876
4.250038
4.249200
4.248362
4.247524
4.246685
4.245847
4.245009
4.244170
4.243332
4.242493
4.241655
4.240816
4.239978
4.239139
4.238300
4.237461
4.236623
4.235784
4.234945
4.234106
4.233267
4.232428
4.231589
4.230750
4.229910
4.229071
4.228232
4.227393
4.226553
4.225714
4.224875
4.224035
4.223196
4.222356
4.221516
4.220677
4.219837
4.218997
4.218158
4.217318
4.216478
4.215638
4.214798
4.213958
4.213118
4.212278
4.211438
4.210598
4.209757
4.208917
4.208077
4.207237
4.206396
4.205556
4.204715
4.203875
4.203034
4.202194
4.201353
4.200512
4.199671
4.198831
4.197990
4.197149
4.196308
4.195467
4.194626
4.193785
4.192944
4.192103
4.191262
4.190421
4.189579
4.188738
4.187897
4.187055
4.186214
4.185372
4.184531
4.183689
4.182848
4.182006
4.181164
4.180323
4.179481
4.178639
4.177797
4.176955
4.176113
4.175271
4.174429
4.173587
4.172745
4.171903
4.171061
4.170219
4.169376
4.168534
4.167692
4.166849
4.166007
4.165164
4.164322
4.163479
4.162636
4.161794
4.160951
4.160108
4.159266
4.158423
4.157580
4.156737
4.155894
4.155051
4.154208
4.153365
4.152522
4.151678
4.150835
4.149992
4.149149
4.148305
4.147462
4.146618
4.145775
4.144931
4.144088
4.143244
4.142400
4.141557
4.140713
4.139869
4.139025
4.138182
4.137338
4.136494
4.135650
4.134806
4.133962
4.133117
4.132273
4.131429
4.130585
4.129741
4.128896
4.128052
4.127207
4.126363
4.125518
4.124674
4.123829
4.122985
4.122140
4.121295
4.120450
4.119606
4.118761
4.117916
4.117071
4.116226
4.115381
4.114536
4.113691
4.112846
4.112001
4.111155
4.110310
4.109465
4.108619
4.107774
4.106929
4.106083
4.105237
4.104392
4.103546
4.102701
4.101855
4.101009
4.100163
4.099318
4.098472
4.097626
4.096780
4.095934
4.095088
4.094242
4.093396
4.092550
4.091703
4.090857
4.090011
4.089165
4.088318
4.087472
4.086625
4.085779
4.084932
4.084086
4.083239
4.082392
4.081546
4.080699
4.079852
4.079005
4.078159
4.077312
4.076465
4.075618
4.074771
4.073924
4.073076
4.072229
4.071382
4.070535
4.069688
4.068840
4.067993
4.067145
4.066298
4.065450
4.064603
4.063755
4.062908
4.062060
4.061212
4.060365
4.059517
4.058669
4.057821
4.056973
4.056125
4.055277
4.054429
4.053581
4.052733
4.051885
4.051037
4.050188
4.049340
4.048492
4.047643
4.046795
4.045947
4.045098
4.044250
4.043401
4.042552
4.041704
4.040855
4.040006
4.039158
4.038309
4.037460
4.036611
4.035762
4.034913
4.034064
4.033215
4.032366
4.031517
4.030667
4.029818
4.028969
4.028120
4.027270
4.026421
4.025571
4.024722
4.023872
4.023023
4.022173
4.021324
4.020474
4.019624
4.018774
4.017925
4.017075
4.016225
4.015375
4.014525
4.013675
4.012825
4.011975
4.011125
4.010274
4.009424
4.008574
4.007724
4.006873
4.006023
4.005172
4.004322
4.003471
4.002621
4.001770
4.000920
4.000069
3.999218
3.998368
3.997517
3.996666
3.995815
3.994964
3.994113
3.993262
3.992411
3.991560
3.990709
3.989858
3.989007
3.988155
3.987304
3.986453
3.985601
3.984750
3.983898
3.983047
3.982195
3.981344
3.980492
3.979641
3.978789
3.977937
3.977085
3.976234
3.975382
3.974530
3.973678
3.972826
3.971974
3.971122
3.970270
3.969418
3.968565
3.967713
3.966861
3.966009
3.965156
3.964304
3.963452
3.962599
3.961747
3.960894
3.960041
3.959189
3.958336
3.957483
3.956631
3.955778
3.954925
3.954072
3.953219
3.952366
3.951513
3.950660
3.949807
3.948954
3.948101
3.947248
3.946395
3.945541
3.944688
3.943835
3.942981
3.942128
3.941274
3.940421
3.939567
3.938714
3.937860
3.937006
3.936153
3.935299
3.934445
3.933591
3.932737
3.931884
3.931030
3.930176
3.929322
3.928468
3.927613
3.926759
3.925905
3.925051
3.924197
3.923342
3.922488
3.921634
3.920779
3.919925
3.919070
3.918216
3.917361
3.916506
3.915652
3.914797
3.913942
3.913087
3.912233
3.911378
3.910523
3.909668
3.908813
3.907958
3.907103
3.906248
3.905393
3.904537
3.903682
3.902827
3.901972
3.901116
3.900261
3.899405
3.898550
3.897694
3.896839
3.895983
3.895128
3.894272
3.893416
3.892561
3.891705
3.890849
3.889993
3.889137
3.888281
3.887425
3.886569
3.885713
3.884857
3.884001
3.883145
3.882289
3.881432
3.880576
3.879720
3.878863
3.878007
3.877150
3.876294
3.875437
3.874581
3.873724
3.872868
3.872011
3.871154
3.870297
3.869441
3.868584
3.867727
3.866870
3.866013
3.865156
3.864299
3.863442
3.862585
3.861728
3.860870
3.860013
3.859156
3.858299
3.857441
3.856584
3.855726
3.854869
3.854011
3.853154
3.852296
3.851439
3.850581
3.849723
3.848866
3.848008
3.847150
3.846292
3.845434
3.844576
3.843718
3.842860
3.842002
3.841144
3.840286
3.839428
3.838570
3.837711
3.836853
3.835995
3.835136
3.834278
3.833419
3.832561
3.831702
3.830844
3.829985
3.829127
3.828268
3.827409
3.826551
3.825692
3.824833
3.823974
3.823115
3.822256
3.821397
3.820538
3.819679
3.818820
3.817961
3.817102
3.816242
3.815383
3.814524
3.813665
3.812805
3.811946
3.811086
3.810227
3.809367
3.808508
3.807648
3.806788
3.805929
3.805069
3.804209
3.803349
3.802490
3.801630
3.800770
3.799910
3.799050
3.798190
3.797330
3.796470
3.795610
3.794749
3.793889
3.793029
3.792169
3.791308
3.790448
3.789587
3.788727
3.787867
3.787006
3.786145
3.785285
3.784424
3.783564
3.782703
3.781842
3.780981
3.780120
3.779260
3.778399
3.777538
3.776677
3.775816
3.774955
3.774094
3.773232
3.772371
3.771510
3.770649
3.769787
3.768926
3.768065
3.767203
3.766342
3.765480
3.764619
3.763757
3.762896
3.762034
3.761172
3.760311
3.759449
3.758587
3.757725
3.756864
3.756002
3.755140
3.754278
3.753416
3.752554
3.751692
3.750829
3.749967
3.749105
3.748243
3.747381
3.746518
3.745656
3.744793
3.743931
3.743069
3.742206
3.741344
3.740481
3.739618
3.738756
3.737893
3.737030
3.736168
3.735305
3.734442
3.733579
3.732716
3.731853
3.730990
3.730127
3.729264
3.728401
3.727538
3.726675
3.725811
3.724948
3.724085
3.723221
3.722358
3.721495
3.720631
3.719768
3.718904
3.718041
3.717177
3.716313
3.715450
3.714586
3.713722
3.712859
3.711995
3.711131
3.710267
3.709403
3.708539
3.707675
3.706811
3.705947
3.705083
3.704219
3.703355
3.702490
3.701626
3.700762
3.699897
3.699033
3.698169
3.697304
3.696440
3.695575
3.694711
3.693846
3.692981
3.692117
3.691252
3.690387
3.689522
3.688658
3.687793
3.686928
3.686063
3.685198
3.684333
3.683468
3.682603
3.681738
3.680873
3.680007
3.679142
3.678277
3.677412
3.676546
3.675681
3.674815
3.673950
3.673084
3.672219
3.671353
3.670488
3.669622
3.668756
3.667891
3.667025
3.666159
3.665293
3.664428
3.663562
3.662696
3.661830
3.660964
3.660098
3.659232
3.658366
3.657499
3.656633
3.655767
3.654901
3.654034
3.653168
3.652302
3.651435
3.650569
3.649702
3.648836
3.647969
3.647103
3.646236
3.645369
3.644503
3.643636
3.642769
3.641902
3.641036
3.640169
3.639302
3.638435
3.637568
3.636701
3.635834
3.634967
3.634099
3.633232
3.632365
3.631498
3.630631
3.629763
3.628896
3.628028
3.627161
3.626294
3.625426
3.624559
3.623691
3.622823
3.621956
3.621088
3.620220
3.619353
3.618485
3.617617
3.616749
3.615881
3.615013
3.614145
3.613277
3.612409
3.611541
3.610673
3.609805
3.608937
3.608068
3.607200
3.606332
3.605464
3.604595
3.603727
3.602858
3.601990
3.601121
3.600253
3.599384
3.598516
3.597647
3.596778
3.595909
3.595041
3.594172
3.593303
3.592434
3.591565
3.590696
3.589827
3.588958
3.588089
3.587220
3.586351
3.585482
3.584613
3.583743
3.582874
3.582005
3.581136
3.580266
3.579397
3.578527
3.577658
3.576788
3.575919
3.575049
3.574180
3.573310
3.572440
3.571570
3.570701
3.569831
3.568961
3.568091
3.567221
3.566351
3.565481
3.564611
3.563741
3.562871
3.562001
3.561131
3.560261
3.559390
3.558520
3.557650
3.556780
3.555909
3.555039
3.554168
3.553298
3.552427
3.551557
3.550686
3.549816
3.548945
3.548074
3.547203
3.546333
3.545462
3.544591
3.543720
3.542849
3.541978
3.541107
3.540236
3.539365
3.538494
3.537623
3.536752
3.535881
3.535010
3.534138
3.533267
3.532396
3.531524
3.530653
3.529781
3.528910
3.528038
3.527167
3.526295
3.525424
3.524552
3.523680
3.522809
3.521937
3.521065
3.520193
3.519322
3.518450
3.517578
3.516706
3.515834
3.514962
3.514090
3.513218
3.512345
3.511473
3.510601
3.509729
3.508857
3.507984
3.507112
3.506239
3.505367
3.504495
3.503622
3.502750
3.501877
3.501004
3.500132
3.499259
3.498386
3.497514
3.496641
3.495768
3.494895
3.494022
3.493150
3.492277
3.491404
3.490531
3.489658
3.488785
3.487911
3.487038
3.486165
3.485292
3.484419
3.483545
3.482672
3.481799
3.480925
3.480052
3.479178
3.478305
3.477431
3.476558
3.475684
3.474811
3.473937
3.473063
3.472190
3.471316
3.470442
3.469568
3.468694
3.467820
3.466946
3.466072
3.465198
3.464324
3.463450
3.462576
3.461702
3.460828
3.459954
3.459079
3.458205
3.457331
3.456456
3.455582
3.454708
3.453833
3.452959
3.452084
3.451210
3.450335
3.449460
3.448586
3.447711
3.446836
3.445962
3.445087
3.444212
3.443337
3.442462
3.441587
3.440712
3.439837
3.438962
3.438087
3.437212
3.436337
3.435462
3.434586
3.433711
3.432836
3.431961
3.431085
3.430210
3.429335
3.428459
3.427584
3.426708
3.425833
3.424957
3.424081
3.423206
3.422330
3.421454
3.420579
3.419703
3.418827
3.417951
3.417075
3.416199
3.415323
3.414447
3.413571
3.412695
3.411819
3.410943
3.410067
3.409191
3.408314
3.407438
3.406562
3.405686
3.404809
3.403933
3.403056
3.402180
3.401303
3.400427
3.399550
3.398674
3.397797
3.396920
3.396044
3.395167
3.394290
3.393414
3.392537
3.391660
3.390783
3.389906
3.389029
3.388152
3.387275
3.386398
3.385521
3.384644
3.383767
3.382889
3.382012
3.381135
3.380258
3.379380
3.378503
3.377625
3.376748
3.375871
3.374993
3.374116
3.373238
3.372360
3.371483
3.370605
3.369727
3.368850
3.367972
3.367094
3.366216
3.365338
3.364460
3.363583
3.362705
3.361827
3.360949
3.360070
3.359192
3.358314
3.357436
3.356558
3.355680
3.354801
3.353923
3.353045
3.352166
3.351288
3.350410
3.349531
3.348653
3.347774
3.346896
3.346017
3.345138
3.344260
3.343381
3.342502
3.341623
3.340745
3.339866
3.338987
3.338108
3.337229
3.336350
3.335471
3.334592
3.333713
3.332834
3.331955
3.331076
3.330197
3.329317
3.328438
3.327559
3.326680
3.325800
3.324921
3.324041
3.323162
3.322282
3.321403
3.320523
3.319644
3.318764
3.317885
3.317005
3.316125
3.315245
3.314366
3.313486
3.312606
3.311726
3.310846
3.309966
3.309086
3.308206
3.307326
3.306446
3.305566
3.304686
3.303806
3.302926
3.302045
3.301165
3.300285
3.299404
3.298524
3.297644
3.296763
3.295883
3.295002
3.294122
3.293241
3.292361
3.291480
3.290599
3.289719
3.288838
3.287957
3.287076
3.286196
3.285315
3.284434
3.283553
3.282672
3.281791
3.280910
3.280029
3.279148
3.278267
3.277386
3.276505
3.275623
3.274742
3.273861
3.272980
3.272098
3.271217
3.270335
3.269454
3.268573
3.267691
3.266810
3.265928
3.265046
3.264165
3.263283
3.262401
3.261520
3.260638
3.259756
3.258874
3.257993
3.257111
3.256229
3.255347
3.254465
3.253583
3.252701
3.251819
3.250937
3.250054
3.249172
3.248290
3.247408
3.246526
3.245643
3.244761
3.243879
3.242996
3.242114
3.241231
3.240349
3.239466
3.238584
3.237701
3.236819
3.235936
3.235053
3.234171
3.233288
3.232405
3.231522
3.230640
3.229757
3.228874
3.227991
3.227108
3.226225
3.225342
3.224459
3.223576
3.222693
3.221809
3.220926
3.220043
3.219160
3.218277
3.217393
3.216510
3.215627
3.214743
3.213860
3.212976
3.212093
3.211209
3.210326
3.209442
3.208558
3.207675
3.206791
3.205907
3.205024
3.204140
3.203256
3.202372
3.201488
3.200604
3.199721
3.198837
3.197953
3.197069
3.196185
3.195300
3.194416
3.193532
3.192648
3.191764
3.190880
3.189995
3.189111
3.188227
3.187342
3.186458
3.185573
3.184689
3.183804
3.182920
3.182035
3.181151
3.180266
3.179381
3.178497
3.177612
3.176727
3.175843
3.174958
3.174073
3.173188
3.172303
3.171418
3.170533
3.169648
3.168763
3.167878
3.166993
3.166108
3.165223
3.164338
3.163452
3.162567
3.161682
3.160797
3.159911
3.159026
3.158141
3.157255
3.156370
3.155484
3.154599
3.153713
3.152828
3.151942
3.151056
3.150171
3.149285
3.148399
3.147513
3.146628
3.145742
3.144856
3.143970
3.143084
3.142198
3.141312
3.140426
3.139540
3.138654
3.137768
3.136882
3.135996
3.135110
3.134223
3.133337
3.132451
3.131564
3.130678
3.129792
3.128905
3.128019
3.127132
3.126246
3.125359
3.124473
3.123586
3.122700
3.121813
3.120926
3.120040
3.119153
3.118266
3.117379
3.116492
3.115606
3.114719
3.113832
3.112945
3.112058
3.111171
3.110284
3.109397
3.108510
3.107622
3.106735
3.105848
3.104961
3.104074
3.103186
3.102299
3.101412
3.100524
3.099637
3.098749
3.097862
3.096975
3.096087
